Date,Open,High,Low,Close,Volume,Adj_Close
2016-04-01,0.37,0.385,0.37,0.375,416000,0.375
2016-03-31,0.375,0.375,0.365,0.375,166000,0.375
2016-03-30,0.405,0.405,0.36,0.365,428000,0.365
2016-03-29,0.39,0.39,0.375,0.375,542000,0.375
2016-03-28,0.405,0.405,0.405,0.405,000,0.405
2016-03-25,0.405,0.405,0.405,0.405,000,0.405
2016-03-24,0.405,0.405,0.405,0.405,000,0.405
2016-03-23,0.415,0.415,0.415,0.415,2000,0.415
2016-03-22,0.40,0.41,0.395,0.41,108000,0.41
2016-03-21,0.39,0.41,0.39,0.405,148000,0.405
2016-03-18,0.40,0.40,0.385,0.39,24000,0.39
2016-03-17,0.43,0.43,0.395,0.395,528000,0.395
2016-03-16,0.44,0.44,0.39,0.39,46000,0.39
2016-03-15,0.40,0.40,0.39,0.395,140000,0.395
2016-03-14,0.395,0.405,0.395,0.405,366000,0.405
2016-03-11,0.39,0.40,0.39,0.395,428000,0.395
2016-03-10,0.395,0.395,0.395,0.395,000,0.395
2016-03-09,0.395,0.395,0.395,0.395,42000,0.395
2016-03-08,0.41,0.41,0.395,0.40,200000,0.40
2016-03-07,0.395,0.435,0.395,0.41,1076000,0.41
2016-03-04,0.35,0.385,0.35,0.38,2106000,0.38
2016-03-03,0.355,0.355,0.345,0.355,1620000,0.355
2016-03-02,0.335,0.355,0.33,0.355,559000,0.355
2016-03-01,0.335,0.35,0.335,0.335,1066000,0.335
2016-02-29,0.35,0.35,0.35,0.35,54000,0.35
2016-02-26,0.35,0.35,0.35,0.355,129000,0.355
2016-02-25,0.345,0.345,0.345,0.35,38000,0.35
2016-02-24,0.355,0.355,0.35,0.35,116000,0.35
2016-02-23,0.35,0.355,0.35,0.35,126000,0.35
2016-02-22,0.355,0.365,0.34,0.365,886000,0.365
2016-02-19,0.345,0.355,0.345,0.355,156000,0.355
2016-02-18,0.35,0.355,0.345,0.35,162000,0.35
2016-02-17,0.335,0.35,0.335,0.35,10000,0.35
2016-02-16,0.335,0.335,0.335,0.335,000,0.335
2016-02-15,0.34,0.35,0.33,0.335,638000,0.335
2016-02-12,0.335,0.34,0.335,0.34,428000,0.34
2016-02-11,0.34,0.34,0.335,0.335,424000,0.335
2016-02-10,0.35,0.35,0.35,0.35,000,0.35
2016-02-09,0.35,0.35,0.35,0.35,000,0.35
2016-02-08,0.35,0.35,0.35,0.35,000,0.35
2016-02-05,0.35,0.35,0.35,0.35,000,0.35
2016-02-04,0.33,0.35,0.33,0.35,2610000,0.35
2016-02-03,0.33,0.345,0.33,0.345,684000,0.345
2016-02-02,0.34,0.355,0.34,0.35,86000,0.35
2016-02-01,0.34,0.34,0.34,0.34,10000,0.34
2016-01-29,0.325,0.325,0.32,0.325,430000,0.325
2016-01-28,0.32,0.32,0.32,0.32,40000,0.32
2016-01-27,0.345,0.345,0.32,0.33,424000,0.33
2016-01-26,0.335,0.335,0.33,0.33,340000,0.33
2016-01-25,0.32,0.33,0.32,0.32,523000,0.32
2016-01-22,0.33,0.33,0.32,0.32,1194000,0.32
2016-01-21,0.33,0.335,0.33,0.33,920000,0.33
2016-01-20,0.345,0.345,0.33,0.33,755000,0.33
2016-01-19,0.33,0.345,0.335,0.34,126000,0.34
2016-01-18,0.36,0.37,0.33,0.33,2834000,0.33
2016-01-15,0.38,0.38,0.345,0.345,262000,0.345
2016-01-14,0.365,0.365,0.335,0.345,1276000,0.345
2016-01-13,0.35,0.35,0.35,0.35,60000,0.35
2016-01-12,0.36,0.36,0.34,0.345,1272000,0.345
2016-01-11,0.355,0.37,0.355,0.36,1042000,0.36
2016-01-08,0.36,0.36,0.36,0.36,260000,0.36
2016-01-07,0.38,0.38,0.37,0.375,480000,0.375
2016-01-06,0.385,0.385,0.375,0.38,1166000,0.38
2016-01-05,0.385,0.385,0.38,0.385,666000,0.385
2016-01-04,0.39,0.395,0.38,0.385,776000,0.385
2016-01-01,0.40,0.40,0.40,0.40,000,0.40
2015-12-31,0.40,0.40,0.40,0.40,000,0.40
2015-12-30,0.395,0.40,0.395,0.40,286000,0.40
2015-12-29,0.39,0.39,0.39,0.39,130000,0.39
2015-12-28,0.39,0.39,0.385,0.39,600000,0.39
2015-12-25,0.39,0.39,0.39,0.39,000,0.39
2015-12-24,0.39,0.39,0.39,0.39,200000,0.39
2015-12-23,0.38,0.395,0.38,0.395,1486000,0.395
2015-12-22,0.39,0.39,0.375,0.385,666000,0.385
2015-12-21,0.375,0.40,0.375,0.39,548000,0.39
2015-12-18,0.375,0.375,0.375,0.38,96000,0.38
2015-12-17,0.375,0.375,0.375,0.38,20000,0.38
2015-12-16,0.375,0.375,0.375,0.38,4000,0.38
2015-12-15,0.385,0.385,0.38,0.38,54000,0.38
2015-12-14,0.385,0.385,0.385,0.385,10000,0.385
2015-12-11,0.39,0.39,0.385,0.385,776000,0.385
2015-12-10,0.385,0.395,0.385,0.385,272000,0.385
2015-12-09,0.385,0.40,0.375,0.385,3345000,0.385
2015-12-08,0.395,0.395,0.385,0.385,252000,0.385
2015-12-07,0.40,0.40,0.395,0.395,394000,0.395
2015-12-04,0.40,0.40,0.40,0.40,80000,0.40
2015-12-03,0.40,0.405,0.395,0.40,1702000,0.40
2015-12-02,0.405,0.405,0.40,0.405,1678000,0.405
2015-12-01,0.42,0.42,0.395,0.40,1618000,0.40
2015-11-30,0.42,0.42,0.42,0.42,000,0.42
2015-11-27,0.435,0.435,0.42,0.42,864000,0.42
2015-11-26,0.445,0.445,0.425,0.435,482000,0.435
2015-11-25,0.415,0.44,0.415,0.44,752000,0.44
2015-11-24,0.40,0.415,0.40,0.415,448000,0.415
2015-11-23,0.41,0.41,0.40,0.405,768000,0.405
2015-11-20,0.415,0.415,0.37,0.40,626000,0.40
2015-11-19,0.40,0.42,0.40,0.415,9137000,0.415
2015-11-18,0.40,0.405,0.395,0.40,1236000,0.40
2015-11-17,0.405,0.415,0.40,0.41,656000,0.41
2015-11-16,0.41,0.41,0.40,0.405,982000,0.405
2015-11-13,0.43,0.44,0.42,0.42,466000,0.42
2015-11-12,0.445,0.445,0.415,0.43,2480000,0.43
2015-11-11,0.425,0.445,0.425,0.445,518000,0.445
2015-11-10,0.465,0.465,0.45,0.46,474000,0.46
2015-11-09,0.46,0.475,0.46,0.465,242000,0.465
2015-11-06,0.45,0.455,0.45,0.455,108000,0.455
2015-11-05,0.455,0.455,0.45,0.455,1360000,0.455
2015-11-04,0.48,0.48,0.46,0.46,1882000,0.46
2015-11-03,0.465,0.48,0.465,0.47,450000,0.47
2015-11-02,0.47,0.47,0.465,0.465,786000,0.465
2015-10-30,0.49,0.49,0.47,0.475,1184000,0.475
2015-10-29,0.51,0.53,0.475,0.49,6993000,0.49
2015-10-28,0.57,0.57,0.55,0.56,560000,0.56
2015-10-27,0.56,0.59,0.55,0.57,1917900,0.57
2015-10-26,0.60,0.60,0.55,0.56,2366000,0.56
2015-10-23,0.63,0.65,0.62,0.62,523800,0.62
2015-10-22,0.62,0.65,0.62,0.65,809000,0.65
2015-10-21,0.63,0.63,0.63,0.63,000,0.63
2015-10-20,0.62,0.63,0.61,0.63,584000,0.63
2015-10-19,0.60,0.65,0.60,0.65,300000,0.65
2015-10-16,0.64,0.64,0.64,0.64,000,0.64
2015-10-15,0.62,0.64,0.62,0.64,164000,0.64
2015-10-14,0.63,0.63,0.62,0.62,810000,0.62
2015-10-13,0.63,0.66,0.63,0.64,1174000,0.64
2015-10-12,0.58,0.65,0.58,0.65,2894000,0.65
2015-10-09,0.59,0.60,0.59,0.59,451000,0.59
2015-10-08,0.62,0.62,0.59,0.60,156000,0.60
2015-10-07,0.56,0.63,0.56,0.62,1640000,0.62
2015-10-06,0.55,0.59,0.53,0.57,1624000,0.57
2015-10-05,0.53,0.53,0.52,0.53,396000,0.53
2015-10-02,0.52,0.52,0.51,0.52,868000,0.52
2015-10-01,0.53,0.53,0.53,0.53,000,0.53
2015-09-30,0.55,0.55,0.53,0.53,768000,0.53
2015-09-29,0.54,0.55,0.51,0.54,972000,0.54
2015-09-28,0.54,0.54,0.54,0.54,000,0.54
2015-09-25,0.57,0.57,0.53,0.54,1596000,0.54
2015-09-24,0.63,0.63,0.54,0.56,5586000,0.56
2015-09-23,0.63,0.63,0.61,0.61,174000,0.61
2015-09-22,0.63,0.63,0.61,0.63,32000,0.63
2015-09-21,0.60,0.64,0.60,0.64,216000,0.64
2015-09-18,0.60,0.63,0.60,0.63,718000,0.63
2015-09-17,0.67,0.67,0.60,0.60,1372000,0.60
2015-09-16,0.69,0.69,0.65,0.65,1188000,0.65
2015-09-15,0.68,0.68,0.66,0.66,394000,0.66
2015-09-14,0.70,0.70,0.66,0.67,920000,0.67
2015-09-11,0.68,0.70,0.68,0.69,742000,0.69
2015-09-10,0.64,0.68,0.62,0.67,776000,0.67
2015-09-09,0.72,0.72,0.63,0.64,6273000,0.64
2015-09-08,0.71,0.72,0.70,0.71,1060000,0.71
2015-09-07,0.70,0.71,0.70,0.71,406000,0.71
2015-09-04,0.70,0.72,0.68,0.72,768000,0.72
2015-09-03,0.72,0.72,0.72,0.72,000,0.72
2015-09-02,0.72,0.76,0.70,0.72,1256000,0.72
2015-09-01,0.76,0.77,0.74,0.76,324000,0.76
2015-08-31,0.74,0.79,0.72,0.78,204000,0.78
2015-08-28,0.76,0.80,0.75,0.76,1940000,0.76
2015-08-27,0.71,0.82,0.68,0.75,3080000,0.75
2015-08-26,0.64,0.71,0.60,0.68,2253000,0.68
2015-08-25,0.59,0.68,0.57,0.64,3706000,0.64
2015-08-24,0.70,0.71,0.58,0.60,2553000,0.60
2015-08-21,0.72,0.77,0.70,0.74,746000,0.74
2015-08-20,0.74,0.76,0.70,0.72,2494000,0.72
2015-08-19,0.74,0.76,0.72,0.76,402000,0.76
2015-08-18,0.76,0.81,0.73,0.76,1656000,0.76
2015-08-17,0.82,0.83,0.75,0.78,1212000,0.78
2015-08-14,0.81,0.81,0.78,0.80,1304000,0.80
2015-08-13,0.79,0.80,0.76,0.79,982000,0.79
2015-08-12,0.81,0.81,0.76,0.79,3768000,0.79
2015-08-11,0.80,0.85,0.80,0.81,4186000,0.81
2015-08-10,0.74,0.79,0.74,0.78,1424000,0.78
2015-08-07,0.73,0.78,0.73,0.76,2812000,0.76
2015-08-06,0.73,0.76,0.72,0.73,2050000,0.73
2015-08-05,0.78,0.79,0.72,0.75,3386000,0.75
2015-08-04,0.75,0.80,0.68,0.78,9630000,0.78
2015-08-03,0.81,0.85,0.73,0.74,20372000,0.74
2015-07-31,0.91,0.94,0.83,0.84,14668000,0.84
2015-07-30,0.96,0.98,0.88,0.89,35198000,0.89
2015-07-29,0.92,1.07,0.87,0.98,113134000,0.98
2015-07-28,0.85,0.85,0.85,0.85,000,0.85
2015-07-27,0.75,0.87,0.75,0.85,36434000,0.85
2015-07-24,0.80,0.80,0.76,0.79,1452000,0.79
2015-07-23,0.74,0.79,0.74,0.78,3844000,0.78
2015-07-22,0.76,0.78,0.75,0.76,2476000,0.76
2015-07-21,0.79,0.79,0.76,0.78,1628000,0.78
2015-07-20,0.80,0.80,0.74,0.78,3472000,0.78
2015-07-17,0.82,0.86,0.79,0.81,14088000,0.81
2015-07-16,0.70,0.82,0.68,0.82,21456000,0.82
2015-07-15,0.71,0.72,0.65,0.72,10072000,0.72
2015-07-14,0.68,0.72,0.67,0.68,5158000,0.68
2015-07-13,0.55,0.70,0.53,0.69,10170000,0.69
2015-07-10,0.50,0.60,0.50,0.57,7354000,0.57
2015-07-09,0.43,0.53,0.43,0.495,7126000,0.495
2015-07-08,0.53,0.53,0.42,0.42,12906000,0.42
2015-07-07,0.59,0.60,0.54,0.57,6188000,0.57
2015-07-06,0.73,0.74,0.495,0.59,15278000,0.59
2015-07-03,0.76,0.76,0.68,0.70,7042000,0.70
2015-07-02,0.78,0.81,0.73,0.77,8452000,0.77
2015-07-01,0.82,0.82,0.82,0.82,000,0.82
2015-06-30,0.80,0.84,0.72,0.82,7458000,0.82
2015-06-29,0.86,0.90,0.78,0.83,13254000,0.83
2015-06-26,0.74,0.88,0.74,0.85,23067900,0.85
2015-06-25,0.76,0.80,0.73,0.75,2572000,0.75
2015-06-24,0.77,0.79,0.76,0.76,1345900,0.76
2015-06-23,0.74,0.79,0.74,0.78,1722000,0.78
2015-06-22,0.81,0.81,0.75,0.76,3564000,0.76
2015-06-19,0.70,0.83,0.69,0.81,14384000,0.81
2015-06-18,0.70,0.72,0.68,0.69,2034000,0.69
2015-06-17,0.71,0.73,0.66,0.69,10544000,0.69
2015-06-16,0.75,0.75,0.70,0.71,4174000,0.71
2015-06-15,0.77,0.77,0.73,0.74,2496000,0.74
2015-06-12,0.80,0.80,0.72,0.77,7866000,0.77
2015-06-11,0.82,0.82,0.78,0.79,2206000,0.79
2015-06-10,0.81,0.82,0.78,0.78,7224000,0.78
2015-06-09,0.89,0.90,0.80,0.82,13178000,0.82
2015-06-08,0.80,0.88,0.76,0.87,13541000,0.87
2015-06-05,0.84,0.85,0.80,0.81,6408000,0.81
2015-06-04,0.82,0.84,0.78,0.83,7664000,0.83
2015-06-03,0.86,0.86,0.82,0.84,2572000,0.84
2015-06-02,0.83,0.86,0.79,0.86,9430000,0.86
2015-06-01,0.87,0.87,0.81,0.85,5992000,0.85
2015-05-29,0.88,0.89,0.84,0.87,4466000,0.87
2015-05-28,0.88,0.94,0.83,0.88,20122000,0.88
2015-05-27,0.79,0.87,0.78,0.86,24948000,0.86
2015-05-26,0.78,0.82,0.74,0.80,19698000,0.80
2015-05-25,0.77,0.77,0.77,0.77,000,0.77
2015-05-22,0.75,0.84,0.74,0.77,25000000,0.77
2015-05-21,0.72,0.76,0.72,0.75,14094000,0.75
2015-05-20,0.74,0.75,0.72,0.72,4102000,0.72
2015-05-19,0.71,0.78,0.70,0.74,18064000,0.74
2015-05-18,0.73,0.74,0.67,0.71,24884000,0.71
2015-05-15,0.80,0.86,0.71,0.72,115066000,0.72
2015-05-14,0.475,0.59,0.47,0.54,23614000,0.54
2015-05-13,0.475,0.48,0.46,0.47,2368000,0.47
2015-05-12,0.455,0.48,0.455,0.46,5758000,0.46
2015-05-11,0.455,0.48,0.45,0.465,8158000,0.465
2015-05-08,0.43,0.46,0.425,0.455,4002000,0.455
2015-05-07,0.435,0.435,0.42,0.425,2104000,0.425
2015-05-06,0.435,0.435,0.405,0.435,2382000,0.435
2015-05-05,0.44,0.445,0.43,0.44,5263000,0.44
2015-05-04,0.43,0.445,0.425,0.445,7280000,0.445
2015-05-01,0.43,0.43,0.43,0.43,000,0.43
2015-04-30,0.435,0.44,0.425,0.43,1880000,0.43
2015-04-29,0.42,0.44,0.415,0.435,4524000,0.435
2015-04-28,0.41,0.45,0.41,0.42,7764000,0.42
2015-04-27,0.40,0.415,0.40,0.41,3274000,0.41
2015-04-24,0.40,0.405,0.395,0.395,4560000,0.395
2015-04-23,0.395,0.40,0.39,0.40,2420000,0.40
2015-04-22,0.395,0.40,0.395,0.395,2214000,0.395
2015-04-21,0.395,0.395,0.39,0.395,2508000,0.395
2015-04-20,0.39,0.395,0.385,0.395,5058000,0.395
2015-04-17,0.395,0.40,0.39,0.395,1836000,0.395
2015-04-16,0.40,0.40,0.39,0.395,4848000,0.395
2015-04-15,0.39,0.40,0.385,0.40,2694000,0.40
2015-04-14,0.40,0.41,0.39,0.39,2700000,0.39
2015-04-13,0.375,0.40,0.37,0.40,9890000,0.40
2015-04-10,0.375,0.385,0.36,0.37,4426000,0.37
2015-04-09,0.365,0.39,0.36,0.37,5208000,0.37
2015-04-08,0.37,0.375,0.355,0.36,2544000,0.36
2015-04-07,0.37,0.37,0.37,0.37,000,0.37
2015-04-06,0.37,0.37,0.37,0.37,000,0.37
2015-04-03,0.37,0.37,0.37,0.37,000,0.37
2015-04-02,0.375,0.38,0.36,0.37,856000,0.37
2015-04-01,0.345,0.375,0.345,0.375,7742000,0.375
2015-03-31,0.36,0.37,0.34,0.355,1930000,0.355
2015-03-30,0.355,0.365,0.345,0.36,478000,0.36
2015-03-27,0.365,0.38,0.34,0.355,2086000,0.355
2015-03-26,0.36,0.365,0.36,0.365,304000,0.365
2015-03-25,0.375,0.38,0.365,0.37,1700000,0.37
2015-03-24,0.375,0.385,0.37,0.375,1338000,0.375
2015-03-23,0.37,0.38,0.365,0.37,1406000,0.37
2015-03-20,0.36,0.37,0.36,0.37,1980000,0.37
2015-03-19,0.37,0.37,0.36,0.365,1843000,0.365
2015-03-18,0.36,0.365,0.36,0.365,2234000,0.365
2015-03-17,0.37,0.37,0.355,0.365,5904000,0.365
2015-03-16,0.355,0.365,0.355,0.365,864000,0.365
2015-03-13,0.39,0.39,0.36,0.36,802000,0.36
2015-03-12,0.37,0.385,0.365,0.37,1024000,0.37
2015-03-11,0.36,0.385,0.36,0.37,976000,0.37
2015-03-10,0.35,0.35,0.35,0.355,26000,0.355
2015-03-09,0.36,0.38,0.36,0.365,316000,0.365
2015-03-06,0.36,0.375,0.36,0.365,682000,0.365
2015-03-05,0.345,0.36,0.345,0.36,584000,0.36
2015-03-04,0.345,0.345,0.345,0.345,66000,0.345
2015-03-03,0.35,0.355,0.35,0.355,498000,0.355
2015-03-02,0.355,0.355,0.35,0.355,368000,0.355
2015-02-27,0.36,0.37,0.35,0.355,3016000,0.355
2015-02-26,0.355,0.36,0.355,0.36,366000,0.36
2015-02-25,0.36,0.365,0.355,0.36,2839000,0.36
2015-02-24,0.355,0.365,0.355,0.365,828000,0.365
2015-02-23,0.365,0.365,0.355,0.36,880000,0.36
2015-02-20,0.365,0.365,0.365,0.365,000,0.365
2015-02-19,0.365,0.365,0.365,0.365,000,0.365
2015-02-18,0.36,0.365,0.36,0.365,1330000,0.365
2015-02-17,0.36,0.365,0.36,0.36,994000,0.36
2015-02-16,0.35,0.355,0.34,0.345,1182000,0.345
2015-02-13,0.345,0.355,0.33,0.355,1124000,0.355
2015-02-12,0.34,0.34,0.34,0.34,4000,0.34
2015-02-11,0.345,0.37,0.33,0.35,1578000,0.35
2015-02-10,0.385,0.37,0.35,0.36,2000,0.36
2015-02-09,0.36,0.36,0.36,0.36,000,0.36
2015-02-06,0.355,0.37,0.35,0.36,166000,0.36
2015-02-05,0.35,0.35,0.35,0.35,578000,0.35
2015-02-04,0.355,0.355,0.35,0.355,180000,0.355
2015-02-03,0.355,0.355,0.35,0.355,304000,0.355
2015-02-02,0.35,0.36,0.35,0.355,188000,0.355
2015-01-30,0.35,0.365,0.345,0.365,226000,0.365
2015-01-29,0.35,0.37,0.35,0.37,210000,0.37
2015-01-28,0.35,0.37,0.345,0.355,862000,0.355
2015-01-27,0.355,0.355,0.35,0.35,1200000,0.35
2015-01-26,0.345,0.345,0.345,0.345,34000,0.345
2015-01-23,0.34,0.34,0.34,0.34,000,0.34
2015-01-22,0.34,0.345,0.34,0.34,312000,0.34
2015-01-21,0.35,0.355,0.33,0.345,346000,0.345
2015-01-20,0.34,0.345,0.33,0.33,324000,0.33
2015-01-19,0.345,0.345,0.34,0.34,440000,0.34
2015-01-16,0.32,0.355,0.32,0.345,1510000,0.345
2015-01-15,0.36,0.36,0.36,0.36,186000,0.36
2015-01-14,0.36,0.365,0.355,0.36,534000,0.36
2015-01-13,0.36,0.36,0.36,0.36,572000,0.36
2015-01-12,0.365,0.365,0.36,0.365,282000,0.365
2015-01-09,0.365,0.365,0.36,0.36,684000,0.36
2015-01-08,0.365,0.365,0.365,0.365,260000,0.365
2015-01-07,0.365,0.365,0.365,0.365,300000,0.365
2015-01-06,0.365,0.365,0.36,0.36,534000,0.36
2015-01-05,0.36,0.365,0.36,0.365,1048000,0.365
2015-01-02,0.365,0.365,0.36,0.365,194000,0.365
2015-01-01,0.365,0.365,0.365,0.365,000,0.365
2014-12-31,0.365,0.365,0.365,0.365,608000,0.365
2014-12-30,0.36,0.365,0.36,0.365,64000,0.365
2014-12-29,0.365,0.365,0.36,0.36,494000,0.36
2014-12-26,0.365,0.365,0.365,0.365,000,0.365
2014-12-25,0.365,0.365,0.365,0.365,000,0.365
2014-12-24,0.365,0.365,0.365,0.365,210000,0.365
2014-12-23,0.365,0.365,0.36,0.365,828000,0.365
2014-12-22,0.36,0.37,0.36,0.365,898000,0.365
2014-12-19,0.36,0.37,0.36,0.365,2140000,0.365
2014-12-18,0.365,0.365,0.365,0.365,408000,0.365
2014-12-17,0.36,0.365,0.35,0.36,3464000,0.36
2014-12-16,0.385,0.385,0.36,0.365,5072000,0.365
2014-12-15,0.39,0.40,0.39,0.395,1314000,0.395
2014-12-12,0.395,0.395,0.39,0.395,172000,0.395
2014-12-11,0.395,0.40,0.39,0.40,1200000,0.40
2014-12-10,0.395,0.40,0.395,0.40,760000,0.40
2014-12-09,0.405,0.405,0.395,0.40,2664000,0.40
2014-12-08,0.41,0.41,0.41,0.41,1422000,0.41
2014-12-05,0.425,0.43,0.41,0.415,1410000,0.415
2014-12-04,0.405,0.425,0.405,0.42,2020000,0.42
2014-12-03,0.405,0.41,0.40,0.405,690000,0.405
2014-12-02,0.40,0.405,0.40,0.405,252000,0.405
2014-12-01,0.405,0.41,0.40,0.405,1154000,0.405
2014-11-28,0.405,0.41,0.405,0.41,3312000,0.41
2014-11-27,0.405,0.405,0.405,0.405,684000,0.405
2014-11-26,0.40,0.405,0.40,0.40,768000,0.40
2014-11-25,0.40,0.405,0.40,0.405,304000,0.405
2014-11-24,0.405,0.405,0.40,0.40,750000,0.40
2014-11-21,0.40,0.405,0.40,0.405,444000,0.405
2014-11-20,0.405,0.405,0.40,0.40,1592000,0.40
2014-11-19,0.405,0.41,0.40,0.405,1344000,0.405
2014-11-18,0.41,0.41,0.405,0.41,714000,0.41
2014-11-17,0.41,0.41,0.40,0.41,2972000,0.41
2014-11-14,0.40,0.41,0.40,0.41,704000,0.41
2014-11-13,0.40,0.41,0.40,0.40,1210000,0.40
2014-11-12,0.405,0.405,0.395,0.405,3086000,0.405
2014-11-11,0.41,0.41,0.40,0.40,610000,0.40
2014-11-10,0.405,0.41,0.395,0.41,2870000,0.41
2014-11-07,0.40,0.405,0.39,0.405,5342000,0.405
2014-11-06,0.395,0.40,0.395,0.40,16000,0.40
2014-11-05,0.40,0.40,0.395,0.395,3100000,0.395
2014-11-04,0.405,0.41,0.40,0.405,3632000,0.405
2014-11-03,0.41,0.41,0.41,0.41,306000,0.41
2014-10-31,0.405,0.41,0.405,0.405,460000,0.405
2014-10-30,0.405,0.405,0.405,0.405,4500000,0.405
2014-10-29,0.41,0.41,0.40,0.405,1428000,0.405
2014-10-28,0.395,0.41,0.395,0.41,5330000,0.41
2014-10-27,0.395,0.40,0.395,0.40,1284000,0.40
2014-10-24,0.395,0.40,0.395,0.395,470000,0.395
2014-10-23,0.395,0.40,0.395,0.40,264000,0.40
2014-10-22,0.40,0.40,0.395,0.395,838000,0.395
2014-10-21,0.40,0.405,0.40,0.405,742000,0.405
2014-10-20,0.395,0.40,0.395,0.395,430000,0.395
2014-10-17,0.395,0.395,0.395,0.395,40000,0.395
2014-10-16,0.40,0.405,0.40,0.40,1704000,0.40
2014-10-15,0.40,0.405,0.395,0.40,1780000,0.40
2014-10-14,0.40,0.40,0.40,0.40,136000,0.40
2014-10-13,0.405,0.405,0.40,0.40,572000,0.40
2014-10-10,0.40,0.40,0.395,0.40,2076000,0.40
2014-10-09,0.40,0.405,0.40,0.405,202000,0.405
2014-10-08,0.395,0.405,0.395,0.40,1164000,0.40
2014-10-07,0.39,0.395,0.39,0.395,1860000,0.395
2014-10-06,0.39,0.395,0.39,0.395,1140000,0.395
2014-10-03,0.39,0.395,0.385,0.395,980000,0.395
2014-10-02,0.395,0.395,0.395,0.395,000,0.395
2014-10-01,0.395,0.395,0.395,0.395,000,0.395
2014-09-30,0.385,0.395,0.385,0.395,930000,0.395
2014-09-29,0.40,0.40,0.385,0.39,3210000,0.39
2014-09-26,0.395,0.40,0.39,0.40,638000,0.40
2014-09-25,0.40,0.405,0.395,0.40,2500000,0.40
2014-09-24,0.405,0.41,0.40,0.405,778000,0.405
2014-09-23,0.40,0.405,0.40,0.405,402000,0.405
2014-09-22,0.40,0.405,0.395,0.395,3982000,0.395
2014-09-19,0.415,0.415,0.40,0.405,5682000,0.405
2014-09-18,0.42,0.42,0.41,0.415,3222000,0.415
2014-09-17,0.415,0.42,0.41,0.41,4600000,0.41
2014-09-16,0.41,0.415,0.41,0.415,3192000,0.415
2014-09-15,0.42,0.42,0.41,0.415,716000,0.415
2014-09-12,0.41,0.42,0.41,0.42,2644000,0.42
2014-09-11,0.41,0.42,0.41,0.41,2468000,0.41
2014-09-10,0.415,0.415,0.405,0.41,1518000,0.41
2014-09-09,0.415,0.415,0.415,0.415,000,0.415
2014-09-08,0.42,0.42,0.41,0.415,908000,0.415
2014-09-05,0.42,0.42,0.41,0.42,3376000,0.42
2014-09-04,0.42,0.42,0.415,0.42,1028000,0.42
2014-09-03,0.41,0.43,0.41,0.42,2760000,0.42
2014-09-02,0.405,0.415,0.405,0.41,1994000,0.41
2014-09-01,0.415,0.42,0.40,0.405,1222000,0.405
2014-08-29,0.41,0.415,0.41,0.415,338000,0.415
2014-08-28,0.415,0.42,0.41,0.42,114000,0.42
2014-08-27,0.415,0.42,0.415,0.42,738000,0.42
2014-08-26,0.42,0.42,0.41,0.42,1056000,0.42
2014-08-25,0.425,0.43,0.415,0.415,4492000,0.415
2014-08-22,0.425,0.43,0.42,0.42,2928000,0.42
2014-08-21,0.44,0.44,0.42,0.43,4048000,0.43
2014-08-20,0.40,0.46,0.40,0.43,24882000,0.43
2014-08-19,0.395,0.40,0.39,0.40,2977000,0.40
2014-08-18,0.395,0.40,0.39,0.40,2022000,0.40
2014-08-15,0.395,0.395,0.395,0.395,890000,0.395
2014-08-14,0.40,0.40,0.385,0.395,8392000,0.395
2014-08-13,0.40,0.405,0.395,0.40,1786000,0.40
2014-08-12,0.40,0.40,0.395,0.40,4592000,0.40
2014-08-11,0.39,0.41,0.39,0.40,13732000,0.40
2014-08-08,0.39,0.395,0.385,0.39,3728000,0.39
2014-08-07,0.39,0.39,0.385,0.39,890000,0.39
2014-08-06,0.385,0.39,0.38,0.39,2364000,0.39
2014-08-05,0.385,0.39,0.385,0.385,8124000,0.385
2014-08-04,0.385,0.385,0.38,0.385,9206000,0.385
2014-08-01,0.38,0.385,0.38,0.385,5086000,0.385
2014-07-31,0.385,0.385,0.38,0.385,1620000,0.385
2014-07-30,0.39,0.39,0.38,0.385,14008000,0.385
2014-07-29,0.39,0.395,0.385,0.385,810000,0.385
2014-07-28,0.385,0.395,0.385,0.385,1338000,0.385
2014-07-25,0.39,0.395,0.385,0.385,4848000,0.385
2014-07-24,0.39,0.395,0.38,0.39,7958000,0.39
2014-07-23,0.40,0.40,0.39,0.40,2708000,0.40
2014-07-22,0.395,0.40,0.395,0.40,1144000,0.40
2014-07-21,0.40,0.40,0.395,0.395,1560000,0.395
2014-07-18,0.40,0.40,0.395,0.395,8028000,0.395
2014-07-17,0.40,0.40,0.395,0.40,7402000,0.40
2014-07-16,0.395,0.40,0.395,0.40,660000,0.40
2014-07-15,0.40,0.405,0.39,0.395,7404000,0.395
2014-07-14,0.405,0.405,0.40,0.405,446000,0.405
2014-07-11,0.40,0.41,0.40,0.405,1838000,0.405
2014-07-10,0.40,0.405,0.40,0.405,1872000,0.405
2014-07-09,0.42,0.42,0.40,0.40,2416300,0.40
2014-07-08,0.42,0.43,0.42,0.425,966000,0.425
2014-07-07,0.43,0.43,0.42,0.42,252000,0.42
2014-07-04,0.43,0.435,0.42,0.43,390000,0.43
2014-07-03,0.44,0.44,0.42,0.43,104000,0.43
2014-07-02,0.435,0.445,0.42,0.43,486000,0.43
2014-07-01,0.435,0.435,0.435,0.435,000,0.435
2014-06-30,0.43,0.44,0.43,0.435,230000,0.435
2014-06-27,0.45,0.45,0.435,0.435,78000,0.435
2014-06-26,0.43,0.44,0.43,0.44,2680000,0.44
2014-06-25,0.415,0.435,0.415,0.43,2250000,0.43
2014-06-24,0.425,0.43,0.405,0.415,5352000,0.415
2014-06-23,0.47,0.47,0.435,0.44,4270000,0.44
2014-06-20,0.475,0.475,0.475,0.475,126000,0.475
2014-06-19,0.485,0.485,0.475,0.475,330000,0.475
2014-06-18,0.48,0.485,0.475,0.475,2784000,0.475
2014-06-17,0.48,0.48,0.48,0.48,622000,0.48
2014-06-16,0.485,0.485,0.48,0.48,252000,0.48
2014-06-13,0.485,0.485,0.485,0.485,000,0.485
2014-06-12,0.49,0.49,0.49,0.49,166000,0.49
2014-06-11,0.51,0.51,0.49,0.49,1740000,0.49
2014-06-10,0.48,0.495,0.48,0.485,408000,0.485
2014-06-09,0.48,0.48,0.48,0.48,436000,0.48
2014-06-06,0.475,0.475,0.475,0.475,000,0.475
2014-06-05,0.48,0.48,0.475,0.475,100000,0.475
2014-06-04,0.47,0.47,0.465,0.47,22000,0.47
2014-06-03,0.495,0.495,0.475,0.475,841000,0.475
2014-06-02,0.495,0.495,0.495,0.495,000,0.495
2014-05-30,0.495,0.495,0.495,0.495,30000,0.495
2014-05-29,0.495,0.495,0.49,0.495,566000,0.495
2014-05-28,0.50,0.50,0.49,0.49,170000,0.49
2014-05-27,0.53,0.54,0.51,0.54,1936000,0.504
2014-05-26,0.54,0.54,0.52,0.52,2736000,0.485
2014-05-23,0.53,0.53,0.52,0.52,1142000,0.485
2014-05-22,0.51,0.53,0.51,0.52,1704000,0.485
2014-05-21,0.51,0.51,0.51,0.51,312000,0.476
2014-05-20,0.51,0.51,0.50,0.50,719000,0.467
2014-05-19,0.52,0.52,0.51,0.51,438000,0.476
2014-05-16,0.52,0.53,0.51,0.51,628000,0.476
2014-05-15,0.52,0.52,0.52,0.52,100000,0.485
2014-05-14,0.52,0.53,0.52,0.53,1878000,0.495
2014-05-13,0.53,0.53,0.53,0.53,20000,0.495
2014-05-12,0.53,0.53,0.52,0.53,1834000,0.495
2014-05-09,0.53,0.54,0.53,0.53,370000,0.495
2014-05-08,0.53,0.53,0.52,0.53,4010000,0.495
2014-05-07,0.52,0.53,0.52,0.52,166000,0.485
2014-05-06,0.53,0.53,0.53,0.53,000,0.495
2014-05-05,0.53,0.53,0.53,0.53,172000,0.495
2014-05-02,0.53,0.53,0.53,0.53,200000,0.495
2014-05-01,0.53,0.53,0.53,0.53,000,0.495
2014-04-30,0.53,0.53,0.53,0.53,394000,0.495
2014-04-29,0.53,0.54,0.53,0.53,4936000,0.495
2014-04-28,0.53,0.53,0.52,0.52,1116000,0.485
2014-04-25,0.53,0.53,0.52,0.52,470000,0.485
2014-04-24,0.53,0.54,0.52,0.52,238000,0.485
2014-04-23,0.53,0.53,0.53,0.53,3932000,0.495
2014-04-22,0.53,0.54,0.53,0.53,3088000,0.495
2014-04-21,0.52,0.52,0.52,0.52,000,0.485
2014-04-18,0.52,0.52,0.52,0.52,000,0.485
2014-04-17,0.52,0.53,0.52,0.52,1220000,0.485
2014-04-16,0.54,0.54,0.52,0.52,1018000,0.485
2014-04-15,0.53,0.53,0.52,0.52,1648000,0.485
2014-04-14,0.53,0.54,0.53,0.53,5192000,0.495
2014-04-11,0.53,0.53,0.52,0.52,1688000,0.485
2014-04-10,0.53,0.54,0.53,0.53,5372000,0.495
2014-04-09,0.53,0.53,0.52,0.52,606000,0.485
2014-04-08,0.53,0.53,0.53,0.53,138000,0.495
2014-04-07,0.53,0.53,0.53,0.53,338000,0.495
2014-04-04,0.52,0.53,0.52,0.53,6184000,0.495
2014-04-03,0.53,0.54,0.52,0.53,1386000,0.495
2014-04-02,0.55,0.55,0.52,0.53,6186000,0.495
2014-04-01,0.55,0.55,0.55,0.55,706000,0.513
2014-03-31,0.57,0.57,0.55,0.55,376000,0.513
2014-03-28,0.55,0.57,0.55,0.57,2668000,0.532
2014-03-27,0.56,0.57,0.52,0.54,4606000,0.504
2014-03-26,0.55,0.56,0.55,0.55,576000,0.513
2014-03-25,0.54,0.55,0.53,0.55,1282000,0.513
2014-03-24,0.53,0.53,0.53,0.53,1738000,0.495
2014-03-21,0.53,0.53,0.52,0.53,550000,0.495
2014-03-20,0.54,0.54,0.53,0.53,2868000,0.495
2014-03-19,0.53,0.55,0.53,0.54,875000,0.504
2014-03-18,0.53,0.55,0.53,0.53,1320000,0.495
2014-03-17,0.53,0.56,0.52,0.55,2448000,0.513
2014-03-14,0.55,0.55,0.54,0.55,1268000,0.513
2014-03-13,0.56,0.57,0.55,0.55,236000,0.513
2014-03-12,0.55,0.56,0.55,0.56,364000,0.523
2014-03-11,0.54,0.57,0.54,0.57,1188000,0.532
2014-03-10,0.57,0.57,0.55,0.56,832000,0.523
2014-03-07,0.56,0.57,0.56,0.57,758000,0.532
2014-03-06,0.57,0.58,0.55,0.57,604000,0.532
2014-03-05,0.54,0.56,0.54,0.56,1182000,0.523
2014-03-04,0.53,0.54,0.53,0.54,484000,0.504
2014-03-03,0.53,0.53,0.53,0.53,410000,0.495
2014-02-28,0.54,0.54,0.51,0.52,4410000,0.485
2014-02-27,0.52,0.52,0.52,0.52,24000,0.485
2014-02-26,0.52,0.52,0.52,0.52,000,0.485
2014-02-25,0.54,0.54,0.52,0.52,330000,0.485
2014-02-24,0.52,0.53,0.52,0.53,2436000,0.495
2014-02-21,0.53,0.55,0.52,0.55,704000,0.513
2014-02-20,0.55,0.55,0.54,0.54,234000,0.504
2014-02-19,0.54,0.55,0.54,0.55,930000,0.513
2014-02-18,0.52,0.55,0.52,0.55,2310000,0.513
2014-02-17,0.51,0.52,0.50,0.51,5066000,0.476
2014-02-14,0.52,0.52,0.50,0.51,5686000,0.476
2014-02-13,0.52,0.54,0.51,0.53,1712000,0.495
2014-02-12,0.53,0.54,0.53,0.54,364000,0.504
2014-02-11,0.52,0.53,0.52,0.53,258000,0.495
2014-02-10,0.53,0.53,0.52,0.53,1316000,0.495
2014-02-07,0.52,0.53,0.51,0.52,3860000,0.485
2014-02-06,0.51,0.52,0.50,0.52,2994000,0.485
2014-02-05,0.52,0.52,0.51,0.52,2480000,0.485
2014-02-04,0.51,0.52,0.50,0.52,4084000,0.485
2014-02-03,0.54,0.54,0.54,0.54,000,0.504
2014-01-31,0.54,0.54,0.54,0.54,000,0.504
2014-01-30,0.54,0.54,0.54,0.54,188000,0.504
2014-01-29,0.54,0.55,0.54,0.55,394000,0.513
2014-01-28,0.55,0.55,0.55,0.55,18000,0.513
2014-01-27,0.56,0.56,0.53,0.55,4124000,0.513
2014-01-24,0.57,0.57,0.56,0.57,116000,0.532
2014-01-23,0.54,0.57,0.54,0.57,2624000,0.532
2014-01-22,0.54,0.55,0.54,0.55,1126000,0.513
2014-01-21,0.55,0.56,0.54,0.54,2482000,0.504
2014-01-20,0.54,0.56,0.54,0.56,22000,0.523
2014-01-17,0.56,0.56,0.56,0.56,1362000,0.523
2014-01-16,0.56,0.56,0.55,0.56,722000,0.523
2014-01-15,0.56,0.56,0.54,0.56,2812000,0.523
2014-01-14,0.57,0.58,0.56,0.57,1648000,0.532
2014-01-13,0.56,0.58,0.54,0.58,742000,0.541
2014-01-10,0.57,0.57,0.54,0.56,4954000,0.523
2014-01-09,0.56,0.58,0.56,0.58,280000,0.541
2014-01-08,0.57,0.58,0.55,0.58,38000,0.541
2014-01-07,0.57,0.57,0.57,0.57,212000,0.532
2014-01-06,0.58,0.58,0.50,0.57,1878000,0.532
2014-01-03,0.58,0.58,0.57,0.58,2196000,0.541
2014-01-02,0.58,0.58,0.58,0.58,1498000,0.541
2014-01-01,0.59,0.59,0.59,0.59,000,0.551
2013-12-31,0.58,0.59,0.58,0.59,790000,0.551
2013-12-30,0.58,0.59,0.58,0.58,386000,0.541
2013-12-27,0.59,0.59,0.58,0.58,326000,0.541
2013-12-26,0.58,0.58,0.58,0.58,000,0.541
2013-12-25,0.58,0.58,0.58,0.58,000,0.541
2013-12-24,0.59,0.59,0.58,0.58,408000,0.541
2013-12-23,0.59,0.59,0.57,0.58,2520000,0.541
2013-12-20,0.59,0.60,0.58,0.59,1292000,0.551
2013-12-19,0.60,0.60,0.59,0.59,634000,0.551
2013-12-18,0.59,0.60,0.59,0.60,500000,0.56
2013-12-17,0.60,0.60,0.59,0.59,1140000,0.551
2013-12-16,0.61,0.62,0.59,0.60,934000,0.56
2013-12-13,0.60,0.61,0.60,0.60,414000,0.56
2013-12-12,0.60,0.60,0.59,0.60,1026000,0.56
2013-12-11,0.60,0.60,0.59,0.60,1810000,0.56
2013-12-10,0.59,0.59,0.59,0.59,216000,0.551
2013-12-09,0.59,0.60,0.59,0.59,440000,0.551
2013-12-06,0.61,0.61,0.60,0.60,510000,0.56
2013-12-05,0.59,0.61,0.59,0.61,588000,0.569
2013-12-04,0.60,0.62,0.59,0.60,2586000,0.56
2013-12-03,0.59,0.60,0.58,0.60,530000,0.56
2013-12-02,0.59,0.59,0.59,0.59,54000,0.551
2013-11-29,0.59,0.59,0.58,0.59,816000,0.551
2013-11-28,0.59,0.60,0.59,0.59,106000,0.551
2013-11-27,0.58,0.59,0.57,0.59,464000,0.551
2013-11-26,0.60,0.60,0.59,0.59,1262000,0.551
2013-11-25,0.61,0.62,0.60,0.61,1000000,0.569
2013-11-22,0.59,0.61,0.59,0.60,1208000,0.56
2013-11-21,0.58,0.59,0.58,0.58,470000,0.541
2013-11-20,0.59,0.60,0.59,0.59,280000,0.551
2013-11-19,0.60,0.60,0.58,0.58,692000,0.541
2013-11-18,0.59,0.60,0.59,0.60,289000,0.56
2013-11-15,0.59,0.60,0.59,0.59,208000,0.551
2013-11-14,0.57,0.59,0.56,0.59,92000,0.551
2013-11-13,0.58,0.58,0.57,0.57,220000,0.532
2013-11-12,0.58,0.58,0.58,0.58,000,0.541
2013-11-11,0.59,0.60,0.58,0.58,110000,0.541
2013-11-08,0.60,0.60,0.57,0.58,1572000,0.541
2013-11-07,0.58,0.61,0.58,0.61,1740000,0.569
2013-11-06,0.58,0.59,0.58,0.58,488000,0.541
2013-11-05,0.59,0.59,0.58,0.58,734000,0.541
2013-11-04,0.60,0.60,0.58,0.60,2690000,0.56
2013-11-01,0.61,0.62,0.60,0.60,2484000,0.56
2013-10-31,0.62,0.62,0.61,0.61,212000,0.569
2013-10-30,0.62,0.63,0.61,0.62,1712000,0.579
2013-10-29,0.62,0.62,0.60,0.61,404000,0.569
2013-10-28,0.62,0.63,0.60,0.62,2356000,0.579
2013-10-25,0.62,0.62,0.60,0.61,598000,0.569
2013-10-24,0.60,0.60,0.60,0.60,424000,0.56
2013-10-23,0.61,0.61,0.60,0.60,734000,0.56
2013-10-22,0.61,0.62,0.60,0.61,534000,0.569
2013-10-21,0.62,0.62,0.60,0.61,3212000,0.569
2013-10-18,0.62,0.62,0.60,0.60,310000,0.56
2013-10-17,0.60,0.61,0.60,0.60,876000,0.56
2013-10-16,0.61,0.61,0.60,0.60,1276000,0.56
2013-10-15,0.61,0.61,0.60,0.61,1600000,0.569
2013-10-14,0.62,0.62,0.62,0.62,000,0.579
2013-10-11,0.64,0.64,0.61,0.62,990000,0.579
2013-10-10,0.64,0.64,0.61,0.63,5794000,0.588
2013-10-09,0.60,0.66,0.59,0.64,3954000,0.597
2013-10-08,0.60,0.61,0.59,0.61,2010000,0.569
2013-10-07,0.62,0.63,0.59,0.61,1754000,0.569
2013-10-04,0.62,0.64,0.62,0.63,1254000,0.588
2013-10-03,0.67,0.71,0.61,0.64,7253000,0.597
2013-10-02,0.59,0.75,0.59,0.67,14456000,0.625
2013-10-01,0.58,0.58,0.58,0.58,000,0.541
2013-09-30,0.57,0.60,0.57,0.58,1668000,0.541
2013-09-27,0.59,0.60,0.56,0.60,7250000,0.56
2013-09-26,0.53,0.63,0.52,0.59,20792000,0.551
2013-09-25,0.53,0.53,0.52,0.53,645000,0.495
2013-09-24,0.51,0.53,0.50,0.52,1224000,0.485
2013-09-23,0.52,0.52,0.50,0.51,1510000,0.476
2013-09-20,0.52,0.52,0.52,0.52,000,0.485
2013-09-19,0.51,0.52,0.50,0.52,2840000,0.485
2013-09-18,0.495,0.52,0.49,0.50,1894000,0.467
2013-09-17,0.48,0.495,0.48,0.495,1098000,0.462
2013-09-16,0.485,0.49,0.48,0.48,606000,0.448
2013-09-13,0.48,0.485,0.48,0.48,1106000,0.448
2013-09-12,0.48,0.49,0.48,0.485,106000,0.453
2013-09-11,0.49,0.49,0.48,0.48,678000,0.448
2013-09-10,0.485,0.49,0.48,0.49,890000,0.457
2013-09-09,0.475,0.485,0.475,0.48,840000,0.448
2013-09-06,0.47,0.475,0.47,0.47,446000,0.439
2013-09-05,0.475,0.475,0.475,0.475,210000,0.443
2013-09-04,0.48,0.48,0.48,0.48,258000,0.448
2013-09-03,0.475,0.48,0.47,0.48,664000,0.448
2013-09-02,0.485,0.485,0.475,0.475,368000,0.443
2013-08-30,0.475,0.485,0.475,0.485,687000,0.453
2013-08-29,0.465,0.475,0.465,0.475,322000,0.443
2013-08-28,0.48,0.485,0.46,0.47,7424000,0.439
2013-08-27,0.51,0.52,0.51,0.51,200000,0.476
2013-08-26,0.51,0.51,0.51,0.51,548000,0.476
2013-08-23,0.50,0.51,0.50,0.51,210000,0.476
2013-08-22,0.50,0.50,0.485,0.50,484000,0.467
2013-08-21,0.495,0.51,0.495,0.51,366000,0.476
2013-08-20,0.50,0.50,0.48,0.495,1684000,0.462
2013-08-19,0.52,0.52,0.50,0.50,3250000,0.467
2013-08-16,0.53,0.53,0.52,0.52,2798000,0.485
2013-08-15,0.53,0.54,0.52,0.54,300000,0.504
2013-08-14,0.53,0.53,0.53,0.53,000,0.495
2013-08-13,0.54,0.54,0.53,0.53,254000,0.495
2013-08-12,0.53,0.54,0.53,0.54,586000,0.504
2013-08-09,0.55,0.55,0.54,0.54,628000,0.504
2013-08-08,0.54,0.56,0.54,0.56,1542000,0.523
2013-08-07,0.52,0.53,0.52,0.53,1278000,0.495
2013-08-06,0.51,0.53,0.50,0.52,1114000,0.485
2013-08-05,0.49,0.51,0.49,0.51,1372000,0.476
2013-08-02,0.485,0.49,0.485,0.49,214000,0.457
2013-08-01,0.485,0.485,0.485,0.485,42000,0.453
2013-07-31,0.485,0.49,0.485,0.485,186000,0.453
2013-07-30,0.475,0.48,0.475,0.485,437000,0.453
2013-07-29,0.48,0.485,0.48,0.485,236900,0.453
2013-07-26,0.49,0.49,0.475,0.485,348000,0.453
2013-07-25,0.485,0.495,0.48,0.49,298000,0.457
2013-07-24,0.49,0.49,0.485,0.485,156000,0.453
2013-07-23,0.49,0.50,0.49,0.49,330000,0.457
2013-07-22,0.48,0.48,0.47,0.48,482000,0.448
2013-07-19,0.49,0.49,0.48,0.48,864000,0.448
2013-07-18,0.475,0.49,0.475,0.49,804000,0.457
2013-07-17,0.48,0.48,0.47,0.475,492000,0.443
2013-07-16,0.475,0.51,0.46,0.48,8748000,0.448
2013-07-15,0.47,0.47,0.47,0.47,50000,0.439
2013-07-12,0.47,0.47,0.465,0.465,164000,0.434
2013-07-11,0.47,0.475,0.47,0.475,300000,0.443
2013-07-10,0.47,0.47,0.46,0.465,190800,0.434
2013-07-09,0.45,0.475,0.45,0.465,774000,0.434
2013-07-08,0.455,0.455,0.435,0.45,87000,0.42
2013-07-05,0.455,0.46,0.455,0.46,402000,0.429
2013-07-04,0.45,0.46,0.45,0.46,140000,0.429
2013-07-03,0.46,0.46,0.46,0.46,802000,0.429
2013-07-02,0.445,0.46,0.445,0.46,292000,0.429
2013-07-01,0.45,0.45,0.45,0.45,000,0.42
2013-06-28,0.45,0.455,0.44,0.45,2828000,0.42
2013-06-27,0.45,0.455,0.44,0.45,1906000,0.42
2013-06-26,0.45,0.455,0.43,0.445,5300000,0.415
2013-06-25,0.45,0.465,0.43,0.465,3192000,0.434
2013-06-24,0.485,0.485,0.46,0.475,1226000,0.443
2013-06-21,0.495,0.495,0.485,0.49,312000,0.457
2013-06-20,0.50,0.50,0.49,0.50,1022000,0.467
2013-06-19,0.51,0.52,0.495,0.51,600000,0.476
2013-06-18,0.485,0.50,0.485,0.50,444000,0.467
2013-06-17,0.50,0.50,0.50,0.50,62000,0.467
2013-06-14,0.495,0.50,0.48,0.495,1696000,0.462
2013-06-13,0.48,0.50,0.475,0.495,434000,0.462
2013-06-12,0.50,0.50,0.50,0.50,000,0.467
2013-06-11,0.52,0.52,0.495,0.50,1646000,0.467
2013-06-10,0.52,0.52,0.50,0.52,538000,0.485
2013-06-07,0.485,0.52,0.485,0.52,402000,0.485
2013-06-06,0.51,0.51,0.50,0.50,600000,0.467
2013-06-05,0.52,0.52,0.50,0.51,1653000,0.476
2013-06-04,0.51,0.54,0.51,0.53,1607000,0.495
2013-06-03,0.53,0.53,0.51,0.52,1578000,0.485
2013-05-31,0.54,0.54,0.51,0.53,1622000,0.495
2013-05-30,0.57,0.57,0.53,0.54,2404000,0.504
2013-05-29,0.56,0.59,0.56,0.59,5194000,0.516
2013-05-28,0.57,0.57,0.55,0.57,2214000,0.499
2013-05-27,0.55,0.59,0.55,0.58,2124000,0.507
2013-05-24,0.55,0.56,0.55,0.56,616000,0.49
2013-05-23,0.57,0.58,0.53,0.56,4938000,0.49
2013-05-22,0.58,0.60,0.56,0.58,4050000,0.507
2013-05-21,0.61,0.61,0.58,0.59,3718000,0.516
2013-05-20,0.62,0.63,0.60,0.62,2368000,0.542
2013-05-17,0.62,0.62,0.62,0.62,000,0.542
2013-05-16,0.58,0.65,0.58,0.62,5234000,0.542
2013-05-15,0.60,0.60,0.58,0.59,2578000,0.516
2013-05-14,0.57,0.60,0.57,0.59,1602000,0.516
2013-05-13,0.57,0.60,0.55,0.57,6508000,0.499
2013-05-10,0.57,0.60,0.55,0.56,15780000,0.49
2013-05-09,0.52,0.58,0.52,0.57,12254000,0.499
2013-05-08,0.495,0.52,0.495,0.51,10974000,0.446
2013-05-07,0.495,0.50,0.485,0.495,3404000,0.433
2013-05-06,0.50,0.50,0.485,0.495,3112000,0.433
2013-05-03,0.50,0.50,0.49,0.495,304000,0.433
2013-05-02,0.495,0.50,0.49,0.50,752000,0.437
2013-05-01,0.50,0.50,0.50,0.50,000,0.437
2013-04-30,0.485,0.50,0.485,0.50,576000,0.437
2013-04-29,0.50,0.50,0.485,0.485,2462000,0.424
2013-04-26,0.495,0.50,0.495,0.495,694000,0.433
2013-04-25,0.50,0.51,0.495,0.495,1192000,0.433
2013-04-24,0.49,0.50,0.485,0.50,640000,0.437
2013-04-23,0.49,0.495,0.485,0.49,794000,0.429
2013-04-22,0.50,0.50,0.49,0.49,320000,0.429
2013-04-19,0.49,0.50,0.49,0.50,316000,0.437
2013-04-18,0.50,0.51,0.495,0.50,368000,0.437
2013-04-17,0.51,0.51,0.495,0.495,620000,0.433
2013-04-16,0.50,0.51,0.50,0.50,2142000,0.437
2013-04-15,0.51,0.51,0.49,0.50,4334000,0.437
2013-04-12,0.495,0.52,0.495,0.51,4898000,0.446
2013-04-11,0.49,0.53,0.485,0.485,6015000,0.424
2013-04-10,0.48,0.485,0.48,0.48,382000,0.42
2013-04-09,0.47,0.49,0.47,0.485,1122000,0.424
2013-04-08,0.465,0.48,0.465,0.48,488000,0.42
2013-04-05,0.49,0.49,0.475,0.48,2144000,0.42
2013-04-04,0.49,0.49,0.49,0.49,000,0.429
2013-04-03,0.495,0.495,0.485,0.49,1182000,0.429
2013-04-02,0.495,0.50,0.49,0.50,2576000,0.437
2013-04-01,0.495,0.495,0.495,0.495,000,0.433
2013-03-29,0.495,0.495,0.495,0.495,000,0.433
2013-03-28,0.49,0.50,0.49,0.495,2668000,0.433
2013-03-27,0.45,0.51,0.45,0.50,13789300,0.437
2013-03-26,0.435,0.44,0.43,0.435,546000,0.381
2013-03-25,0.43,0.44,0.43,0.44,1062000,0.385
2013-03-22,0.43,0.435,0.43,0.435,1266000,0.381
2013-03-21,0.415,0.45,0.415,0.43,3408000,0.376
2013-03-20,0.415,0.42,0.41,0.415,3708000,0.363
2013-03-19,0.415,0.42,0.415,0.42,2364000,0.367
2013-03-18,0.43,0.43,0.415,0.42,1308000,0.367
2013-03-15,0.43,0.435,0.43,0.435,1700000,0.381
2013-03-14,0.425,0.43,0.42,0.43,1402000,0.376
2013-03-13,0.435,0.44,0.42,0.43,1110000,0.376
2013-03-12,0.45,0.45,0.44,0.44,852000,0.385
2013-03-11,0.45,0.45,0.445,0.45,1604000,0.394
2013-03-08,0.46,0.46,0.455,0.46,902000,0.402
2013-03-07,0.455,0.46,0.45,0.46,1218000,0.402
2013-03-06,0.46,0.46,0.46,0.46,378000,0.402
2013-03-05,0.46,0.46,0.455,0.46,448000,0.402
2013-03-04,0.46,0.46,0.455,0.46,816000,0.402
2013-03-01,0.46,0.465,0.46,0.46,1210000,0.402
2013-02-28,0.46,0.465,0.46,0.46,886000,0.402
2013-02-27,0.465,0.465,0.46,0.46,454000,0.402
2013-02-26,0.47,0.47,0.46,0.46,254000,0.402
2013-02-25,0.46,0.465,0.46,0.465,1198000,0.407
2013-02-22,0.475,0.475,0.465,0.465,1406000,0.407
2013-02-21,0.47,0.475,0.47,0.475,170000,0.416
2013-02-20,0.47,0.47,0.46,0.47,1350000,0.411
2013-02-19,0.48,0.48,0.475,0.475,134000,0.416
2013-02-18,0.465,0.485,0.465,0.48,484000,0.42
2013-02-15,0.465,0.465,0.465,0.465,30000,0.407
2013-02-14,0.47,0.48,0.465,0.465,768000,0.407
2013-02-13,0.47,0.47,0.47,0.47,000,0.411
2013-02-12,0.47,0.47,0.47,0.47,000,0.411
2013-02-11,0.47,0.47,0.47,0.47,000,0.411
2013-02-08,0.47,0.475,0.47,0.47,438000,0.411
2013-02-07,0.47,0.47,0.47,0.47,1070000,0.411
2013-02-06,0.47,0.48,0.47,0.47,588000,0.411
2013-02-05,0.47,0.475,0.47,0.475,760000,0.416
2013-02-04,0.47,0.475,0.47,0.475,618000,0.416
2013-02-01,0.485,0.485,0.475,0.475,314000,0.416
2013-01-31,0.48,0.485,0.48,0.485,20000,0.424
2013-01-30,0.48,0.48,0.475,0.475,920000,0.416
2013-01-29,0.475,0.485,0.475,0.48,1130000,0.42
2013-01-28,0.48,0.48,0.47,0.475,1082000,0.416
2013-01-25,0.50,0.51,0.485,0.485,1250000,0.424
2013-01-24,0.49,0.50,0.49,0.495,1914000,0.433
2013-01-23,0.49,0.49,0.475,0.48,694000,0.42
2013-01-22,0.475,0.495,0.475,0.485,1428000,0.424
2013-01-21,0.49,0.49,0.47,0.49,1452000,0.429
2013-01-18,0.485,0.485,0.475,0.475,352000,0.416
2013-01-17,0.475,0.475,0.475,0.475,000,0.416
2013-01-16,0.485,0.49,0.475,0.48,233000,0.42
2013-01-15,0.48,0.49,0.47,0.49,1022000,0.429
2013-01-14,0.48,0.495,0.48,0.49,1028000,0.429
2013-01-11,0.48,0.495,0.475,0.48,1714000,0.42
2013-01-10,0.47,0.485,0.47,0.475,322400,0.416
2013-01-09,0.49,0.49,0.47,0.475,774000,0.416
2013-01-08,0.47,0.48,0.47,0.47,844000,0.411
2013-01-07,0.475,0.475,0.465,0.47,200000,0.411
2013-01-04,0.45,0.485,0.45,0.475,1364000,0.416
2013-01-03,0.45,0.45,0.445,0.45,130000,0.394
2013-01-02,0.44,0.465,0.44,0.45,1020000,0.394
2013-01-01,0.44,0.44,0.44,0.44,000,0.385
2012-12-31,0.44,0.44,0.44,0.44,308000,0.385
2012-12-28,0.44,0.44,0.425,0.43,572000,0.376
2012-12-27,0.44,0.44,0.44,0.44,274000,0.385
2012-12-26,0.435,0.435,0.435,0.435,000,0.381
2012-12-25,0.435,0.435,0.435,0.435,000,0.381
2012-12-24,0.43,0.44,0.43,0.435,314000,0.381
2012-12-21,0.44,0.44,0.43,0.43,446000,0.376
2012-12-20,0.445,0.445,0.44,0.445,300000,0.389
2012-12-19,0.43,0.445,0.43,0.445,1332000,0.389
2012-12-18,0.41,0.435,0.41,0.435,1226000,0.381
2012-12-17,0.405,0.42,0.405,0.415,1075000,0.363
2012-12-14,0.41,0.41,0.41,0.41,198000,0.359
2012-12-13,0.405,0.415,0.405,0.41,278000,0.359
2012-12-12,0.405,0.415,0.405,0.41,683600,0.359
2012-12-11,0.41,0.41,0.405,0.405,392000,0.354
2012-12-10,0.405,0.41,0.40,0.41,548000,0.359
2012-12-07,0.405,0.41,0.40,0.405,368000,0.354
2012-12-06,0.40,0.40,0.40,0.40,10000,0.35
2012-12-05,0.405,0.41,0.40,0.41,360000,0.359
2012-12-04,0.40,0.405,0.40,0.405,100000,0.354
2012-12-03,0.40,0.40,0.395,0.395,384000,0.346
2012-11-30,0.405,0.405,0.40,0.40,300000,0.35
2012-11-29,0.405,0.405,0.405,0.405,434000,0.354
2012-11-28,0.395,0.405,0.395,0.405,148000,0.354
2012-11-27,0.40,0.40,0.40,0.40,122000,0.35
2012-11-26,0.405,0.405,0.40,0.40,192000,0.35
2012-11-23,0.405,0.405,0.405,0.405,158000,0.354
2012-11-22,0.40,0.405,0.40,0.40,84000,0.35
2012-11-21,0.405,0.405,0.405,0.405,300000,0.354
2012-11-20,0.40,0.405,0.395,0.405,390000,0.354
2012-11-19,0.41,0.41,0.41,0.41,10000,0.359
2012-11-16,0.405,0.405,0.395,0.395,266000,0.346
2012-11-15,0.40,0.40,0.40,0.40,76000,0.35
2012-11-14,0.395,0.405,0.395,0.405,200000,0.354
2012-11-13,0.40,0.40,0.40,0.405,614000,0.354
2012-11-12,0.405,0.41,0.40,0.40,330000,0.35
2012-11-09,0.415,0.42,0.405,0.42,354000,0.367
2012-11-08,0.41,0.41,0.41,0.41,92000,0.359
2012-11-07,0.42,0.42,0.405,0.41,272000,0.359
2012-11-06,0.405,0.405,0.405,0.405,148000,0.354
2012-11-05,0.405,0.405,0.405,0.405,70000,0.354
2012-11-02,0.41,0.42,0.405,0.41,1082000,0.359
2012-11-01,0.40,0.405,0.40,0.405,585700,0.354
2012-10-31,0.40,0.41,0.395,0.40,206000,0.35
2012-10-30,0.395,0.40,0.395,0.40,148000,0.35
2012-10-29,0.395,0.395,0.395,0.40,8000,0.35
2012-10-26,0.40,0.40,0.395,0.395,616000,0.346
2012-10-25,0.40,0.405,0.395,0.405,930000,0.354
2012-10-24,0.405,0.405,0.40,0.405,626000,0.354
2012-10-23,0.405,0.405,0.405,0.405,000,0.354
2012-10-22,0.405,0.405,0.40,0.405,566000,0.354
2012-10-19,0.40,0.405,0.40,0.405,968000,0.354
2012-10-18,0.39,0.415,0.39,0.395,2749000,0.346
2012-10-17,0.39,0.39,0.39,0.39,123000,0.341
2012-10-16,0.39,0.39,0.385,0.39,1020000,0.341
2012-10-15,0.39,0.39,0.385,0.39,694000,0.341
2012-10-12,0.385,0.385,0.38,0.38,862000,0.332
2012-10-11,0.385,0.385,0.38,0.385,294000,0.337
2012-10-10,0.385,0.385,0.385,0.385,498000,0.337
2012-10-09,0.38,0.385,0.38,0.38,262000,0.332
2012-10-08,0.385,0.385,0.375,0.38,864000,0.332
2012-10-05,0.385,0.385,0.375,0.385,1944000,0.337
2012-10-04,0.38,0.385,0.38,0.385,154000,0.337
2012-10-03,0.385,0.39,0.375,0.39,994000,0.341
2012-10-02,0.385,0.385,0.385,0.385,000,0.337
2012-10-01,0.385,0.385,0.385,0.385,000,0.337
2012-09-28,0.38,0.385,0.38,0.385,350000,0.337
2012-09-27,0.385,0.385,0.38,0.38,68000,0.332
2012-09-26,0.385,0.385,0.38,0.385,537000,0.337
2012-09-25,0.39,0.39,0.385,0.385,134000,0.337
2012-09-24,0.38,0.38,0.38,0.38,176000,0.332
2012-09-21,0.385,0.39,0.385,0.385,246000,0.337
2012-09-20,0.395,0.395,0.395,0.395,000,0.346
2012-09-19,0.385,0.395,0.385,0.395,172000,0.346
2012-09-18,0.38,0.385,0.38,0.385,779000,0.337
2012-09-17,0.385,0.385,0.385,0.385,380000,0.337
2012-09-14,0.375,0.385,0.375,0.385,1982000,0.337
2012-09-13,0.38,0.38,0.375,0.375,798000,0.328
2012-09-12,0.38,0.38,0.38,0.38,1410000,0.332
2012-09-11,0.375,0.38,0.375,0.375,910000,0.328
2012-09-10,0.375,0.385,0.375,0.375,762000,0.328
2012-09-07,0.38,0.38,0.38,0.38,2000000,0.332
2012-09-06,0.38,0.38,0.37,0.375,163000,0.328
2012-09-05,0.375,0.38,0.37,0.38,278000,0.332
2012-09-04,0.375,0.375,0.375,0.375,143000,0.328
2012-09-03,0.37,0.385,0.37,0.375,2260000,0.328
2012-08-31,0.38,0.38,0.375,0.375,746000,0.328
2012-08-30,0.375,0.38,0.375,0.38,688000,0.332
2012-08-29,0.38,0.385,0.38,0.38,632000,0.332
2012-08-28,0.375,0.38,0.375,0.38,250000,0.332
2012-08-27,0.375,0.38,0.365,0.38,726000,0.332
2012-08-24,0.38,0.385,0.38,0.38,654000,0.332
2012-08-23,0.38,0.385,0.38,0.385,1068000,0.337
2012-08-22,0.375,0.38,0.375,0.38,810000,0.332
2012-08-21,0.38,0.38,0.375,0.375,1270000,0.328
2012-08-20,0.375,0.38,0.375,0.375,1034000,0.328
2012-08-17,0.375,0.38,0.375,0.375,486000,0.328
2012-08-16,0.38,0.42,0.375,0.38,1490000,0.332
2012-08-15,0.38,0.38,0.375,0.38,360000,0.332
2012-08-14,0.385,0.385,0.375,0.375,1006100,0.328
2012-08-13,0.385,0.385,0.38,0.385,254000,0.337
2012-08-10,0.385,0.39,0.385,0.385,904000,0.337
2012-08-09,0.39,0.395,0.39,0.39,1004000,0.341
2012-08-08,0.39,0.395,0.39,0.39,1616000,0.341
2012-08-07,0.395,0.395,0.39,0.39,1092000,0.341
2012-08-06,0.40,0.40,0.39,0.39,60000,0.341
2012-08-03,0.39,0.39,0.385,0.39,558000,0.341
2012-08-02,0.39,0.39,0.385,0.39,690000,0.341
2012-08-01,0.385,0.39,0.385,0.385,944000,0.337
2012-07-31,0.38,0.39,0.375,0.39,1092000,0.341
2012-07-30,0.38,0.39,0.37,0.39,122000,0.341
2012-07-27,0.39,0.40,0.37,0.385,3028000,0.337
2012-07-26,0.40,0.40,0.40,0.40,194000,0.35
2012-07-25,0.42,0.42,0.385,0.42,2074000,0.367
2012-07-24,0.43,0.43,0.43,0.425,160000,0.372
2012-07-23,0.43,0.43,0.42,0.425,410000,0.372
2012-07-20,0.435,0.435,0.425,0.425,122000,0.372
2012-07-19,0.43,0.43,0.43,0.43,28000,0.376
2012-07-18,0.43,0.43,0.43,0.43,000,0.376
2012-07-17,0.43,0.43,0.43,0.43,000,0.376
2012-07-16,0.43,0.43,0.425,0.43,250000,0.376
2012-07-13,0.42,0.44,0.42,0.425,1910000,0.372
2012-07-12,0.42,0.42,0.42,0.42,674000,0.367
2012-07-11,0.42,0.43,0.42,0.42,576000,0.367
2012-07-10,0.42,0.425,0.42,0.42,1328000,0.367
2012-07-09,0.43,0.43,0.425,0.425,376000,0.372
2012-07-06,0.43,0.435,0.43,0.43,562000,0.376
2012-07-05,0.43,0.43,0.42,0.425,1764000,0.372
2012-07-04,0.45,0.45,0.435,0.435,634000,0.381
2012-07-03,0.45,0.45,0.435,0.44,555000,0.385
2012-07-02,0.45,0.45,0.45,0.45,000,0.394
2012-06-29,0.445,0.455,0.445,0.45,523500,0.394
2012-06-28,0.445,0.445,0.445,0.445,70000,0.389
2012-06-27,0.465,0.465,0.465,0.465,10000,0.407
2012-06-26,0.445,0.465,0.44,0.465,124000,0.407
2012-06-25,0.465,0.465,0.465,0.465,000,0.407
2012-06-22,0.465,0.465,0.465,0.465,000,0.407
2012-06-21,0.47,0.47,0.465,0.465,428000,0.407
2012-06-20,0.47,0.47,0.47,0.47,148000,0.411
2012-06-19,0.465,0.465,0.465,0.465,28000,0.407
2012-06-18,0.47,0.47,0.465,0.47,812000,0.411
2012-06-15,0.47,0.47,0.47,0.47,1220000,0.411
2012-06-14,0.47,0.47,0.465,0.47,158000,0.411
2012-06-13,0.47,0.48,0.47,0.48,211000,0.42
2012-06-12,0.465,0.48,0.465,0.48,425000,0.42
2012-06-11,0.48,0.485,0.48,0.485,118000,0.424
2012-06-08,0.45,0.49,0.45,0.49,312000,0.429
2012-06-07,0.465,0.475,0.46,0.46,230000,0.402
2012-06-06,0.46,0.46,0.46,0.46,000,0.402
2012-06-05,0.465,0.465,0.46,0.46,320000,0.402
2012-06-04,0.465,0.465,0.465,0.465,670000,0.407
2012-06-01,0.48,0.48,0.48,0.48,000,0.42
2012-05-31,0.49,0.49,0.465,0.48,396000,0.42
2012-05-30,0.47,0.47,0.465,0.465,216000,0.407
2012-05-29,0.465,0.465,0.465,0.47,20000,0.411
2012-05-28,0.465,0.47,0.465,0.465,436000,0.407
2012-05-25,0.465,0.465,0.465,0.465,000,0.407
2012-05-24,0.49,0.49,0.465,0.465,362000,0.407
2012-05-23,0.49,0.50,0.49,0.495,558000,0.419
2012-05-22,0.47,0.495,0.47,0.49,328000,0.414
2012-05-21,0.485,0.485,0.48,0.48,296000,0.406
2012-05-18,0.495,0.495,0.49,0.49,442000,0.414
2012-05-17,0.495,0.50,0.49,0.50,860000,0.423
2012-05-16,0.51,0.51,0.495,0.495,614000,0.419
2012-05-15,0.51,0.51,0.51,0.51,28000,0.431
2012-05-14,0.52,0.52,0.51,0.52,846000,0.44
2012-05-11,0.52,0.53,0.51,0.52,730000,0.44
2012-05-10,0.53,0.53,0.52,0.52,596000,0.44
2012-05-09,0.53,0.53,0.52,0.53,426000,0.448
2012-05-08,0.54,0.54,0.53,0.53,28000,0.448
2012-05-07,0.53,0.53,0.52,0.53,404000,0.448
2012-05-04,0.53,0.53,0.53,0.53,302000,0.448
2012-05-03,0.55,0.55,0.53,0.54,708000,0.457
2012-05-02,0.55,0.55,0.54,0.54,90000,0.457
2012-05-01,0.55,0.55,0.55,0.55,000,0.465
2012-04-30,0.54,0.55,0.54,0.55,160000,0.465
2012-04-27,0.54,0.54,0.53,0.54,282000,0.457
2012-04-26,0.53,0.54,0.52,0.54,210000,0.457
2012-04-25,0.54,0.54,0.52,0.53,350000,0.448
2012-04-24,0.53,0.53,0.52,0.52,570000,0.44
2012-04-23,0.53,0.54,0.53,0.53,242000,0.448
2012-04-20,0.54,0.54,0.53,0.54,126000,0.457
2012-04-19,0.54,0.55,0.53,0.54,472000,0.457
2012-04-18,0.53,0.53,0.53,0.53,196000,0.448
2012-04-17,0.53,0.54,0.53,0.53,456000,0.448
2012-04-16,0.54,0.54,0.53,0.53,276000,0.448
2012-04-13,0.54,0.54,0.53,0.53,70000,0.448
2012-04-12,0.53,0.53,0.53,0.53,24000,0.448
2012-04-11,0.52,0.54,0.52,0.54,567000,0.457
2012-04-10,0.53,0.53,0.52,0.52,196000,0.44
2012-04-09,0.53,0.53,0.53,0.53,000,0.448
2012-04-06,0.53,0.53,0.53,0.53,000,0.448
2012-04-05,0.52,0.53,0.51,0.53,242000,0.448
2012-04-04,0.52,0.52,0.52,0.52,000,0.44
2012-04-03,0.52,0.53,0.51,0.52,516000,0.44
2012-04-02,0.52,0.52,0.50,0.52,308000,0.44
2012-03-30,0.53,0.53,0.52,0.52,878000,0.44
2012-03-29,0.54,0.55,0.52,0.53,774000,0.448
2012-03-28,0.55,0.55,0.54,0.54,1060000,0.457
2012-03-27,0.55,0.56,0.54,0.55,2934000,0.465
2012-03-26,0.52,0.55,0.52,0.55,1060000,0.465
2012-03-23,0.51,0.53,0.50,0.52,822000,0.44
2012-03-22,0.52,0.52,0.51,0.51,268000,0.431
2012-03-21,0.54,0.54,0.53,0.53,422000,0.448
2012-03-20,0.55,0.55,0.53,0.53,856000,0.448
2012-03-19,0.56,0.56,0.54,0.55,1544000,0.465
2012-03-16,0.55,0.56,0.54,0.56,622000,0.474
2012-03-15,0.56,0.56,0.55,0.55,240000,0.465
2012-03-14,0.56,0.56,0.55,0.55,422000,0.465
2012-03-13,0.58,0.58,0.56,0.57,176000,0.482
2012-03-12,0.56,0.57,0.54,0.57,1324000,0.482
2012-03-09,0.55,0.56,0.54,0.56,261000,0.474
2012-03-08,0.53,0.55,0.53,0.55,986000,0.465
2012-03-07,0.53,0.53,0.51,0.53,936000,0.448
2012-03-06,0.56,0.56,0.53,0.53,1724000,0.448
2012-03-05,0.57,0.57,0.55,0.56,884000,0.474
2012-03-02,0.56,0.58,0.56,0.57,1436000,0.482
2012-03-01,0.56,0.56,0.55,0.55,450000,0.465
2012-02-29,0.55,0.56,0.54,0.55,700000,0.465
2012-02-28,0.55,0.56,0.54,0.55,422000,0.465
2012-02-27,0.57,0.58,0.54,0.54,2466000,0.457
2012-02-24,0.57,0.57,0.55,0.55,1024000,0.465
2012-02-23,0.54,0.59,0.53,0.57,5956000,0.482
2012-02-22,0.52,0.54,0.52,0.54,4300400,0.457
2012-02-21,0.51,0.53,0.51,0.52,1986000,0.44
2012-02-20,0.50,0.52,0.50,0.52,3184000,0.44
2012-02-17,0.49,0.51,0.48,0.51,1880000,0.431
2012-02-16,0.49,0.49,0.48,0.48,1670000,0.406
2012-02-15,0.49,0.50,0.48,0.485,1768000,0.41
2012-02-14,0.50,0.50,0.49,0.49,296000,0.414
2012-02-13,0.50,0.50,0.49,0.50,618000,0.423
2012-02-10,0.52,0.52,0.495,0.50,3058000,0.423
2012-02-09,0.50,0.54,0.50,0.52,3406000,0.44
2012-02-08,0.485,0.50,0.475,0.50,2454000,0.423
2012-02-07,0.48,0.485,0.47,0.475,1073000,0.402
2012-02-06,0.47,0.49,0.47,0.485,974000,0.41
2012-02-03,0.47,0.48,0.465,0.48,1938000,0.406
2012-02-02,0.45,0.465,0.445,0.465,2834600,0.393
2012-02-01,0.495,0.495,0.455,0.46,5426000,0.389
2012-01-31,0.50,0.50,0.50,0.50,000,0.423
2012-01-30,0.50,0.50,0.50,0.50,000,0.423
2012-01-27,0.50,0.50,0.50,0.50,000,0.423
2012-01-26,0.50,0.50,0.50,0.50,000,0.423
2012-01-25,0.50,0.50,0.50,0.50,000,0.423
2012-01-24,0.50,0.50,0.50,0.50,000,0.423
2012-01-23,0.50,0.50,0.50,0.50,000,0.423
2012-01-20,0.50,0.51,0.49,0.50,502000,0.423
2012-01-19,0.475,0.50,0.475,0.49,612000,0.414
2012-01-18,0.485,0.485,0.48,0.48,542000,0.406
2012-01-17,0.48,0.49,0.475,0.485,738000,0.41
2012-01-16,0.475,0.485,0.47,0.485,84000,0.41
2012-01-13,0.48,0.49,0.47,0.49,300000,0.414
2012-01-12,0.47,0.475,0.47,0.475,292000,0.402
2012-01-11,0.47,0.47,0.465,0.465,38000,0.393
2012-01-10,0.47,0.475,0.465,0.465,238000,0.393
2012-01-09,0.47,0.48,0.455,0.46,318000,0.389
2012-01-06,0.47,0.47,0.465,0.465,548000,0.393
2012-01-05,0.485,0.485,0.47,0.47,64000,0.398
2012-01-04,0.48,0.48,0.475,0.475,374000,0.402
2012-01-03,0.47,0.48,0.47,0.475,58000,0.402
2012-01-02,0.465,0.465,0.465,0.465,000,0.393
2011-12-30,0.465,0.465,0.465,0.465,80000,0.393
2011-12-29,0.47,0.47,0.455,0.46,406000,0.389
2011-12-28,0.465,0.47,0.46,0.46,1050000,0.389
2011-12-27,0.475,0.475,0.475,0.475,000,0.402
2011-12-26,0.475,0.475,0.475,0.475,000,0.402
2011-12-23,0.475,0.475,0.47,0.475,146000,0.402
2011-12-22,0.47,0.475,0.46,0.475,238000,0.402
2011-12-21,0.475,0.475,0.47,0.47,190000,0.398
2011-12-20,0.475,0.475,0.455,0.465,250000,0.393
2011-12-19,0.455,0.455,0.455,0.455,100000,0.385
2011-12-16,0.45,0.465,0.45,0.455,258000,0.385
2011-12-15,0.455,0.46,0.45,0.46,416000,0.389
2011-12-14,0.46,0.47,0.46,0.47,128000,0.398
2011-12-13,0.455,0.455,0.455,0.455,36000,0.385
2011-12-12,0.46,0.46,0.46,0.46,100000,0.389
2011-12-09,0.45,0.465,0.445,0.46,1120000,0.389
2011-12-08,0.46,0.465,0.45,0.455,675000,0.385
2011-12-07,0.46,0.46,0.45,0.455,1006000,0.385
2011-12-06,0.45,0.465,0.45,0.46,1334000,0.389
2011-12-05,0.45,0.455,0.44,0.455,649100,0.385
2011-12-02,0.44,0.46,0.44,0.45,574000,0.381
2011-12-01,0.46,0.465,0.43,0.45,4442000,0.381
2011-11-30,0.48,0.485,0.415,0.42,4644000,0.355
2011-11-29,0.48,0.49,0.475,0.49,736000,0.414
2011-11-28,0.48,0.495,0.475,0.48,718000,0.406
2011-11-25,0.475,0.49,0.475,0.49,608000,0.414
2011-11-24,0.48,0.50,0.475,0.48,2180000,0.406
2011-11-23,0.51,0.51,0.50,0.50,814600,0.423
2011-11-22,0.52,0.52,0.51,0.52,722000,0.44
2011-11-21,0.53,0.54,0.52,0.52,1090000,0.44
2011-11-18,0.53,0.54,0.52,0.54,932000,0.457
2011-11-17,0.53,0.54,0.52,0.54,1756000,0.457
2011-11-16,0.55,0.56,0.53,0.54,1178000,0.457
2011-11-15,0.53,0.58,0.53,0.54,4862000,0.457
2011-11-14,0.52,0.53,0.51,0.52,1488000,0.44
2011-11-11,0.50,0.52,0.50,0.52,1862000,0.44
2011-11-10,0.51,0.52,0.50,0.51,1882000,0.431
2011-11-09,0.54,0.54,0.51,0.53,3906000,0.448
2011-11-08,0.53,0.55,0.53,0.54,1518000,0.457
2011-11-07,0.52,0.53,0.51,0.52,896000,0.44
2011-11-04,0.52,0.53,0.50,0.52,1552000,0.44
2011-11-03,0.50,0.51,0.495,0.51,2720000,0.431
2011-11-02,0.51,0.51,0.49,0.50,1594800,0.423
2011-11-01,0.52,0.53,0.51,0.52,494000,0.44
2011-10-31,0.55,0.55,0.51,0.53,2138000,0.448
2011-10-28,0.51,0.57,0.51,0.53,4884000,0.448
2011-10-27,0.485,0.52,0.48,0.50,4376400,0.423
2011-10-26,0.495,0.495,0.49,0.49,2258000,0.414
2011-10-25,0.51,0.51,0.495,0.50,885000,0.423
2011-10-24,0.51,0.51,0.495,0.51,184000,0.431
2011-10-21,0.51,0.53,0.49,0.49,724000,0.414
2011-10-20,0.50,0.50,0.49,0.50,605000,0.423
2011-10-19,0.50,0.53,0.49,0.51,1388100,0.431
2011-10-18,0.54,0.55,0.495,0.495,2204000,0.419
2011-10-17,0.51,0.55,0.495,0.52,1432000,0.44
2011-10-14,0.48,0.52,0.465,0.485,968000,0.41
2011-10-13,0.47,0.49,0.46,0.475,1430000,0.402
2011-10-12,0.46,0.46,0.425,0.45,1512000,0.381
2011-10-11,0.48,0.49,0.47,0.48,586000,0.406
2011-10-10,0.46,0.49,0.43,0.47,568000,0.398
2011-10-07,0.47,0.49,0.415,0.465,1800000,0.393
2011-10-06,0.495,0.495,0.465,0.47,572000,0.398
2011-10-04,0.49,0.50,0.47,0.495,800000,0.419
2011-10-03,0.50,0.50,0.49,0.495,274000,0.419
2011-09-30,0.55,0.55,0.55,0.55,133000,0.465
2011-09-28,0.54,0.55,0.52,0.52,248000,0.44
2011-09-27,0.51,0.56,0.50,0.56,1438000,0.474
2011-09-26,0.55,0.55,0.50,0.50,188000,0.423
2011-09-23,0.51,0.55,0.50,0.55,1900000,0.465
2011-09-22,0.63,0.63,0.52,0.54,162000,0.457
2011-09-21,0.56,0.56,0.55,0.55,1276000,0.465
2011-09-20,0.55,0.57,0.55,0.56,516000,0.474
2011-09-19,0.60,0.61,0.57,0.58,484000,0.491
2011-09-16,0.62,0.62,0.58,0.59,911000,0.499
2011-09-15,0.65,0.65,0.60,0.61,480000,0.516
2011-09-14,0.66,0.66,0.57,0.59,334000,0.499
2011-09-12,0.64,0.66,0.60,0.66,978000,0.558
2011-09-09,0.66,0.66,0.65,0.66,988000,0.558
2011-09-08,0.71,0.73,0.68,0.70,2268000,0.573
2011-09-07,0.74,0.74,0.72,0.72,74000,0.589
2011-09-06,0.77,0.78,0.74,0.74,764000,0.606
2011-09-05,0.75,0.75,0.75,0.75,348000,0.614
2011-09-02,0.76,0.76,0.75,0.75,270000,0.614
2011-09-01,0.76,0.78,0.76,0.77,202000,0.63
2011-08-31,0.76,0.78,0.76,0.78,500000,0.639
2011-08-30,0.76,0.76,0.76,0.76,16000,0.622
2011-08-29,0.76,0.76,0.76,0.76,92000,0.622
2011-08-26,0.73,0.73,0.73,0.73,36000,0.598
2011-08-25,0.73,0.77,0.73,0.77,352000,0.63
2011-08-24,0.73,0.74,0.73,0.74,152000,0.606
2011-08-23,0.75,0.75,0.73,0.73,78000,0.598
2011-08-22,0.73,0.74,0.73,0.73,600000,0.598
2011-08-19,0.73,0.79,0.71,0.73,314000,0.598
2011-08-18,0.74,0.79,0.74,0.79,220000,0.647
2011-08-17,0.79,0.79,0.79,0.79,2000,0.647
2011-08-16,0.78,0.81,0.78,0.80,384000,0.655
2011-08-15,0.73,0.78,0.73,0.77,332000,0.63
2011-08-12,0.75,0.77,0.74,0.74,398000,0.606
2011-08-11,0.72,0.74,0.72,0.74,585000,0.606
2011-08-10,0.75,0.75,0.73,0.73,704000,0.598
2011-08-09,0.74,0.75,0.68,0.72,1098000,0.589
2011-08-08,0.76,0.76,0.67,0.72,2402000,0.589
2011-08-05,0.76,0.84,0.74,0.78,1664000,0.639
2011-08-04,0.83,0.83,0.79,0.79,320000,0.647
2011-08-03,0.78,0.86,0.78,0.85,442000,0.696
2011-08-02,0.79,0.79,0.78,0.78,278000,0.639
2011-08-01,0.80,0.81,0.80,0.80,216000,0.655
2011-07-29,0.80,0.81,0.80,0.81,1405000,0.663
2011-07-28,0.82,0.82,0.81,0.81,10000,0.663
2011-07-27,0.82,0.82,0.82,0.82,24000,0.671
2011-07-26,0.84,0.84,0.84,0.84,110000,0.688
2011-07-25,0.81,0.82,0.81,0.81,116000,0.663
2011-07-22,0.81,0.82,0.81,0.82,400000,0.671
2011-07-21,0.82,0.82,0.82,0.82,516000,0.671
2011-07-20,0.81,0.82,0.81,0.82,202000,0.671
2011-07-19,0.80,0.82,0.80,0.82,356000,0.671
2011-07-18,0.80,0.82,0.79,0.80,978000,0.655
2011-07-15,0.82,0.89,0.82,0.83,638000,0.679
2011-07-14,0.86,0.89,0.86,0.86,1212000,0.704
2011-07-13,0.86,0.86,0.83,0.86,652000,0.704
2011-07-12,0.87,0.89,0.87,0.88,122000,0.72
2011-07-11,0.87,0.88,0.84,0.88,274000,0.72
2011-07-08,0.88,0.89,0.87,0.89,214000,0.729
2011-07-07,0.89,0.89,0.89,0.89,56000,0.729
2011-07-06,0.90,0.90,0.89,0.90,268000,0.737
2011-07-05,0.90,0.90,0.90,0.90,200000,0.737
2011-07-04,0.90,0.90,0.90,0.90,162000,0.737
2011-06-30,0.91,0.91,0.88,0.89,54000,0.729
2011-06-29,0.90,0.90,0.90,0.90,104000,0.737
2011-06-28,0.92,0.92,0.87,0.89,906000,0.729
2011-06-27,0.89,0.92,0.88,0.90,1214000,0.737
2011-06-24,0.89,0.90,0.89,0.90,408000,0.737
2011-06-23,0.92,0.92,0.86,0.89,74000,0.729
2011-06-22,0.89,0.89,0.87,0.87,32000,0.712
2011-06-21,0.89,0.92,0.89,0.90,714000,0.737
2011-06-20,0.89,0.90,0.89,0.90,896000,0.737
2011-06-17,0.89,0.90,0.89,0.90,452000,0.737
2011-06-16,0.91,0.91,0.86,0.90,1772000,0.737
2011-06-15,0.90,0.91,0.88,0.90,2410000,0.737
2011-06-14,0.92,0.92,0.86,0.87,1332000,0.712
2011-06-13,0.96,0.96,0.81,0.85,7636000,0.696
2011-06-10,0.96,0.97,0.96,0.97,254000,0.794
2011-06-09,0.96,0.97,0.95,0.96,1642000,0.786
2011-06-08,0.98,0.99,0.95,0.96,2534000,0.786
2011-06-07,0.99,1.00,0.97,0.97,232000,0.794
2011-06-03,1.00,1.01,0.99,1.00,198000,0.819
2011-06-02,0.97,1.03,0.97,1.03,1634000,0.843
2011-06-01,1.00,1.00,0.93,1.00,3124000,0.819
2011-05-31,1.00,1.02,0.99,1.02,738000,0.835
2011-05-30,1.00,1.02,1.00,1.00,622000,0.819
2011-05-27,0.99,1.00,0.98,0.99,108000,0.81
2011-05-26,0.99,1.01,0.99,1.00,416000,0.819
2011-05-25,1.00,1.00,0.98,0.99,648000,0.81
2011-05-24,1.02,1.02,1.00,1.02,242000,0.835
2011-05-23,1.03,1.04,1.01,1.01,374000,0.827
2011-05-20,1.06,1.07,1.03,1.05,1314000,0.86
2011-05-19,1.09,1.09,1.06,1.07,700000,0.876
2011-05-18,1.10,1.11,1.10,1.11,1560000,0.885
2011-05-17,1.11,1.12,1.11,1.11,384000,0.885
2011-05-16,1.13,1.14,1.12,1.12,122000,0.893
2011-05-13,1.14,1.14,1.13,1.13,406000,0.901
2011-05-12,1.13,1.13,1.12,1.13,560000,0.901
2011-05-11,1.11,1.11,1.10,1.10,1640000,0.877
2011-05-09,1.11,1.11,1.09,1.10,508000,0.877
2011-05-06,1.11,1.11,1.10,1.11,286000,0.885
2011-05-05,1.11,1.11,1.09,1.10,810000,0.877
2011-05-04,1.11,1.12,1.10,1.11,492000,0.885
2011-05-03,1.12,1.13,1.12,1.13,608000,0.901
2011-04-29,1.12,1.12,1.11,1.11,336000,0.885
2011-04-28,1.12,1.13,1.12,1.12,222000,0.893
2011-04-27,1.12,1.12,1.11,1.12,452000,0.893
2011-04-26,1.12,1.12,1.11,1.11,206000,0.885
2011-04-21,1.12,1.13,1.12,1.13,572000,0.901
2011-04-20,1.13,1.14,1.12,1.13,494500,0.901
2011-04-19,1.13,1.13,1.11,1.12,1336000,0.893
2011-04-18,1.13,1.14,1.12,1.14,1063500,0.909
2011-04-15,1.13,1.14,1.11,1.13,598000,0.901
2011-04-14,1.11,1.14,1.11,1.12,1066000,0.893
2011-04-13,1.12,1.13,1.10,1.11,1109000,0.885
2011-04-12,1.14,1.14,1.11,1.12,2542000,0.893
2011-04-11,1.14,1.20,1.13,1.14,1546000,0.909
2011-04-08,1.13,1.14,1.12,1.14,710000,0.909
2011-04-07,1.15,1.15,1.13,1.14,150000,0.909
2011-04-06,1.14,1.15,1.12,1.15,1211000,0.917
2011-04-04,1.17,1.20,1.14,1.15,572000,0.917
2011-04-01,1.15,1.15,1.11,1.15,2312000,0.917
2011-03-31,1.17,1.19,1.09,1.15,3494000,0.917
2011-03-30,1.22,1.23,1.19,1.22,736000,0.973
2011-03-29,1.20,1.21,1.19,1.19,484000,0.949
2011-03-28,1.17,1.20,1.17,1.20,22000,0.957
2011-03-25,1.20,1.22,1.18,1.20,634000,0.957
2011-03-24,1.20,1.24,1.16,1.23,1168000,0.981
2011-03-23,1.17,1.21,1.15,1.21,1630000,0.965
2011-03-22,1.17,1.20,1.17,1.18,148000,0.941
2011-03-21,1.19,1.21,1.17,1.19,1976000,0.949
2011-03-18,1.15,1.17,1.13,1.14,362000,0.909
2011-03-17,1.19,1.19,1.11,1.15,424000,0.917
2011-03-16,1.12,1.17,1.10,1.16,1735000,0.925
2011-03-15,1.13,1.13,1.09,1.09,1620000,0.869
2011-03-14,1.15,1.16,1.10,1.15,2502000,0.917
2011-03-11,1.15,1.16,1.14,1.16,1640000,0.925
2011-03-10,1.21,1.21,1.14,1.16,3790000,0.925
2011-03-09,1.16,1.18,1.16,1.18,4560000,0.941
2011-03-08,1.20,1.20,1.16,1.17,682000,0.933
2011-03-07,1.17,1.20,1.17,1.17,646000,0.933
2011-03-04,1.19,1.19,1.17,1.17,786000,0.933
2011-03-03,1.16,1.19,1.16,1.17,1517000,0.933
2011-03-02,1.16,1.20,1.16,1.16,946000,0.925
2011-03-01,1.16,1.18,1.16,1.16,1221000,0.925
2011-02-28,1.17,1.19,1.16,1.18,703000,0.941
2011-02-25,1.17,1.20,1.15,1.17,2173000,0.933
2011-02-24,1.20,1.21,1.16,1.17,1898000,0.933
2011-02-23,1.20,1.21,1.19,1.19,671000,0.949
2011-02-22,1.20,1.22,1.20,1.20,5430000,0.957
2011-02-21,1.22,1.22,1.21,1.22,447900,0.973
2011-02-18,1.22,1.24,1.22,1.23,386000,0.981
2011-02-17,1.23,1.23,1.21,1.22,1170100,0.973
2011-02-16,1.24,1.24,1.23,1.23,244000,0.981
2011-02-15,1.22,1.24,1.22,1.23,683000,0.981
2011-02-14,1.23,1.24,1.22,1.22,758000,0.973
2011-02-11,1.20,1.24,1.20,1.23,3080000,0.981
2011-02-10,1.26,1.27,1.24,1.24,890000,0.989
2011-02-09,1.28,1.28,1.25,1.25,1596000,0.997
2011-02-08,1.28,1.30,1.28,1.30,898000,1.036
2011-02-07,1.27,1.29,1.27,1.27,526000,1.013
2011-02-02,1.26,1.27,1.24,1.27,1347800,1.013
2011-02-01,1.27,1.27,1.24,1.26,2136000,1.005
2011-01-31,1.26,1.27,1.23,1.25,1290000,0.997
2011-01-28,1.27,1.28,1.27,1.27,390000,1.013
2011-01-27,1.26,1.29,1.26,1.27,575000,1.013
2011-01-26,1.29,1.30,1.27,1.28,1136000,1.02
2011-01-25,1.30,1.30,1.28,1.29,1210000,1.028
2011-01-24,1.30,1.31,1.28,1.29,939200,1.028
2011-01-21,1.33,1.34,1.30,1.31,1564000,1.044
2011-01-20,1.33,1.35,1.31,1.33,1074900,1.06
2011-01-19,1.32,1.37,1.32,1.36,1280000,1.084
2011-01-18,1.38,1.39,1.33,1.34,2066000,1.068
2011-01-17,1.34,1.42,1.34,1.35,9364000,1.076
2011-01-14,1.31,1.32,1.29,1.30,1138000,1.036
2011-01-13,1.27,1.34,1.26,1.30,5858000,1.036
2011-01-12,1.26,1.29,1.26,1.27,1326000,1.013
2011-01-11,1.27,1.29,1.27,1.27,1298000,1.013
2011-01-10,1.30,1.30,1.28,1.28,982000,1.02
2011-01-07,1.28,1.30,1.28,1.27,306000,1.013
2011-01-06,1.30,1.30,1.26,1.27,792000,1.013
2011-01-05,1.32,1.32,1.29,1.29,788000,1.028
2011-01-04,1.28,1.31,1.28,1.30,3156000,1.036
2011-01-03,1.29,1.29,1.26,1.27,1224000,1.013
2010-12-31,1.28,1.28,1.26,1.28,94000,1.02
2010-12-30,1.27,1.27,1.25,1.27,416000,1.013
2010-12-29,1.26,1.27,1.25,1.26,632000,1.005
2010-12-28,1.28,1.30,1.25,1.26,338000,1.005
2010-12-24,1.28,1.29,1.28,1.28,838000,1.02
2010-12-23,1.29,1.29,1.27,1.27,158000,1.013
2010-12-22,1.28,1.33,1.28,1.29,904000,1.028
2010-12-21,1.23,1.28,1.23,1.28,596000,1.02
2010-12-20,1.28,1.28,1.23,1.25,750000,0.997
2010-12-17,1.26,1.29,1.26,1.29,724000,1.028
2010-12-16,1.27,1.28,1.24,1.25,1328000,0.997
2010-12-15,1.30,1.30,1.27,1.28,1152000,1.02
2010-12-14,1.31,1.32,1.29,1.29,5702000,1.028
2010-12-13,1.30,1.32,1.29,1.29,822000,1.028
2010-12-10,1.33,1.33,1.29,1.29,1550000,1.028
2010-12-09,1.31,1.32,1.30,1.32,464000,1.052
2010-12-08,1.32,1.33,1.31,1.32,1960000,1.052
2010-12-07,1.32,1.36,1.31,1.34,3612000,1.068
2010-12-06,1.32,1.35,1.31,1.33,4516000,1.06
2010-12-03,1.31,1.31,1.28,1.28,1998000,1.02
2010-12-02,1.36,1.38,1.29,1.30,2908000,1.036
2010-12-01,1.35,1.38,1.33,1.34,3948000,1.068
2010-11-30,1.28,1.45,1.26,1.37,15982000,1.092
2010-11-29,1.25,1.25,1.23,1.25,712000,0.997
2010-11-26,1.24,1.24,1.23,1.24,216000,0.989
2010-11-25,1.22,1.25,1.20,1.25,798000,0.997
2010-11-24,1.20,1.23,1.20,1.22,228000,0.973
2010-11-23,1.23,1.25,1.20,1.20,1994000,0.957
2010-11-22,1.20,1.25,1.20,1.24,534000,0.989
2010-11-19,1.22,1.24,1.22,1.23,656000,0.981
2010-11-18,1.22,1.23,1.21,1.23,744000,0.981
2010-11-17,1.23,1.23,1.21,1.21,866000,0.965
2010-11-16,1.26,1.26,1.22,1.23,1106000,0.981
2010-11-15,1.23,1.24,1.22,1.24,1654000,0.989
2010-11-12,1.25,1.26,1.24,1.24,1172000,0.989
2010-11-11,1.25,1.27,1.25,1.26,1006000,1.005
2010-11-10,1.27,1.27,1.25,1.26,826000,1.005
2010-11-09,1.27,1.27,1.26,1.27,896000,1.013
2010-11-08,1.29,1.29,1.25,1.27,2056000,1.013
2010-11-05,1.27,1.28,1.27,1.28,1366000,1.02
2010-11-04,1.29,1.29,1.27,1.27,1988000,1.013
2010-11-03,1.25,1.30,1.25,1.29,3337500,1.028
2010-11-02,1.27,1.27,1.25,1.27,1060900,1.013
2010-11-01,1.26,1.29,1.25,1.26,1519500,1.005
2010-10-29,1.27,1.27,1.27,1.27,878000,1.013
2010-10-28,1.27,1.28,1.27,1.27,216000,1.013
2010-10-27,1.31,1.31,1.26,1.27,2835000,1.013
2010-10-26,1.30,1.31,1.29,1.30,2444000,1.036
2010-10-25,1.31,1.35,1.28,1.28,6966000,1.02
2010-10-22,1.31,1.32,1.28,1.30,2818000,1.036
2010-10-21,1.29,1.31,1.28,1.29,2250000,1.028
2010-10-20,1.29,1.31,1.27,1.29,1132000,1.028
2010-10-19,1.33,1.34,1.30,1.31,2044000,1.044
2010-10-18,1.32,1.35,1.30,1.30,1956000,1.036
2010-10-15,1.30,1.32,1.28,1.32,928000,1.052
2010-10-14,1.33,1.33,1.29,1.31,688000,1.044
2010-10-13,1.33,1.34,1.28,1.32,2696000,1.052
2010-10-12,1.24,1.33,1.24,1.33,2988000,1.06
2010-10-11,1.27,1.27,1.24,1.26,2158000,1.005
2010-10-08,1.25,1.27,1.25,1.26,1166000,1.005
2010-10-07,1.24,1.27,1.24,1.27,838000,1.013
2010-10-06,1.25,1.25,1.24,1.24,694000,0.989
2010-10-05,1.24,1.25,1.23,1.24,405000,0.989
2010-10-04,1.27,1.28,1.23,1.26,544000,1.005
2010-09-30,1.24,1.26,1.19,1.26,1088000,1.005
2010-09-29,1.25,1.27,1.24,1.25,510000,0.997
2010-09-28,1.23,1.25,1.23,1.25,1350000,0.997
2010-09-27,1.28,1.28,1.25,1.25,858000,0.997
2010-09-24,1.26,1.29,1.26,1.28,590000,1.02
2010-09-22,1.30,1.30,1.27,1.28,3244000,1.02
2010-09-21,1.29,1.33,1.29,1.31,2230000,1.044
2010-09-20,1.30,1.35,1.30,1.31,564000,1.044
2010-09-17,1.34,1.34,1.29,1.29,1384200,1.028
2010-09-16,1.39,1.39,1.32,1.34,2186000,1.068
2010-09-15,1.37,1.41,1.35,1.40,3070000,1.088
2010-09-14,1.30,1.38,1.30,1.37,3700000,1.065
2010-09-13,1.29,1.31,1.29,1.30,1538000,1.011
2010-09-10,1.28,1.28,1.26,1.28,696000,0.995
2010-09-09,1.29,1.29,1.26,1.28,986000,0.995
2010-09-08,1.26,1.29,1.26,1.28,1534000,0.995
2010-09-07,1.25,1.27,1.25,1.26,2166000,0.98
2010-09-06,1.25,1.26,1.24,1.25,2176000,0.972
2010-09-03,1.25,1.28,1.24,1.25,2720000,0.972
2010-09-02,1.22,1.30,1.21,1.27,3822000,0.987
2010-09-01,1.23,1.23,1.20,1.22,2536000,0.948
2010-08-31,1.25,1.25,1.15,1.20,4406000,0.933
2010-08-30,1.27,1.27,1.24,1.25,208000,0.972
2010-08-27,1.25,1.27,1.23,1.23,612000,0.956
2010-08-26,1.25,1.26,1.25,1.25,516600,0.972
2010-08-25,1.27,1.27,1.25,1.26,788000,0.98
2010-08-24,1.26,1.29,1.26,1.28,730000,0.995
2010-08-23,1.29,1.29,1.25,1.26,521000,0.98
2010-08-20,1.29,1.30,1.28,1.29,870000,1.003
2010-08-19,1.29,1.30,1.29,1.30,256000,1.011
2010-08-18,1.30,1.30,1.29,1.29,637000,1.003
2010-08-17,1.30,1.30,1.28,1.28,492600,0.995
2010-08-16,1.30,1.31,1.29,1.29,1054000,1.003
2010-08-13,1.30,1.32,1.30,1.30,682000,1.011
2010-08-12,1.26,1.31,1.26,1.31,854000,1.018
2010-08-11,1.30,1.30,1.29,1.30,292000,1.011
2010-08-10,1.33,1.33,1.29,1.29,1163000,1.003
2010-08-09,1.31,1.31,1.31,1.31,72000,1.018
2010-08-06,1.30,1.32,1.30,1.31,229500,1.018
2010-08-05,1.30,1.30,1.28,1.30,284000,1.011
2010-08-04,1.29,1.30,1.27,1.30,396000,1.011
2010-08-03,1.30,1.30,1.29,1.29,248000,1.003
2010-08-02,1.29,1.31,1.28,1.31,157000,1.018
2010-07-30,1.29,1.31,1.28,1.30,536000,1.011
2010-07-29,1.29,1.32,1.29,1.30,592000,1.011
2010-07-28,1.26,1.31,1.26,1.29,1345000,1.003
2010-07-27,1.27,1.32,1.26,1.27,1864000,0.987
2010-07-26,1.25,1.26,1.21,1.25,1010000,0.972
2010-07-23,1.25,1.26,1.22,1.23,796000,0.956
2010-07-22,1.25,1.26,1.22,1.26,515000,0.98
2010-07-21,1.25,1.25,1.22,1.24,352000,0.964
2010-07-20,1.26,1.26,1.22,1.23,742000,0.956
2010-07-19,1.22,1.24,1.19,1.21,1248000,0.941
2010-07-16,1.17,1.21,1.16,1.21,356000,0.941
2010-07-15,1.19,1.19,1.16,1.18,242000,0.917
2010-07-14,1.17,1.19,1.17,1.19,530000,0.925
2010-07-13,1.15,1.17,1.15,1.17,534000,0.91
2010-07-12,1.13,1.16,1.13,1.14,136000,0.886
2010-07-09,1.13,1.17,1.13,1.15,452000,0.894
2010-07-08,1.12,1.15,1.11,1.13,456000,0.878
2010-07-07,1.11,1.13,1.11,1.12,168000,0.871
2010-07-06,1.12,1.13,1.10,1.13,182000,0.878
2010-07-05,1.11,1.12,1.09,1.11,1400000,0.863
2010-07-02,1.16,1.16,1.13,1.13,738000,0.878
2010-06-30,1.16,1.16,1.15,1.16,277000,0.902
2010-06-29,1.17,1.17,1.13,1.16,1022000,0.902
2010-06-28,1.18,1.19,1.17,1.17,263000,0.91
2010-06-25,1.23,1.23,1.17,1.18,2832000,0.917
2010-06-24,1.21,1.24,1.21,1.24,454000,0.964
2010-06-23,1.20,1.21,1.19,1.20,226000,0.933
2010-06-22,1.20,1.21,1.18,1.21,1006000,0.941
2010-06-21,1.24,1.24,1.20,1.22,932000,0.948
2010-06-18,1.25,1.26,1.21,1.22,1726000,0.948
2010-06-17,1.22,1.24,1.22,1.22,248000,0.948
2010-06-15,1.23,1.25,1.20,1.22,427000,0.948
2010-06-14,1.21,1.24,1.18,1.23,474000,0.956
2010-06-11,1.20,1.23,1.16,1.19,460000,0.925
2010-06-10,1.20,1.22,1.18,1.19,1042000,0.925
2010-06-09,1.25,1.25,1.20,1.23,148000,0.956
2010-06-08,1.23,1.23,1.18,1.21,1030000,0.941
2010-06-07,1.22,1.26,1.22,1.25,152000,0.972
2010-06-04,1.27,1.27,1.23,1.27,374000,0.987
2010-06-03,1.24,1.25,1.22,1.25,306000,0.972
2010-06-02,1.22,1.22,1.19,1.20,310000,0.933
2010-06-01,1.22,1.23,1.19,1.23,456000,0.956
2010-05-31,1.18,1.22,1.17,1.22,220000,0.948
2010-05-28,1.23,1.24,1.18,1.20,720000,0.933
2010-05-27,1.15,1.24,1.15,1.23,503000,0.956
2010-05-26,1.19,1.24,1.12,1.18,1380000,0.917
2010-05-25,1.24,1.24,1.15,1.19,312000,0.925
2010-05-24,1.20,1.30,1.16,1.24,301000,0.964
2010-05-20,1.22,1.25,1.15,1.17,980000,0.91
2010-05-19,1.22,1.23,1.22,1.22,200000,0.948
2010-05-18,1.25,1.25,1.23,1.25,242000,0.972
2010-05-17,1.22,1.27,1.22,1.23,1075000,0.956
2010-05-14,1.25,1.28,1.24,1.28,399000,0.995
2010-05-13,1.21,1.27,1.21,1.26,541000,0.98
2010-05-12,1.30,1.32,1.23,1.25,1042000,0.972
2010-05-11,1.37,1.37,1.28,1.29,496000,1.003
2010-05-10,1.33,1.38,1.33,1.37,575000,1.04
2010-05-07,1.32,1.37,1.32,1.36,797400,1.032
2010-05-06,1.40,1.40,1.33,1.37,916000,1.04
2010-05-05,1.44,1.44,1.39,1.41,730000,1.07
2010-05-04,1.42,1.46,1.42,1.45,393000,1.101
2010-05-03,1.43,1.43,1.41,1.43,310000,1.085
2010-04-30,1.47,1.48,1.43,1.43,894000,1.085
2010-04-29,1.46,1.47,1.45,1.45,747000,1.101
2010-04-28,1.45,1.49,1.42,1.45,2547000,1.101
2010-04-27,1.48,1.50,1.46,1.48,450000,1.123
2010-04-26,1.49,1.50,1.45,1.50,711000,1.138
2010-04-23,1.43,1.49,1.43,1.48,1013000,1.123
2010-04-22,1.48,1.48,1.42,1.47,2492000,1.116
2010-04-21,1.44,1.47,1.44,1.46,372000,1.108
2010-04-20,1.45,1.48,1.43,1.43,1214000,1.085
2010-04-19,1.50,1.50,1.43,1.45,1234000,1.101
2010-04-16,1.48,1.48,1.46,1.47,794000,1.116
2010-04-15,1.52,1.54,1.49,1.49,1306000,1.131
2010-04-14,1.48,1.52,1.48,1.52,696000,1.154
2010-04-13,1.51,1.52,1.46,1.48,2515000,1.123
2010-04-12,1.55,1.55,1.51,1.51,2378000,1.146
2010-04-09,1.50,1.55,1.49,1.52,1358000,1.154
2010-04-08,1.46,1.54,1.46,1.53,794000,1.161
2010-04-07,1.46,1.50,1.46,1.48,1694000,1.123
2010-04-01,1.44,1.48,1.44,1.47,476000,1.116
2010-03-31,1.43,1.48,1.41,1.44,1518000,1.093
2010-03-30,1.47,1.47,1.43,1.44,1120000,1.093
2010-03-29,1.44,1.49,1.41,1.43,4186000,1.085
2010-03-26,1.42,1.46,1.41,1.41,1052000,1.07
2010-03-25,1.40,1.43,1.34,1.41,2803000,1.07
2010-03-24,1.43,1.43,1.39,1.41,1111300,1.07
2010-03-23,1.35,1.45,1.35,1.43,2780000,1.085
2010-03-22,1.33,1.38,1.33,1.36,1886000,1.032
2010-03-19,1.34,1.37,1.34,1.34,462000,1.017
2010-03-18,1.33,1.39,1.33,1.35,624000,1.025
2010-03-17,1.32,1.35,1.31,1.35,710000,1.025
2010-03-16,1.33,1.33,1.31,1.33,236000,1.009
2010-03-15,1.34,1.34,1.32,1.32,290000,1.002
2010-03-12,1.34,1.35,1.33,1.33,312000,1.009
2010-03-11,1.35,1.36,1.34,1.35,781000,1.025
2010-03-10,1.36,1.37,1.35,1.36,1178000,1.032
2010-03-09,1.35,1.36,1.32,1.34,600000,1.017
2010-03-08,1.40,1.40,1.36,1.38,372000,1.047
2010-03-05,1.36,1.38,1.36,1.38,206000,1.047
2010-03-04,1.41,1.41,1.32,1.37,737700,1.04
2010-03-03,1.44,1.44,1.41,1.44,552000,1.093
2010-03-02,1.38,1.43,1.37,1.43,754000,1.085
2010-03-01,1.37,1.38,1.34,1.37,430000,1.04
2010-02-26,1.37,1.37,1.35,1.37,700000,1.04
2010-02-25,1.32,1.38,1.32,1.35,462000,1.025
2010-02-24,1.36,1.36,1.34,1.34,82000,1.017
2010-02-23,1.32,1.36,1.32,1.34,102000,1.017
2010-02-22,1.34,1.35,1.33,1.34,122000,1.017
2010-02-19,1.36,1.36,1.32,1.33,184000,1.009
2010-02-18,1.36,1.38,1.35,1.36,186000,1.032
2010-02-17,1.31,1.38,1.31,1.37,952000,1.04
2010-02-12,1.30,1.36,1.30,1.35,684000,1.025
2010-02-11,1.28,1.34,1.28,1.30,164000,0.987
2010-02-10,1.28,1.30,1.26,1.28,222000,0.971
2010-02-09,1.26,1.28,1.24,1.26,648700,0.956
2010-02-08,1.29,1.30,1.25,1.30,2650000,0.987
2010-02-05,1.30,1.32,1.29,1.30,1464000,0.987
2010-02-04,1.34,1.37,1.34,1.35,228000,1.025
2010-02-03,1.33,1.38,1.33,1.37,391100,1.04
2010-02-02,1.33,1.41,1.32,1.32,748000,1.002
2010-02-01,1.39,1.39,1.32,1.32,678000,1.002
2010-01-29,1.30,1.36,1.30,1.33,338000,1.009
2010-01-28,1.34,1.35,1.30,1.32,968000,1.002
2010-01-27,1.38,1.40,1.30,1.31,1162000,0.994
2010-01-26,1.45,1.47,1.34,1.40,1862000,1.063
2010-01-25,1.49,1.49,1.43,1.45,864000,1.101
2010-01-22,1.51,1.51,1.40,1.49,2636000,1.131
2010-01-21,1.50,1.64,1.46,1.53,4942000,1.161
2010-01-20,1.48,1.59,1.40,1.50,4590000,1.138
2010-01-19,1.45,1.47,1.40,1.47,1666000,1.116
2010-01-18,1.33,1.46,1.33,1.45,1981000,1.101
2010-01-15,1.39,1.39,1.35,1.36,688000,1.032
2010-01-14,1.34,1.40,1.33,1.37,1444000,1.04
2010-01-13,1.40,1.40,1.30,1.32,2703000,1.002
2010-01-12,1.33,1.40,1.33,1.40,2570000,1.063
2010-01-11,1.26,1.33,1.26,1.31,1394000,0.994
2010-01-08,1.28,1.33,1.25,1.26,1204000,0.956
2010-01-07,1.27,1.28,1.27,1.28,158000,0.971
2010-01-06,1.30,1.31,1.28,1.28,1664000,0.971
2010-01-05,1.24,1.28,1.24,1.26,616000,0.956
2010-01-04,1.27,1.27,1.24,1.24,64000,0.941
2010-01-01,1.25,1.25,1.25,1.25,000,0.949
2009-12-31,1.27,1.27,1.24,1.25,76000,0.949
2009-12-30,1.27,1.27,1.23,1.27,140000,0.964
2009-12-29,1.25,1.28,1.24,1.27,212000,0.964
2009-12-28,1.26,1.28,1.24,1.24,306000,0.941
2009-12-25,1.26,1.26,1.26,1.26,000,0.956
2009-12-24,1.26,1.26,1.26,1.26,000,0.956
2009-12-23,1.26,1.27,1.26,1.26,722000,0.956
2009-12-22,1.25,1.27,1.21,1.21,458000,0.918
2009-12-21,1.20,1.28,1.20,1.26,798000,0.956
2009-12-18,1.18,1.22,1.18,1.22,258000,0.926
2009-12-17,1.25,1.30,1.22,1.22,686000,0.926
2009-12-16,1.28,1.28,1.24,1.26,666000,0.956
2009-12-15,1.26,1.30,1.26,1.28,194000,0.971
2009-12-14,1.28,1.30,1.26,1.28,988000,0.971
2009-12-11,1.29,1.31,1.28,1.30,1060000,0.987
2009-12-10,1.29,1.32,1.28,1.32,1214000,1.002
2009-12-09,1.29,1.30,1.25,1.29,536000,0.979
2009-12-08,1.33,1.33,1.27,1.27,180000,0.964
2009-12-07,1.30,1.32,1.26,1.27,632000,0.964
2009-12-04,1.25,1.35,1.25,1.29,2550000,0.979
2009-12-03,1.22,1.29,1.22,1.27,600000,0.964
2009-12-02,1.21,1.24,1.21,1.23,496000,0.934
2009-12-01,1.19,1.22,1.18,1.21,544000,0.918
2009-11-30,1.16,1.23,1.16,1.21,698000,0.918
2009-11-27,1.20,1.20,1.16,1.16,766000,0.88
2009-11-26,1.20,1.20,1.17,1.20,710000,0.911
2009-11-25,1.22,1.23,1.19,1.21,461000,0.918
2009-11-24,1.20,1.23,1.19,1.19,330000,0.903
2009-11-23,1.20,1.21,1.19,1.20,648000,0.911
2009-11-20,1.25,1.28,1.21,1.21,958000,0.918
2009-11-19,1.26,1.28,1.25,1.27,250000,0.964
2009-11-18,1.29,1.30,1.25,1.25,1366000,0.949
2009-11-17,1.28,1.30,1.25,1.30,1614000,0.987
2009-11-16,1.22,1.29,1.22,1.23,402000,0.934
2009-11-13,1.25,1.29,1.23,1.26,662000,0.956
2009-11-12,1.20,1.24,1.20,1.22,532000,0.926
2009-11-11,1.15,1.20,1.15,1.20,1430000,0.911
2009-11-10,1.16,1.21,1.16,1.18,1272000,0.896
2009-11-09,1.22,1.23,1.18,1.20,278000,0.911
2009-11-06,1.18,1.21,1.18,1.21,222000,0.918
2009-11-05,1.17,1.18,1.17,1.18,14000,0.896
2009-11-04,1.17,1.19,1.17,1.18,312000,0.896
2009-11-03,1.18,1.21,1.18,1.20,166000,0.911
2009-11-02,1.14,1.22,1.14,1.21,198000,0.918
2009-10-30,1.21,1.21,1.18,1.18,235500,0.896
2009-10-29,1.20,1.20,1.17,1.17,408000,0.888
2009-10-28,1.22,1.25,1.21,1.23,802000,0.934
2009-10-27,1.21,1.22,1.21,1.22,194000,0.926
2009-10-26,1.23,1.23,1.23,1.23,000,0.934
2009-10-23,1.20,1.23,1.20,1.23,324000,0.934
2009-10-22,1.24,1.24,1.15,1.18,276000,0.896
2009-10-21,1.23,1.23,1.19,1.20,42000,0.911
2009-10-20,1.20,1.25,1.20,1.25,954000,0.949
2009-10-19,1.19,1.22,1.19,1.22,70000,0.926
2009-10-16,1.21,1.25,1.21,1.23,290000,0.934
2009-10-15,1.22,1.24,1.17,1.19,802000,0.903
2009-10-14,1.22,1.22,1.20,1.20,14000,0.911
2009-10-13,1.18,1.24,1.18,1.23,510000,0.934
2009-10-12,1.23,1.23,1.19,1.20,324000,0.911
2009-10-09,1.15,1.23,1.15,1.23,1652000,0.934
2009-10-08,1.17,1.19,1.15,1.15,58000,0.873
2009-10-07,1.18,1.18,1.14,1.17,1348000,0.888
2009-10-06,1.15,1.17,1.15,1.17,389000,0.888
2009-10-05,1.11,1.20,1.11,1.16,1556000,0.88
2009-10-02,1.12,1.13,1.12,1.12,1052000,0.85
2009-10-01,1.15,1.15,1.15,1.15,000,0.873
2009-09-30,1.14,1.15,1.14,1.15,200000,0.873
2009-09-29,1.14,1.15,1.10,1.14,1761000,0.865
2009-09-28,1.15,1.15,1.13,1.14,1055000,0.865
2009-09-25,1.15,1.15,1.15,1.15,620000,0.873
2009-09-24,1.16,1.17,1.15,1.15,866000,0.873
2009-09-23,1.16,1.19,1.15,1.18,448000,0.896
2009-09-22,1.15,1.19,1.15,1.15,651000,0.873
2009-09-21,1.20,1.20,1.18,1.18,442000,0.896
2009-09-18,1.26,1.26,1.23,1.23,384000,0.934
2009-09-17,1.26,1.29,1.26,1.28,817000,0.943
2009-09-16,1.30,1.30,1.26,1.27,698000,0.936
2009-09-15,1.28,1.33,1.26,1.29,360000,0.951
2009-09-14,1.26,1.34,1.25,1.29,590000,0.951
2009-09-11,1.30,1.30,1.27,1.28,268000,0.943
2009-09-10,1.33,1.33,1.28,1.30,542000,0.958
2009-09-09,1.30,1.30,1.25,1.30,1118000,0.958
2009-09-08,1.30,1.35,1.30,1.33,546000,0.98
2009-09-07,1.27,1.30,1.26,1.27,566000,0.936
2009-09-04,1.26,1.26,1.20,1.22,662000,0.899
2009-09-03,1.19,1.23,1.19,1.20,338000,0.884
2009-09-02,1.17,1.19,1.16,1.19,410000,0.877
2009-09-01,1.25,1.25,1.15,1.19,1346000,0.877
2009-08-31,1.19,1.20,1.16,1.20,822000,0.884
2009-08-28,1.20,1.24,1.18,1.23,450000,0.907
2009-08-27,1.20,1.23,1.19,1.20,342000,0.884
2009-08-26,1.21,1.23,1.20,1.20,370000,0.884
2009-08-25,1.22,1.26,1.20,1.21,952000,0.892
2009-08-24,1.20,1.23,1.20,1.21,500000,0.892
2009-08-21,1.15,1.20,1.15,1.17,1568000,0.862
2009-08-20,1.19,1.19,1.16,1.18,410000,0.87
2009-08-19,1.15,1.20,1.15,1.19,1246000,0.877
2009-08-18,1.20,1.20,1.14,1.16,1678000,0.855
2009-08-17,1.19,1.23,1.18,1.20,1971000,0.884
2009-08-14,1.21,1.21,1.19,1.20,2368000,0.884
2009-08-13,1.24,1.25,1.22,1.23,340000,0.907
2009-08-12,1.25,1.25,1.21,1.24,92000,0.914
2009-08-11,1.28,1.30,1.22,1.27,788000,0.936
2009-08-10,1.30,1.32,1.29,1.29,936000,0.951
2009-08-07,1.33,1.33,1.24,1.27,766000,0.936
2009-08-06,1.33,1.37,1.33,1.34,183000,0.988
2009-08-05,1.37,1.37,1.32,1.33,1906000,0.98
2009-08-04,1.28,1.42,1.28,1.40,4132000,1.032
2009-08-03,1.16,1.24,1.15,1.24,2572000,0.914
2009-07-31,1.14,1.17,1.13,1.14,1719000,0.84
2009-07-30,1.11,1.14,1.11,1.12,798000,0.825
2009-07-29,1.14,1.15,1.10,1.14,1632000,0.84
2009-07-28,1.17,1.17,1.15,1.16,864000,0.855
2009-07-27,1.13,1.17,1.13,1.14,1862000,0.84
2009-07-24,1.10,1.12,1.10,1.11,832000,0.818
2009-07-23,1.10,1.12,1.10,1.10,954000,0.811
2009-07-22,1.08,1.16,1.03,1.07,2456000,0.789
2009-07-21,1.08,1.10,1.05,1.06,524000,0.781
2009-07-20,1.05,1.13,1.05,1.12,1928000,0.825
2009-07-17,1.01,1.08,0.97,1.04,4968000,0.767
2009-07-16,0.94,1.06,0.94,1.02,2494000,0.752
2009-07-15,0.90,0.95,0.88,0.94,1028000,0.693
2009-07-14,0.90,0.91,0.87,0.90,1018000,0.663
2009-07-13,0.84,0.88,0.84,0.87,456000,0.641
2009-07-10,0.84,0.88,0.84,0.87,870000,0.641
2009-07-09,0.87,0.88,0.86,0.86,756000,0.634
2009-07-08,0.86,0.89,0.85,0.89,302000,0.656
2009-07-07,0.92,0.92,0.92,0.92,82000,0.678
2009-07-06,0.90,0.93,0.90,0.93,446000,0.685
2009-07-03,0.88,0.90,0.88,0.90,334000,0.663
2009-07-02,0.90,0.92,0.89,0.90,542000,0.663
2009-07-01,0.90,0.90,0.90,0.90,000,0.663
2009-06-30,0.90,0.91,0.89,0.90,932000,0.663
2009-06-29,0.91,0.91,0.89,0.89,420000,0.656
2009-06-26,0.91,0.94,0.90,0.92,596000,0.678
2009-06-25,0.89,0.91,0.89,0.91,276000,0.671
2009-06-24,0.88,0.90,0.88,0.89,1084000,0.656
2009-06-23,0.90,0.92,0.89,0.90,654000,0.663
2009-06-22,0.93,0.95,0.92,0.93,445100,0.685
2009-06-19,0.91,0.93,0.91,0.93,160000,0.685
2009-06-18,0.91,0.93,0.90,0.91,1274000,0.671
2009-06-17,0.93,0.93,0.92,0.92,673000,0.678
2009-06-16,0.92,0.95,0.91,0.93,1424000,0.685
2009-06-15,0.94,0.95,0.94,0.95,148000,0.70
2009-06-12,0.94,0.96,0.93,0.95,2220000,0.70
2009-06-11,0.93,0.96,0.92,0.93,724000,0.685
2009-06-10,0.94,0.95,0.94,0.94,1388900,0.693
2009-06-09,0.95,0.96,0.94,0.94,1000000,0.693
2009-06-08,0.98,0.98,0.96,0.98,798000,0.722
2009-06-05,0.99,0.99,0.95,0.97,560000,0.715
2009-06-04,0.95,0.98,0.93,0.98,1390000,0.722
2009-06-03,0.94,0.97,0.94,0.96,1680000,0.708
2009-06-02,0.96,1.01,0.94,0.94,4638000,0.693
2009-06-01,0.91,0.99,0.91,0.98,7968000,0.722
2009-05-29,0.84,0.92,0.84,0.91,5338000,0.671
2009-05-28,0.85,0.85,0.85,0.85,000,0.626
2009-05-27,0.80,0.87,0.79,0.85,9000000,0.626
2009-05-26,0.79,0.81,0.78,0.79,1122000,0.582
2009-05-25,0.80,0.80,0.77,0.78,1414000,0.575
2009-05-22,0.81,0.82,0.76,0.78,6074000,0.575
2009-05-21,0.83,0.86,0.82,0.83,4056000,0.612
2009-05-20,0.82,0.84,0.80,0.84,3618000,0.619
2009-05-19,0.82,0.84,0.80,0.83,5968000,0.612
2009-05-18,0.82,0.82,0.78,0.81,2420000,0.597
2009-05-15,0.77,0.83,0.77,0.82,5564000,0.604
2009-05-14,0.78,0.81,0.77,0.81,5038000,0.58
2009-05-13,0.77,0.83,0.77,0.83,5824000,0.594
2009-05-12,0.81,0.82,0.77,0.78,4718000,0.558
2009-05-11,0.85,0.92,0.80,0.81,10872000,0.58
2009-05-08,0.78,0.87,0.78,0.86,5592000,0.615
2009-05-07,0.74,0.86,0.74,0.82,12684000,0.587
2009-05-06,0.71,0.74,0.69,0.72,4032000,0.515
2009-05-05,0.69,0.71,0.65,0.71,15758000,0.508
2009-05-04,0.64,0.68,0.64,0.68,2492000,0.487
2009-05-01,0.67,0.67,0.67,0.67,000,0.479
2009-04-30,0.64,0.68,0.64,0.67,4510000,0.479
2009-04-29,0.64,0.65,0.62,0.64,1644000,0.458
2009-04-28,0.62,0.64,0.61,0.62,2860000,0.444
2009-04-27,0.71,0.71,0.63,0.64,5172000,0.458
2009-04-24,0.72,0.74,0.70,0.71,1276000,0.508
2009-04-23,0.72,0.73,0.69,0.73,3918000,0.522
2009-04-22,0.70,0.70,0.68,0.69,2400000,0.494
2009-04-21,0.68,0.70,0.68,0.69,1958000,0.494
2009-04-20,0.73,0.73,0.68,0.71,4228000,0.508
2009-04-17,0.71,0.74,0.71,0.71,2838000,0.508
2009-04-16,0.75,0.75,0.70,0.71,2020000,0.508
2009-04-15,0.73,0.74,0.71,0.73,2122000,0.522
2009-04-14,0.72,0.75,0.71,0.74,3456000,0.529
2009-04-13,0.71,0.71,0.71,0.71,000,0.508
2009-04-10,0.71,0.71,0.71,0.71,000,0.508
2009-04-09,0.69,0.73,0.67,0.71,5012000,0.508
2009-04-08,0.67,0.67,0.63,0.65,4730000,0.465
2009-04-07,0.72,0.66,0.66,0.73,11650000,0.522
2009-04-06,0.65,0.72,0.62,0.72,15934000,0.515
2009-04-03,0.53,0.65,0.53,0.63,18297000,0.451
2009-04-02,0.52,0.55,0.52,0.54,7282000,0.386
2009-04-01,0.51,0.52,0.51,0.52,7944000,0.372
2009-03-31,0.51,0.53,0.49,0.51,20680000,0.365
2009-03-30,0.52,0.54,0.495,0.51,23372000,0.365
2009-03-27,0.51,0.51,0.48,0.49,14532000,0.351
2009-03-26,0.45,0.45,0.51,0.55,17916000,0.394
2009-03-25,0.435,0.46,0.435,0.44,3872000,0.315
2009-03-24,0.44,0.44,0.44,0.455,2526000,0.326
2009-03-23,0.43,0.45,0.43,0.44,1488000,0.315
2009-03-20,0.435,0.44,0.43,0.44,1894000,0.315
2009-03-19,0.425,0.45,0.42,0.44,1570000,0.315
2009-03-18,0.42,0.43,0.415,0.42,1476000,0.301
2009-03-17,0.42,0.42,0.42,0.42,320000,0.301
2009-03-16,0.41,0.41,0.405,0.41,420000,0.293
2009-03-13,0.40,0.41,0.40,0.41,520000,0.293
2009-03-12,0.415,0.415,0.405,0.41,612000,0.293
2009-03-11,0.40,0.405,0.40,0.405,80000,0.29
2009-03-10,0.40,0.405,0.40,0.40,532000,0.286
2009-03-09,0.40,0.41,0.40,0.40,600000,0.286
2009-03-06,0.41,0.41,0.41,0.41,80000,0.293
2009-03-05,0.415,0.42,0.41,0.42,234000,0.301
2009-03-04,0.40,0.415,0.40,0.41,312600,0.293
2009-03-03,0.42,0.42,0.41,0.41,122000,0.293
2009-03-02,0.42,0.42,0.41,0.415,570000,0.297
2009-02-27,0.43,0.445,0.425,0.44,1326000,0.315
2009-02-26,0.445,0.445,0.41,0.42,684000,0.301
2009-02-25,0.39,0.455,0.39,0.455,4286000,0.326
2009-02-24,0.40,0.405,0.395,0.405,204000,0.29
2009-02-23,0.41,0.415,0.395,0.415,1690000,0.297
2009-02-20,0.405,0.41,0.40,0.40,1924000,0.286
2009-02-19,0.405,0.405,0.405,0.405,1216000,0.29
2009-02-18,0.395,0.415,0.395,0.41,608000,0.293
2009-02-17,0.41,0.41,0.385,0.41,2218000,0.293
2009-02-16,0.42,0.42,0.42,0.42,404000,0.301
2009-02-13,0.395,0.42,0.395,0.415,1562000,0.297
2009-02-12,0.41,0.42,0.395,0.41,2740000,0.293
2009-02-11,0.43,0.435,0.43,0.43,334000,0.308
2009-02-10,0.45,0.45,0.45,0.45,300000,0.322
2009-02-09,0.45,0.46,0.435,0.44,2498000,0.315
2009-02-06,0.425,0.45,0.40,0.425,1510000,0.304
2009-02-05,0.42,0.46,0.42,0.435,998000,0.311
2009-02-04,0.415,0.435,0.405,0.435,1746000,0.311
2009-02-03,0.40,0.41,0.355,0.405,3276000,0.29
2009-02-02,0.435,0.435,0.38,0.385,1488000,0.275
2009-01-30,0.43,0.455,0.425,0.435,1898000,0.311
2009-01-29,0.43,0.43,0.415,0.425,1975000,0.304
2009-01-23,0.43,0.43,0.43,0.43,1024000,0.308
2009-01-22,0.415,0.43,0.41,0.43,954000,0.308
2009-01-21,0.475,0.475,0.415,0.415,1542000,0.297
2009-01-20,0.46,0.465,0.445,0.45,874000,0.322
2009-01-19,0.46,0.49,0.46,0.485,406000,0.347
2009-01-16,0.45,0.485,0.45,0.485,776000,0.347
2009-01-15,0.455,0.485,0.455,0.485,190000,0.347
2009-01-14,0.475,0.48,0.475,0.48,70000,0.343
2009-01-13,0.49,0.47,0.475,0.49,196000,0.351
2009-01-12,0.48,0.495,0.475,0.475,816000,0.34
2009-01-09,0.50,0.52,0.50,0.50,904000,0.358
2009-01-08,0.51,0.53,0.50,0.50,1972000,0.358
2009-01-07,0.53,0.56,0.53,0.53,4382000,0.379
2009-01-06,0.54,0.54,0.51,0.52,1956000,0.372
2009-01-05,0.51,0.55,0.49,0.55,1038000,0.394
2009-01-02,0.53,0.54,0.51,0.52,1392000,0.372
2009-01-01,0.53,0.53,0.53,0.53,000,0.379
2008-12-31,0.52,0.53,0.52,0.53,870000,0.379
2008-12-30,0.49,0.53,0.49,0.50,2932000,0.358
2008-12-29,0.48,0.50,0.48,0.50,500000,0.358
2008-12-26,0.50,0.50,0.50,0.50,000,0.358
2008-12-25,0.50,0.50,0.50,0.50,000,0.358
2008-12-24,0.475,0.51,0.475,0.50,532000,0.358
2008-12-23,0.48,0.50,0.48,0.50,516000,0.358
2008-12-22,0.495,0.54,0.49,0.49,5022000,0.351
2008-12-19,0.47,0.52,0.47,0.50,7332000,0.358
2008-12-18,0.47,0.51,0.47,0.49,2499000,0.351
2008-12-17,0.45,0.47,0.445,0.47,1090000,0.336
2008-12-16,0.48,0.48,0.47,0.47,61000,0.336
2008-12-15,0.45,0.475,0.45,0.465,416000,0.333
2008-12-12,0.485,0.49,0.425,0.445,2022000,0.318
2008-12-11,0.46,0.51,0.46,0.46,2382000,0.329
2008-12-10,0.445,0.455,0.445,0.45,260000,0.322
2008-12-09,0.435,0.435,0.435,0.435,57000,0.311
2008-12-08,0.42,0.44,0.42,0.44,350000,0.315
2008-12-05,0.42,0.43,0.42,0.425,398000,0.304
2008-12-04,0.44,0.44,0.42,0.42,174000,0.301
2008-12-03,0.435,0.44,0.435,0.44,246000,0.315
2008-12-02,0.41,0.43,0.41,0.43,248000,0.308
2008-12-01,0.42,0.425,0.42,0.42,134000,0.301
2008-11-28,0.43,0.43,0.42,0.43,508000,0.308
2008-11-27,0.44,0.455,0.44,0.44,176000,0.315
2008-11-26,0.43,0.43,0.445,0.445,502000,0.318
2008-11-25,0.415,0.445,0.415,0.43,630000,0.308
2008-11-24,0.395,0.42,0.395,0.415,222000,0.297
2008-11-21,0.39,0.435,0.38,0.395,1532000,0.283
2008-11-20,0.39,0.41,0.39,0.40,1392000,0.286
2008-11-19,0.45,0.46,0.40,0.43,1412000,0.308
2008-11-18,0.47,0.48,0.45,0.45,4909000,0.322
2008-11-17,0.55,0.55,0.49,0.49,3708000,0.351
2008-11-14,0.57,0.57,0.55,0.57,300000,0.408
2008-11-13,0.59,0.59,0.59,0.59,16000,0.422
2008-11-12,0.59,0.59,0.59,0.59,256000,0.422
2008-11-11,0.59,0.60,0.59,0.60,315000,0.429
2008-11-10,0.60,0.60,0.57,0.57,594000,0.408
2008-11-07,0.60,0.60,0.59,0.59,184000,0.422
2008-11-06,0.64,0.64,0.58,0.59,484000,0.422
2008-11-05,0.61,0.70,0.61,0.63,472000,0.451
2008-11-04,0.60,0.77,0.59,0.62,318000,0.444
2008-11-03,0.65,0.65,0.65,0.65,200000,0.465
2008-10-31,0.59,0.65,0.59,0.59,1398000,0.422
2008-10-30,0.57,0.59,0.57,0.59,196000,0.422
2008-10-29,0.55,0.57,0.52,0.57,630000,0.408
2008-10-28,0.55,0.56,0.50,0.54,672000,0.386
2008-10-27,0.55,0.55,0.50,0.55,1714000,0.394
2008-10-24,0.55,0.56,0.54,0.56,224000,0.401
2008-10-23,0.58,0.58,0.55,0.56,1332000,0.401
2008-10-22,0.59,0.60,0.56,0.57,2034000,0.408
2008-10-21,0.61,0.62,0.56,0.58,2205000,0.415
2008-10-20,0.57,0.59,0.54,0.58,3016000,0.415
2008-10-17,0.54,0.57,0.54,0.57,1690000,0.408
2008-10-16,0.58,0.58,0.54,0.57,6928000,0.408
2008-10-15,0.62,0.62,0.60,0.60,518000,0.429
2008-10-14,0.64,0.64,0.61,0.62,1178000,0.444
2008-10-13,0.53,0.57,0.53,0.57,938000,0.408
2008-10-10,0.59,0.59,0.50,0.54,3968000,0.386
2008-10-09,0.65,0.65,0.59,0.59,2040000,0.422
2008-10-08,0.67,0.67,0.62,0.65,1478000,0.465
2008-10-06,0.79,0.79,0.68,0.68,1200000,0.487
2008-10-03,0.87,0.87,0.76,0.78,1436000,0.558
2008-10-02,0.83,0.88,0.83,0.84,1939000,0.596
2008-09-30,0.87,0.87,0.83,0.83,760000,0.589
2008-09-29,0.90,0.90,0.88,0.89,146000,0.632
2008-09-26,0.90,0.90,0.87,0.87,732000,0.617
2008-09-25,0.91,0.92,0.90,0.90,216000,0.639
2008-09-24,0.91,0.92,0.91,0.91,656000,0.646
2008-09-23,0.94,0.94,0.91,0.93,752000,0.66
2008-09-22,0.91,0.91,0.86,0.90,266000,0.639
2008-09-19,0.93,0.93,0.85,0.92,1617000,0.653
2008-09-18,0.92,0.92,0.88,0.91,660000,0.646
2008-09-17,0.89,0.93,0.88,0.91,354000,0.646
2008-09-16,0.95,0.95,0.88,0.88,783000,0.625
2008-09-12,0.98,0.98,0.96,0.98,526000,0.695
2008-09-11,1.01,1.08,0.98,0.98,1430000,0.695
2008-09-10,1.13,1.13,1.05,1.07,1056000,0.759
2008-09-09,1.14,1.14,1.13,1.13,146000,0.802
2008-09-08,1.08,1.14,1.08,1.14,410000,0.809
2008-09-05,1.12,1.12,1.06,1.10,206000,0.781
2008-09-04,1.10,1.12,1.10,1.12,174000,0.795
2008-09-03,1.17,1.17,1.08,1.08,838000,0.766
2008-09-02,1.10,1.11,1.10,1.10,222000,0.781
2008-09-01,1.13,1.13,1.10,1.12,1190000,0.795
2008-08-29,1.15,1.16,1.15,1.15,160000,0.816
2008-08-28,1.14,1.14,1.13,1.13,54000,0.802
2008-08-27,1.14,1.15,1.13,1.15,668000,0.816
2008-08-26,1.15,1.16,1.14,1.14,2084000,0.809
2008-08-25,1.20,1.20,1.17,1.17,2894000,0.83
2008-08-21,1.22,1.22,1.19,1.20,537000,0.852
2008-08-20,1.25,1.25,1.20,1.24,80000,0.88
2008-08-19,1.17,1.25,1.17,1.24,264000,0.88
2008-08-18,1.20,1.20,1.19,1.20,196000,0.852
2008-08-15,1.20,1.20,1.20,1.20,20000,0.852
2008-08-14,1.22,1.22,1.19,1.20,682000,0.852
2008-08-13,1.20,1.20,1.15,1.20,1550000,0.852
2008-08-12,1.21,1.21,1.20,1.21,1130000,0.859
2008-08-11,1.20,1.20,1.20,1.20,1032000,0.852
2008-08-08,1.20,1.21,1.19,1.21,1904000,0.859
2008-08-07,1.20,1.28,1.20,1.21,1137300,0.859
2008-08-06,1.22,1.22,1.22,1.22,000,0.866
2008-08-05,1.26,1.28,1.20,1.22,920000,0.866
2008-08-04,1.28,1.28,1.24,1.24,326000,0.88
2008-08-01,1.28,1.28,1.26,1.28,156000,0.908
2008-07-31,1.28,1.28,1.28,1.28,232000,0.908
2008-07-30,1.28,1.29,1.27,1.29,278000,0.915
2008-07-29,1.27,1.28,1.26,1.28,234000,0.908
2008-07-28,1.25,1.32,1.25,1.32,546000,0.937
2008-07-25,1.25,1.28,1.20,1.25,562000,0.887
2008-07-24,1.25,1.30,1.25,1.27,518000,0.901
2008-07-23,1.32,1.32,1.23,1.25,506000,0.887
2008-07-22,1.23,1.23,1.19,1.20,1414000,0.852
2008-07-21,1.14,1.17,1.14,1.17,479800,0.83
2008-07-18,1.14,1.15,1.14,1.15,364000,0.816
2008-07-17,1.14,1.15,1.13,1.14,268000,0.809
2008-07-16,1.15,1.15,1.08,1.14,974000,0.809
2008-07-15,1.18,1.21,1.14,1.15,970000,0.816
2008-07-14,1.20,1.20,1.19,1.20,3150000,0.852
2008-07-11,1.19,1.21,1.19,1.21,1756000,0.859
2008-07-10,1.16,1.23,1.16,1.23,688000,0.873
2008-07-09,1.15,1.20,1.15,1.20,546000,0.852
2008-07-08,1.20,1.20,1.13,1.19,736000,0.845
2008-07-07,1.21,1.21,1.21,1.21,100000,0.859
2008-07-04,1.22,1.22,1.18,1.22,1130000,0.866
2008-07-03,1.24,1.24,1.19,1.19,3624000,0.845
2008-07-02,1.22,1.26,1.22,1.25,1616000,0.887
2008-06-30,1.26,1.29,1.26,1.26,3140000,0.894
2008-06-27,1.25,1.29,1.25,1.26,392000,0.894
2008-06-26,1.30,1.30,1.25,1.28,2690000,0.908
2008-06-25,1.30,1.30,1.25,1.27,377000,0.901
2008-06-24,1.28,1.32,1.28,1.30,1148000,0.923
2008-06-23,1.33,1.33,1.31,1.31,64000,0.93
2008-06-20,1.30,1.33,1.29,1.33,1561000,0.944
2008-06-19,1.33,1.33,1.31,1.33,154000,0.944
2008-06-18,1.35,1.35,1.31,1.35,90000,0.958
2008-06-17,1.39,1.39,1.35,1.35,86000,0.958
2008-06-16,1.35,1.36,1.35,1.35,202000,0.958
2008-06-13,1.41,1.41,1.34,1.38,148000,0.979
2008-06-12,1.35,1.36,1.34,1.36,82000,0.965
2008-06-11,1.34,1.40,1.34,1.38,386000,0.979
2008-06-10,1.43,1.45,1.37,1.39,660000,0.986
2008-06-06,1.45,1.45,1.44,1.44,656000,1.022
2008-06-05,1.45,1.48,1.45,1.46,496000,1.036
2008-06-04,1.40,1.44,1.40,1.44,688000,1.022
2008-06-03,1.41,1.41,1.37,1.39,262000,0.986
2008-06-02,1.39,1.41,1.38,1.41,374000,1.001
2008-05-30,1.38,1.39,1.38,1.38,520000,0.979
2008-05-29,1.39,1.40,1.38,1.38,174000,0.979
2008-05-28,1.39,1.40,1.38,1.40,392000,0.994
2008-05-27,1.40,1.40,1.37,1.38,302000,0.979
2008-05-26,1.41,1.45,1.37,1.37,468000,0.972
2008-05-23,1.40,1.41,1.40,1.40,344000,0.994
2008-05-22,1.44,1.44,1.40,1.40,846000,0.994
2008-05-21,1.48,1.48,1.43,1.45,116000,1.029
2008-05-20,1.47,1.48,1.44,1.44,950000,1.022
2008-05-19,1.48,1.48,1.41,1.42,510000,1.008
2008-05-16,1.48,1.48,1.43,1.43,916000,1.015
2008-05-15,1.42,1.45,1.41,1.45,394000,1.029
2008-05-14,1.40,1.42,1.40,1.41,609000,1.001
2008-05-13,1.45,1.45,1.40,1.41,1200000,1.001
2008-05-09,1.50,1.50,1.40,1.43,1902000,1.015
2008-05-08,1.40,1.44,1.34,1.42,2188000,1.008
2008-05-07,1.58,1.58,1.40,1.45,4510000,1.029
2008-05-06,1.57,1.63,1.57,1.62,2848000,1.13
2008-05-05,1.50,1.59,1.48,1.56,4176000,1.088
2008-05-02,1.44,1.48,1.43,1.48,1088000,1.032
2008-04-30,1.46,1.46,1.40,1.42,910000,0.99
2008-04-29,1.44,1.44,1.40,1.42,698000,0.99
2008-04-28,1.43,1.43,1.41,1.42,1944000,0.99
2008-04-25,1.45,1.48,1.42,1.42,4442000,0.97
2008-04-24,1.42,1.46,1.41,1.45,4076000,0.991
2008-04-23,1.37,1.41,1.37,1.40,4054000,0.957
2008-04-22,1.32,1.39,1.32,1.39,1842000,0.95
2008-04-21,1.31,1.34,1.31,1.33,636000,0.909
2008-04-18,1.33,1.33,1.29,1.29,4064000,0.881
2008-04-17,1.34,1.34,1.31,1.32,822000,0.902
2008-04-16,1.30,1.33,1.29,1.29,1006000,0.881
2008-04-15,1.30,1.32,1.27,1.30,1788000,0.888
2008-04-14,1.33,1.34,1.28,1.29,1618000,0.881
2008-04-11,1.33,1.33,1.32,1.32,1284000,0.902
2008-04-10,1.32,1.32,1.28,1.29,9310000,0.881
2008-04-09,1.36,1.37,1.27,1.28,9574000,0.875
2008-04-08,1.40,1.40,1.34,1.34,3696000,0.916
2008-04-07,1.45,1.45,1.38,1.40,2982000,0.957
2008-04-03,1.40,1.45,1.34,1.36,7330000,0.929
2008-04-02,1.35,1.35,1.29,1.29,2136000,0.881
2008-04-01,1.29,1.31,1.24,1.26,1200000,0.861
2008-03-31,1.23,1.32,1.23,1.31,2118000,0.895
2008-03-28,1.22,1.29,1.22,1.29,1642000,0.881
2008-03-27,1.24,1.24,1.21,1.22,368000,0.834
2008-03-26,1.21,1.22,1.20,1.21,842000,0.827
2008-03-25,1.14,1.20,1.14,1.20,2384000,0.82
2008-03-20,1.19,1.19,1.12,1.13,1322000,0.772
2008-03-19,1.21,1.21,1.15,1.15,606000,0.786
2008-03-18,1.16,1.19,1.12,1.13,1794000,0.772
2008-03-17,1.21,1.21,1.17,1.18,1146000,0.806
2008-03-14,1.20,1.23,1.19,1.21,402000,0.827
2008-03-13,1.23,1.23,1.17,1.20,4952000,0.82
2008-03-12,1.23,1.24,1.17,1.18,2401000,0.806
2008-03-11,1.22,1.23,1.15,1.17,1846000,0.799
2008-03-10,1.23,1.23,1.20,1.22,2526600,0.834
2008-03-07,1.22,1.23,1.21,1.22,2418000,0.834
2008-03-06,1.26,1.28,1.25,1.25,943500,0.854
2008-03-05,1.29,1.29,1.22,1.24,3552000,0.847
2008-03-04,1.29,1.30,1.26,1.27,5926000,0.868
2008-03-03,1.30,1.32,1.27,1.28,4916000,0.875
2008-02-29,1.29,1.30,1.28,1.28,2482000,0.875
2008-02-28,1.31,1.31,1.28,1.29,3808000,0.881
2008-02-27,1.31,1.35,1.31,1.31,3448000,0.895
2008-02-26,1.33,1.34,1.30,1.32,1970000,0.902
2008-02-25,1.34,1.35,1.30,1.31,1146000,0.895
2008-02-22,1.31,1.38,1.30,1.30,3160000,0.888
2008-02-21,1.30,1.32,1.30,1.30,3780000,0.888
2008-02-20,1.31,1.31,1.26,1.30,2728000,0.888
2008-02-19,1.33,1.35,1.26,1.29,8750800,0.881
2008-02-18,1.40,1.40,1.29,1.30,13332700,0.888
2008-02-15,1.36,1.43,1.36,1.39,3200000,0.95
2008-02-14,1.40,1.40,1.36,1.37,1148000,0.936
2008-02-13,1.46,1.55,1.30,1.34,3814000,0.916
2008-02-12,1.47,1.47,1.45,1.45,109300,0.991
2008-02-11,1.50,1.50,1.45,1.45,3812000,0.991
2008-02-06,1.40,1.44,1.38,1.39,1240000,0.95
2008-02-05,1.48,1.48,1.43,1.44,1410000,0.984
2008-02-04,1.50,1.50,1.48,1.50,1810000,1.025
2008-02-01,1.60,1.60,1.48,1.48,722000,1.011
2008-01-31,1.60,1.60,1.50,1.52,802000,1.039
2008-01-30,1.54,1.58,1.51,1.51,3528000,1.032
2008-01-29,1.57,1.57,1.50,1.50,128000,1.025
2008-01-28,1.43,1.46,1.40,1.46,170000,0.998
2008-01-25,1.48,1.55,1.48,1.53,790000,1.045
2008-01-24,1.60,1.60,1.42,1.42,1340000,0.97
2008-01-23,1.52,1.62,1.40,1.50,1659000,1.025
2008-01-22,1.60,1.60,1.47,1.47,1212000,1.004
2008-01-21,1.60,1.64,1.57,1.62,931000,1.107
2008-01-18,1.60,1.64,1.55,1.63,936000,1.114
2008-01-17,1.58,1.66,1.58,1.64,1630000,1.121
2008-01-16,1.79,1.79,1.52,1.62,2137000,1.107
2008-01-15,1.74,1.74,1.61,1.67,3751000,1.141
2008-01-14,1.75,1.80,1.70,1.71,1082000,1.168
2008-01-11,1.77,1.82,1.73,1.76,1300000,1.203
2008-01-10,1.77,1.81,1.75,1.77,2206000,1.209
2008-01-09,1.76,1.80,1.75,1.75,1798000,1.196
2008-01-08,1.86,1.86,1.79,1.79,1846000,1.223
2008-01-07,1.88,1.88,1.85,1.86,574000,1.271
2008-01-04,1.95,1.97,1.86,1.89,1118000,1.291
2008-01-03,2.00,2.00,1.93,1.93,322000,1.319
2008-01-02,1.98,1.98,1.96,1.96,100000,1.339
2007-12-31,2.01,2.01,1.97,1.97,400000,1.346
2007-12-28,1.99,1.99,1.91,1.98,478000,1.353
2007-12-27,1.95,1.96,1.88,1.95,2470000,1.332
2007-12-24,1.90,2.00,1.87,1.88,670000,1.285
2007-12-21,1.82,1.90,1.82,1.88,434000,1.285
2007-12-20,2.10,2.10,1.83,1.89,676000,1.291
2007-12-19,1.82,1.86,1.79,1.80,1798000,1.23
2007-12-18,1.85,1.85,1.78,1.80,1446000,1.23
2007-12-17,1.90,1.90,1.76,1.78,1068000,1.216
2007-12-14,1.92,1.95,1.89,1.90,384000,1.298
2007-12-13,1.96,1.96,1.86,1.90,2710000,1.298
2007-12-12,1.96,1.97,1.89,1.89,1318000,1.291
2007-12-11,2.00,2.00,1.95,1.96,1279000,1.339
2007-12-10,2.00,2.00,1.96,1.98,194000,1.353
2007-12-07,2.03,2.03,1.96,1.96,980000,1.339
2007-12-06,2.03,2.03,1.98,1.98,2432000,1.353
2007-12-05,2.00,2.00,1.94,1.96,1152000,1.339
2007-12-04,1.96,1.97,1.93,1.95,1452000,1.332
2007-12-03,2.00,2.00,1.98,1.98,995000,1.353
2007-11-30,2.00,2.02,1.99,2.00,1176000,1.367
2007-11-29,2.01,2.05,2.00,2.02,2084000,1.38
2007-11-28,1.97,1.97,1.95,1.97,1700000,1.346
2007-11-27,1.97,2.05,1.95,1.96,620000,1.339
2007-11-26,1.95,2.00,1.95,1.97,660000,1.346
2007-11-23,1.90,1.94,1.88,1.94,792000,1.326
2007-11-22,1.90,1.90,1.82,1.88,1860000,1.285
2007-11-21,1.98,1.98,1.94,1.95,944000,1.332
2007-11-20,2.00,2.00,1.97,2.00,2326000,1.367
2007-11-19,2.00,2.04,1.98,1.98,782000,1.353
2007-11-16,2.02,2.04,2.00,2.01,1432000,1.373
2007-11-15,2.09,2.09,2.02,2.04,914000,1.394
2007-11-14,2.04,2.04,1.97,2.02,1916000,1.38
2007-11-13,2.10,2.10,1.95,1.96,1642000,1.339
2007-11-12,2.10,2.10,1.95,2.00,1380000,1.367
2007-11-09,2.15,2.19,2.10,2.10,1741000,1.435
2007-11-08,2.13,2.17,2.13,2.17,1428000,1.483
2007-11-07,2.23,2.23,2.15,2.15,1538000,1.469
2007-11-06,2.20,2.24,2.15,2.18,1392000,1.49
2007-11-05,2.21,2.28,2.06,2.10,4602000,1.435
2007-11-02,2.20,2.21,2.18,2.19,5778000,1.496
2007-11-01,2.26,2.26,2.15,2.17,2341000,1.483
2007-10-31,2.19,2.19,2.08,2.16,619000,1.476
2007-10-30,2.12,2.15,2.08,2.08,1980000,1.421
2007-10-29,2.10,2.28,2.10,2.15,1250000,1.469
2007-10-26,2.18,2.20,2.14,2.14,1026000,1.462
2007-10-25,2.18,2.26,2.17,2.18,1034000,1.49
2007-10-24,2.25,2.28,2.17,2.18,1246000,1.49
2007-10-23,2.30,2.39,2.29,2.29,3577000,1.565
2007-10-22,2.30,2.35,2.22,2.31,2470000,1.578
2007-10-18,2.40,2.43,2.30,2.40,6764000,1.64
2007-10-17,2.31,2.41,2.31,2.39,6820000,1.633
2007-10-16,2.08,2.31,2.08,2.31,7631000,1.578
2007-10-15,2.15,2.18,2.05,2.13,2850000,1.455
2007-10-12,1.99,2.10,1.97,2.04,6178000,1.394
2007-10-11,2.00,2.00,1.96,1.99,4038000,1.36
2007-10-10,1.98,2.08,1.96,2.00,4380000,1.367
2007-10-09,2.00,2.03,1.96,1.97,4392000,1.346
2007-10-08,2.04,2.10,1.98,2.01,13371000,1.373
2007-10-05,1.94,2.00,1.92,1.95,7380000,1.332
2007-10-04,2.00,2.00,1.83,1.83,7264000,1.25
2007-10-03,1.99,2.03,1.99,2.01,6052300,1.373
2007-10-02,2.05,2.05,1.98,1.98,2435200,1.353
2007-09-28,2.05,2.05,1.98,1.99,5468000,1.36
2007-09-27,2.00,2.06,2.00,2.01,4830000,1.373
2007-09-25,2.05,2.05,1.99,1.99,5442000,1.36
2007-09-24,2.04,2.04,1.97,2.00,9529700,1.367
2007-09-21,2.05,2.10,1.99,2.01,5180000,1.373
2007-09-20,2.25,2.25,2.06,2.14,3876000,1.462
2007-09-19,2.37,2.40,2.23,2.25,1976000,1.537
2007-09-18,2.32,2.35,2.23,2.30,1498000,1.572
2007-09-17,2.28,2.40,2.27,2.34,2507000,1.599
2007-09-14,2.20,2.23,2.19,2.19,1285000,1.496
2007-09-13,2.20,2.20,2.16,2.20,266000,1.503
2007-09-12,2.18,2.18,2.15,2.15,538000,1.469
2007-09-11,2.20,2.21,2.14,2.15,1612000,1.469
2007-09-10,2.27,2.27,2.16,2.20,1376000,1.503
2007-09-07,2.20,2.24,2.19,2.24,1684000,1.531
2007-09-06,2.18,2.20,2.14,2.20,874000,1.503
2007-09-05,2.22,2.23,2.18,2.20,1534000,1.503
2007-09-04,2.20,2.22,2.19,2.19,2230000,1.496
2007-09-03,2.25,2.25,2.16,2.18,1518000,1.49
2007-08-31,2.20,2.30,2.13,2.15,1578000,1.469
2007-08-30,2.29,2.35,2.13,2.13,3766000,1.455
2007-08-29,2.33,2.33,2.08,2.09,5481200,1.428
2007-08-28,2.40,2.40,2.16,2.18,1566000,1.49
2007-08-27,2.34,2.38,2.25,2.30,2424000,1.572
2007-08-24,2.19,2.24,2.18,2.18,530000,1.49
2007-08-23,2.20,2.27,2.16,2.18,1558000,1.49
2007-08-22,2.24,2.24,2.00,2.18,3014000,1.49
2007-08-21,2.25,2.25,2.19,2.19,1540000,1.496
2007-08-20,2.20,2.40,2.16,2.25,4570000,1.537
2007-08-17,2.20,2.21,1.95,2.10,1342000,1.435
2007-08-16,2.05,2.18,2.05,2.17,739700,1.483
2007-08-15,2.30,2.36,2.20,2.26,3074000,1.544
2007-08-14,2.41,2.41,2.39,2.40,318000,1.64
2007-08-13,2.47,2.50,2.45,2.45,498000,1.674
2007-08-10,2.50,2.50,2.45,2.46,1244000,1.681
2007-08-09,2.68,2.70,2.47,2.47,1934000,1.688
2007-08-08,2.50,2.58,2.45,2.55,1234000,1.742
2007-08-07,2.50,2.52,2.46,2.46,1678000,1.681
2007-08-06,2.56,2.56,2.47,2.49,3138000,1.701
2007-08-03,2.57,2.57,2.53,2.56,780000,1.749
2007-08-02,2.53,2.54,2.46,2.53,4048000,1.729
2007-08-01,2.45,2.48,2.39,2.48,5590000,1.695
2007-07-31,2.52,2.59,2.39,2.43,2940000,1.66
2007-07-30,2.50,2.50,2.44,2.50,538000,1.708
2007-07-27,2.45,2.53,2.31,2.50,1744000,1.708
2007-07-26,2.53,2.60,2.49,2.49,4576000,1.701
2007-07-25,2.53,2.57,2.47,2.51,7169000,1.715
2007-07-24,2.58,2.66,2.52,2.53,20086000,1.729
2007-07-23,2.60,2.65,2.46,2.50,9232000,1.708
2007-07-20,2.65,2.66,2.60,2.66,1046000,1.818
2007-07-19,2.61,2.65,2.60,2.62,180000,1.79
2007-07-18,2.66,2.68,2.61,2.61,576000,1.783
2007-07-17,2.60,2.69,2.60,2.68,776000,1.831
2007-07-16,2.64,2.64,2.60,2.60,394000,1.777
2007-07-13,2.65,2.65,2.61,2.64,376000,1.804
2007-07-12,2.65,2.70,2.65,2.65,1986000,1.811
2007-07-11,2.60,2.68,2.57,2.65,1378000,1.811
2007-07-10,2.67,2.67,2.58,2.61,7163000,1.783
2007-07-09,2.67,2.67,2.61,2.63,2828000,1.797
2007-07-06,2.65,2.67,2.64,2.67,1836000,1.824
2007-07-05,2.69,2.76,2.68,2.71,1110000,1.852
2007-07-04,2.78,2.78,2.60,2.65,598000,1.811
2007-07-03,2.72,2.80,2.70,2.78,843600,1.90
2007-06-29,2.66,2.70,2.65,2.70,884000,1.845
2007-06-28,2.60,2.67,2.56,2.66,1179000,1.818
2007-06-27,2.59,2.59,2.53,2.56,2904000,1.749
2007-06-26,2.60,2.61,2.59,2.60,638000,1.777
2007-06-25,2.68,2.68,2.56,2.59,1416000,1.77
2007-06-22,2.73,2.73,2.67,2.69,13130000,1.838
2007-06-21,2.80,2.80,2.71,2.74,332000,1.872
2007-06-20,2.71,2.80,2.70,2.77,2604000,1.893
2007-06-18,2.73,2.73,2.70,2.70,524000,1.845
2007-06-15,2.76,2.78,2.70,2.78,1582000,1.90
2007-06-14,2.67,2.70,2.66,2.70,3044000,1.845
2007-06-13,2.69,2.69,2.66,2.67,209000,1.824
2007-06-12,2.66,2.68,2.63,2.66,1155000,1.818
2007-06-11,2.70,2.70,2.65,2.65,2236000,1.811
2007-06-08,2.69,2.70,2.65,2.65,2664000,1.811
2007-06-07,2.69,2.71,2.67,2.70,2864000,1.845
2007-06-06,2.70,2.70,2.65,2.70,1849000,1.845
2007-06-05,2.69,2.71,2.65,2.68,2110000,1.831
2007-06-04,2.68,2.71,2.68,2.70,2944500,1.845
2007-06-01,2.71,2.74,2.65,2.68,2494000,1.831
2007-05-31,2.75,2.75,2.66,2.67,1586000,1.824
2007-05-30,2.73,2.73,2.68,2.68,686000,1.831
2007-05-29,2.75,2.76,2.72,2.72,1470000,1.859
2007-05-28,2.75,2.78,2.75,2.75,4340000,1.879
2007-05-25,2.77,2.78,2.67,2.72,8119400,1.859
2007-05-23,2.84,2.84,2.77,2.83,5134400,1.934
2007-05-22,2.86,2.86,2.80,2.82,2682000,1.927
2007-05-21,2.85,2.86,2.81,2.85,1492000,1.947
2007-05-18,2.85,2.92,2.85,2.87,3132000,1.961
2007-05-17,2.88,2.95,2.85,2.92,2732000,1.995
2007-05-16,2.85,2.88,2.84,2.85,3050000,1.947
2007-05-15,2.75,2.97,2.75,2.83,7116000,1.934
2007-05-14,2.71,2.77,2.70,2.73,5364000,1.865
2007-05-11,2.50,2.67,2.50,2.66,4614000,1.818
2007-05-10,2.52,2.52,2.49,2.51,2306000,1.715
2007-05-09,2.54,2.54,2.50,2.50,1850000,1.708
2007-05-08,2.50,2.59,2.50,2.53,918000,1.729
2007-05-07,2.56,2.57,2.50,2.50,2184000,1.708
2007-05-04,2.56,2.58,2.54,2.57,1600000,1.756
2007-05-03,2.57,2.58,2.55,2.57,1098000,1.756
2007-05-02,2.55,2.58,2.52,2.54,1502000,1.736
2007-04-30,2.57,2.57,2.50,2.55,476000,1.742
2007-04-27,2.59,2.61,2.57,2.58,1442000,1.763
2007-04-26,2.56,2.61,2.53,2.59,6946000,1.77
2007-04-25,2.48,2.57,2.48,2.56,1733400,1.749
2007-04-24,2.50,2.50,2.48,2.48,1974000,1.695
2007-04-23,2.55,2.57,2.49,2.51,5540000,1.715
2007-04-20,2.58,2.58,2.50,2.50,4318000,1.708
2007-04-19,2.62,2.63,2.58,2.58,4498000,1.763
2007-04-18,2.57,2.65,2.57,2.61,4046000,1.783
2007-04-17,2.60,2.61,2.53,2.57,3198000,1.756
2007-04-16,2.62,2.64,2.59,2.59,3970000,1.77
2007-04-13,2.60,2.62,2.59,2.60,3130000,1.777
2007-04-12,2.59,2.70,2.57,2.60,2422000,1.777
2007-04-11,2.73,2.73,2.55,2.60,6718000,1.777
2007-04-10,2.85,2.85,2.70,2.71,1676000,1.852
2007-04-04,2.85,2.87,2.82,2.83,1800000,1.934
2007-04-03,2.78,2.90,2.78,2.85,1793000,1.947
2007-04-02,2.74,2.82,2.70,2.78,1888000,1.90
2007-03-30,2.79,2.80,2.73,2.78,1414000,1.90
2007-03-29,2.80,2.84,2.73,2.77,1756000,1.893
2007-03-28,2.87,2.87,2.79,2.81,3346000,1.92
2007-03-27,2.88,2.88,2.83,2.86,1368000,1.954
2007-03-26,3.00,3.00,2.87,2.88,312000,1.968
2007-03-23,2.86,3.01,2.85,2.89,1444300,1.975
2007-03-22,2.76,2.84,2.76,2.83,1118000,1.934
2007-03-21,2.73,2.76,2.73,2.74,1378000,1.872
2007-03-20,2.72,2.80,2.72,2.80,300000,1.913
2007-03-19,2.79,2.83,2.79,2.80,1946000,1.913
2007-03-16,2.80,2.85,2.78,2.79,4582000,1.906
2007-03-15,2.89,2.89,2.75,2.75,4720000,1.879
2007-03-14,2.70,2.80,2.68,2.79,3090000,1.906
2007-03-13,2.86,2.93,2.86,2.88,1223600,1.968
2007-03-12,2.71,2.88,2.71,2.88,2360000,1.968
2007-03-09,2.77,2.77,2.70,2.71,328000,1.852
2007-03-08,2.70,2.77,2.69,2.77,1250000,1.893
2007-03-07,2.70,2.74,2.64,2.70,3096000,1.845
2007-03-06,2.47,2.72,2.47,2.70,6552000,1.845
2007-03-05,2.70,2.70,2.40,2.52,5850000,1.722
2007-03-02,2.86,2.86,2.73,2.74,4603000,1.872
2007-03-01,2.95,2.95,2.82,2.85,1268000,1.947
2007-02-28,2.69,2.97,2.48,2.95,4056000,2.016
2007-02-27,3.13,3.13,2.91,3.00,4618000,2.05
2007-02-26,3.15,3.15,3.06,3.15,1802000,2.152
2007-02-23,3.12,3.12,3.06,3.10,1354000,2.118
2007-02-22,3.02,3.16,3.02,3.09,3438000,2.111
2007-02-21,3.05,3.05,2.95,3.04,1706000,2.077
2007-02-16,3.00,3.15,2.99,3.05,1962000,2.084
2007-02-15,3.10,3.10,2.99,3.00,5330000,2.05
2007-02-14,3.08,3.18,3.08,3.09,4134000,2.111
2007-02-13,2.97,3.08,2.97,3.05,6390000,2.084
2007-02-12,2.90,2.96,2.86,2.95,7710000,2.016
2007-02-09,2.89,2.92,2.76,2.88,6312000,1.968
2007-02-08,2.90,2.90,2.83,2.89,2916000,1.975
2007-02-07,2.90,2.98,2.74,2.90,5136000,1.982
2007-02-06,2.70,2.94,2.70,2.94,7744000,2.009
2007-02-05,2.70,2.90,2.65,2.88,13722000,1.968
2007-02-02,2.60,2.73,2.60,2.67,13822000,1.824
2007-02-01,2.45,2.60,2.45,2.59,8182000,1.77
2007-01-31,2.52,2.62,2.45,2.50,2950000,1.708
2007-01-30,2.40,2.56,2.40,2.55,3570000,1.742
2007-01-29,2.34,2.40,2.33,2.40,1238000,1.64
2007-01-26,2.39,2.43,2.36,2.38,3964000,1.626
2007-01-25,2.59,2.61,2.43,2.50,5164000,1.708
2007-01-24,2.52,2.64,2.50,2.58,10706000,1.763
2007-01-23,2.50,2.54,2.40,2.54,2788000,1.736
2007-01-22,2.58,2.65,2.50,2.53,7940000,1.729
2007-01-19,2.40,2.62,2.40,2.58,11986000,1.763
2007-01-18,2.21,2.37,2.21,2.35,5612000,1.606
2007-01-17,2.20,2.23,2.19,2.21,1948000,1.51
2007-01-16,2.15,2.23,2.15,2.19,926000,1.496
2007-01-15,2.15,2.20,2.15,2.16,894000,1.476
2007-01-12,2.22,2.22,2.15,2.20,1950000,1.503
2007-01-11,2.20,2.23,2.18,2.22,3178000,1.517
2007-01-10,2.24,2.25,2.13,2.18,1752000,1.49
2007-01-09,2.12,2.24,2.12,2.24,6424000,1.531
2007-01-08,2.04,2.14,2.04,2.09,2306000,1.428
2007-01-05,1.99,2.02,1.98,2.02,2318000,1.38
2007-01-04,1.99,2.01,1.99,2.00,2162800,1.367
2007-01-03,2.00,2.00,1.97,1.98,2518000,1.353
2007-01-02,1.90,1.99,1.90,1.99,1252000,1.36
2006-12-29,1.92,1.96,1.91,1.96,728000,1.339
2006-12-28,1.95,1.98,1.92,1.92,620000,1.312
2006-12-27,1.94,1.94,1.91,1.91,1468000,1.305
2006-12-22,1.98,1.98,1.93,1.93,3662000,1.319
2006-12-21,1.98,1.99,1.97,1.98,2916000,1.353
2006-12-20,1.95,1.98,1.95,1.98,1164000,1.353
2006-12-19,1.97,1.97,1.94,1.97,260000,1.346
2006-12-18,1.94,1.99,1.94,1.97,1077600,1.346
2006-12-15,1.98,1.98,1.94,1.98,1054000,1.353
2006-12-14,1.95,1.98,1.94,1.96,474000,1.339
2006-12-13,1.94,1.98,1.94,1.98,990000,1.353
2006-12-12,1.94,1.96,1.92,1.94,228000,1.326
2006-12-11,1.96,1.96,1.94,1.95,570000,1.332
2006-12-08,1.92,1.94,1.91,1.94,2890000,1.326
2006-12-07,1.95,1.96,1.92,1.94,4060000,1.326
2006-12-06,1.93,1.96,1.93,1.96,5044000,1.339
2006-12-05,2.00,2.01,1.90,1.93,7114000,1.319
2006-12-04,2.04,2.05,2.00,2.05,1412000,1.401
2006-12-01,2.03,2.05,1.99,1.99,1476000,1.36
2006-11-30,2.00,2.05,1.98,2.05,3822000,1.401
2006-11-29,1.95,1.96,1.93,1.94,1292000,1.326
2006-11-28,1.95,1.96,1.90,1.95,2556000,1.332
2006-11-27,1.93,1.99,1.90,1.98,1926000,1.353
2006-11-24,1.96,1.96,1.91,1.92,3654000,1.312
2006-11-23,2.04,2.05,1.96,1.97,7128000,1.346
2006-11-22,2.06,2.07,1.99,2.02,15682000,1.38
2006-11-21,2.07,2.10,2.06,2.07,1460000,1.414
2006-11-20,2.13,2.15,2.08,2.09,1842000,1.428
2006-11-17,2.07,2.12,2.07,2.11,3226000,1.442
2006-11-16,2.10,2.10,2.03,2.06,3438000,1.408
2006-11-15,2.12,2.17,2.07,2.09,9464000,1.428
2006-11-14,2.08,2.16,2.06,2.12,11164000,1.449
2006-11-13,2.01,2.05,1.98,2.05,3450000,1.401
2006-11-10,1.97,2.02,1.97,1.97,2636000,1.346
2006-11-09,2.02,2.03,1.96,1.99,3082000,1.36
2006-11-08,1.92,2.03,1.92,2.00,7852000,1.367
2006-11-07,1.94,1.98,1.91,1.96,2256000,1.339
2006-11-06,2.00,2.00,1.94,1.94,1386000,1.326
2006-11-03,2.04,2.07,1.96,1.97,6250000,1.346
2006-11-02,1.95,2.02,1.95,2.01,10989000,1.373
2006-11-01,1.87,1.95,1.85,1.93,12696000,1.319
2006-10-31,1.75,1.81,1.73,1.80,2096000,1.23
2006-10-27,1.87,1.90,1.76,1.77,6198000,1.209
2006-10-26,1.79,1.89,1.79,1.87,6948000,1.278
2006-10-25,1.80,1.81,1.78,1.78,2452000,1.216
2006-10-24,1.71,1.83,1.71,1.80,8782000,1.23
2006-10-23,1.72,1.72,1.68,1.68,8432000,1.148
2006-10-20,1.65,1.72,1.63,1.70,6016000,1.162
2006-10-19,1.61,1.64,1.61,1.63,6042000,1.114
2006-10-18,1.61,1.61,1.59,1.60,3862000,1.093
2006-10-17,1.61,1.62,1.60,1.60,3796000,1.093
2006-10-16,1.63,1.63,1.57,1.59,3158000,1.086
2006-10-13,1.68,1.68,1.61,1.62,4160000,1.107
2006-10-12,1.69,1.70,1.66,1.66,2106000,1.134
2006-10-11,1.72,1.72,1.68,1.69,3240000,1.155
2006-10-10,1.71,1.71,1.69,1.69,2288000,1.155
2006-10-09,1.72,1.72,1.71,1.71,194000,1.168
2006-10-06,1.72,1.77,1.72,1.77,1090000,1.209
2006-10-05,1.72,1.75,1.71,1.75,1016000,1.196
2006-10-04,1.73,1.73,1.71,1.72,767000,1.175
2006-10-03,1.70,1.74,1.70,1.73,1872000,1.182
2006-09-29,1.69,1.72,1.69,1.70,1030000,1.162
2006-09-28,1.70,1.70,1.69,1.69,1028000,1.155
2006-09-27,1.69,1.71,1.69,1.71,726000,1.168
2006-09-26,1.70,1.74,1.69,1.69,808000,1.155
2006-09-25,1.72,1.73,1.68,1.70,982000,1.162
2006-09-22,1.74,1.76,1.73,1.73,1958000,1.182
2006-09-21,1.82,1.82,1.76,1.76,754000,1.203
2006-09-20,1.85,1.86,1.74,1.82,746000,1.244
2006-09-19,1.87,1.91,1.87,1.91,1924000,1.305
2006-09-18,1.92,1.92,1.84,1.88,1652000,1.285
2006-09-15,1.89,1.91,1.88,1.91,1366000,1.305
2006-09-14,1.90,1.91,1.88,1.91,1342000,1.305
2006-09-13,1.87,1.94,1.86,1.91,1994000,1.305
2006-09-12,1.92,1.93,1.86,1.87,3528000,1.278
2006-09-11,1.90,2.02,1.88,1.91,20080000,1.305
2006-09-08,1.69,1.86,1.69,1.86,13552000,1.271
2006-09-07,1.70,1.75,1.67,1.67,7254000,1.141
2006-09-06,1.67,1.69,1.65,1.68,10646000,1.148
2006-09-05,1.63,1.68,1.63,1.66,3248000,1.134
2006-09-04,1.74,1.74,1.50,1.60,6566300,1.093
2006-09-01,1.72,1.79,1.72,1.75,1068000,1.196
2006-08-31,1.72,1.74,1.72,1.72,720000,1.175
2006-08-30,1.70,1.72,1.70,1.72,128000,1.175
2006-08-29,1.68,1.71,1.68,1.71,1084000,1.168
2006-08-28,1.73,1.73,1.66,1.68,686000,1.148
2006-08-25,1.75,1.75,1.74,1.74,1156000,1.189
2006-08-24,1.78,1.78,1.76,1.76,256000,1.203
2006-08-23,1.79,1.80,1.78,1.80,560000,1.23
2006-08-22,1.79,1.80,1.78,1.80,2360000,1.23
2006-08-21,1.79,1.79,1.76,1.76,304000,1.203
2006-08-18,1.77,1.81,1.77,1.81,386000,1.237
2006-08-17,1.80,1.80,1.76,1.79,4600000,1.223
2006-08-16,1.80,1.80,1.76,1.80,8836000,1.23
2006-08-15,1.78,1.79,1.77,1.77,226000,1.209
2006-08-14,1.78,1.83,1.77,1.83,144000,1.25
2006-08-11,1.81,1.81,1.78,1.78,366000,1.216
2006-08-10,1.85,1.86,1.82,1.82,140000,1.244
2006-08-09,1.81,1.88,1.80,1.84,2000000,1.257
2006-08-08,1.80,1.81,1.76,1.79,220000,1.223
2006-08-07,1.82,1.82,1.77,1.79,300000,1.223
2006-08-04,1.80,1.84,1.76,1.82,1954000,1.244
2006-08-03,1.71,1.77,1.71,1.76,958000,1.203
2006-08-02,1.72,1.73,1.71,1.73,228200,1.182
2006-08-01,1.70,1.74,1.70,1.73,608000,1.182
2006-07-31,1.71,1.73,1.67,1.70,712000,1.162
2006-07-28,1.76,1.78,1.74,1.75,666000,1.196
2006-07-27,1.78,1.80,1.77,1.78,880000,1.216
2006-07-26,1.79,1.82,1.79,1.82,54000,1.244
2006-07-25,1.85,1.85,1.81,1.82,1364000,1.244
2006-07-24,1.85,1.90,1.79,1.80,1240000,1.23
2006-07-21,1.86,1.90,1.84,1.85,852000,1.264
2006-07-20,1.88,1.92,1.86,1.89,1924000,1.291
2006-07-19,1.90,1.90,1.86,1.87,804000,1.278
2006-07-18,1.89,1.91,1.89,1.90,710000,1.298
2006-07-17,1.89,1.91,1.87,1.88,3740000,1.285
2006-07-14,1.89,1.91,1.89,1.90,1496000,1.298
2006-07-13,1.93,1.97,1.90,1.91,5166000,1.305
2006-07-12,1.90,1.95,1.90,1.94,1442000,1.326
2006-07-11,1.87,1.90,1.87,1.89,2366000,1.291
2006-07-10,1.82,1.92,1.82,1.87,2906000,1.278
2006-07-07,1.93,1.93,1.87,1.88,1826000,1.285
2006-07-06,1.91,1.94,1.90,1.92,1000000,1.312
2006-07-05,1.95,1.96,1.92,1.94,1170000,1.326
2006-07-04,1.94,1.96,1.91,1.94,3166000,1.326
2006-07-03,1.98,1.98,1.87,1.93,3648000,1.319
2006-06-30,1.81,1.94,1.81,1.91,4968000,1.305
2006-06-29,1.81,1.81,1.78,1.78,2256000,1.216
2006-06-28,1.83,1.83,1.79,1.81,1146000,1.237
2006-06-27,1.89,1.89,1.84,1.85,1606000,1.264
2006-06-26,1.76,1.85,1.75,1.85,1578000,1.264
2006-06-23,1.73,1.76,1.70,1.76,562000,1.203
2006-06-22,1.66,1.74,1.65,1.73,1746000,1.182
2006-06-21,1.65,1.66,1.65,1.65,1512000,1.127
2006-06-20,1.66,1.66,1.64,1.65,1504000,1.127
2006-06-19,1.65,1.67,1.64,1.65,820000,1.127
2006-06-16,1.68,1.68,1.64,1.67,2240000,1.141
2006-06-15,1.66,1.67,1.63,1.63,508000,1.114
2006-06-14,1.62,1.65,1.62,1.63,588000,1.114
2006-06-13,1.64,1.65,1.61,1.62,3106000,1.107
2006-06-12,1.64,1.66,1.62,1.63,468000,1.114
2006-06-09,1.63,1.65,1.61,1.63,5628000,1.114
2006-06-08,1.78,1.78,1.55,1.59,6224000,1.086
2006-06-07,1.77,1.80,1.77,1.78,1268000,1.216
2006-06-06,1.77,1.77,1.75,1.76,1288000,1.203
2006-06-05,1.85,1.85,1.77,1.80,1920000,1.23
2006-06-02,1.80,1.84,1.78,1.82,2552000,1.244
2006-06-01,2.05,2.05,1.82,1.82,3178000,1.244
2006-05-30,1.82,1.83,1.78,1.79,1396000,1.223
2006-05-29,1.86,1.88,1.83,1.83,7110000,1.25
2006-05-26,1.89,1.92,1.82,1.84,3904000,1.257
2006-05-25,1.91,1.91,1.86,1.87,1274000,1.278
2006-05-24,1.83,1.94,1.83,1.90,6230000,1.298
2006-05-23,1.80,1.83,1.73,1.82,3922000,1.244
2006-05-22,1.90,1.91,1.79,1.81,3682000,1.237
2006-05-19,2.00,2.025,1.92,1.93,4696000,1.319
2006-05-18,2.025,2.025,1.98,2.00,5732000,1.367
2006-05-17,2.025,2.10,2.025,2.05,3424000,1.401
2006-05-16,2.10,2.10,1.99,2.025,2768000,1.384
2006-05-15,2.05,2.15,2.05,2.075,2482000,1.418
2006-05-12,2.05,2.175,1.90,2.175,5678000,1.486
2006-05-11,2.15,2.15,2.075,2.075,2416000,1.418
2006-05-10,2.175,2.175,2.125,2.15,20494000,1.469
2006-05-09,2.20,2.20,2.125,2.175,6136000,1.486
2006-05-08,2.25,2.275,2.175,2.175,4486000,1.486
2006-05-04,2.275,2.275,2.20,2.225,6536000,1.52
2006-05-03,2.225,2.275,2.20,2.25,10949000,1.537
2006-05-02,2.225,2.25,2.20,2.225,1260000,1.52
2006-04-28,2.20,2.20,2.15,2.175,1716000,1.486
2006-04-27,2.25,2.275,2.175,2.20,7676000,1.503
2006-04-26,2.225,2.225,2.175,2.225,3224000,1.52
2006-04-25,2.30,2.30,2.20,2.225,15832000,1.52
2006-04-24,2.30,2.30,2.25,2.30,4862000,1.572
2006-04-21,2.275,2.325,2.275,2.30,5522000,1.572
2006-04-20,2.35,2.35,2.225,2.275,16822000,1.555
2006-04-19,2.40,2.45,2.35,2.40,6526000,1.64
2006-04-18,2.475,2.50,2.40,2.40,10888000,1.64
2006-04-13,2.375,2.50,2.375,2.45,8552000,1.674
2006-04-12,2.475,2.50,2.325,2.375,15792000,1.623
2006-04-11,2.35,2.55,2.30,2.475,25492000,1.691
2006-04-10,2.475,2.625,2.325,2.35,17002000,1.606
2006-04-07,2.375,2.525,2.375,2.475,22034000,1.691
2006-04-06,2.25,2.325,2.225,2.30,19380000,1.572
2006-04-04,2.275,2.325,2.125,2.15,19037000,1.469
2006-04-03,2.325,2.40,2.25,2.275,11232000,1.555
2006-03-31,2.425,2.475,2.30,2.35,4998000,1.606
2006-03-30,2.50,2.50,2.45,2.45,1732000,1.674
2006-03-29,2.475,2.525,2.475,2.525,5168000,1.725
2006-03-28,2.475,2.525,2.475,2.50,3712000,1.708
2006-03-27,2.425,2.475,2.40,2.475,1490000,1.691
2006-03-24,2.375,2.45,2.375,2.425,1458000,1.657
2006-03-23,2.40,2.45,2.40,2.40,594000,1.64
2006-03-22,2.475,2.475,2.375,2.40,1402000,1.64
2006-03-21,2.475,2.475,2.425,2.475,1586000,1.691
2006-03-20,2.40,2.50,2.40,2.475,2446000,1.691
2006-03-17,2.35,2.40,2.35,2.375,906000,1.623
2006-03-16,2.35,2.40,2.35,2.35,518000,1.606
2006-03-15,2.325,2.40,2.325,2.35,1310000,1.606
2006-03-14,2.375,2.375,2.30,2.325,982000,1.589
2006-03-13,2.325,2.40,2.325,2.375,626000,1.623
2006-03-10,2.35,2.40,2.325,2.375,836000,1.623
2006-03-09,2.30,2.40,2.225,2.40,6064000,1.64
2006-03-08,2.45,2.45,2.175,2.25,21301000,1.537
2006-03-07,2.50,2.50,2.45,2.475,4890000,1.691
2006-03-06,2.525,2.525,2.475,2.50,1376000,1.708
2006-03-03,2.525,2.625,2.525,2.55,9169000,1.742
2006-03-02,2.50,2.55,2.50,2.525,4694000,1.725
2006-03-01,2.45,2.50,2.45,2.475,1966000,1.691
2006-02-28,2.55,2.55,2.45,2.50,3210000,1.708
2006-02-27,2.525,2.575,2.525,2.55,1828000,1.742
2006-02-24,2.625,2.625,2.525,2.55,2904000,1.742
2006-02-23,2.675,2.675,2.625,2.625,7602000,1.794
2006-02-22,2.70,2.70,2.60,2.675,3858000,1.828
2006-02-21,2.60,2.725,2.55,2.675,9962000,1.828
2006-02-20,2.55,2.60,2.55,2.575,1800000,1.76
2006-02-17,2.65,2.65,2.55,2.575,3838000,1.76
2006-02-16,2.70,2.70,2.60,2.625,6042000,1.794
2006-02-15,2.75,2.75,2.625,2.625,7604000,1.794
2006-02-14,2.725,2.775,2.60,2.725,15064000,1.862
2006-02-13,2.675,2.725,2.625,2.725,6602000,1.862
2006-02-10,2.575,2.775,2.575,2.70,47036000,1.845
2006-02-09,2.525,2.55,2.40,2.525,11600000,1.725
2006-02-08,2.60,2.60,2.45,2.50,11072000,1.708
2006-02-07,2.575,2.65,2.55,2.625,14624000,1.794
2006-02-06,2.50,2.575,2.475,2.55,8576000,1.742
2006-02-03,2.50,2.575,2.475,2.475,17072000,1.691
2006-02-02,2.55,2.625,2.50,2.55,38074000,1.742
2006-02-01,2.30,2.475,2.275,2.45,26992000,1.674
2006-01-27,2.225,2.275,2.20,2.25,4286000,1.537
2006-01-26,2.20,2.225,2.175,2.20,3762000,1.503
2006-01-25,2.275,2.275,2.175,2.20,5130000,1.503
2006-01-24,2.15,2.275,2.15,2.25,8952000,1.537
2006-01-23,2.125,2.15,2.075,2.15,4932000,1.469
2006-01-20,2.25,2.275,2.15,2.175,10332000,1.486
2006-01-19,2.275,2.30,2.20,2.225,10400000,1.52
2006-01-18,2.20,2.275,2.175,2.25,19902000,1.537
2006-01-17,2.375,2.40,2.20,2.225,24542000,1.52
2006-01-16,2.075,2.375,2.05,2.375,47818000,1.623
2006-01-13,2.075,2.075,2.05,2.075,10746000,1.418
2006-01-12,2.05,2.125,2.05,2.075,7890000,1.418
2006-01-11,2.10,2.125,2.05,2.075,6358000,1.418
2006-01-10,2.025,2.15,2.00,2.10,15230000,1.435
2006-01-09,2.025,2.05,1.96,2.00,11936000,1.367
2006-01-06,1.92,2.075,1.91,2.05,21070000,1.401
2006-01-05,2.05,2.05,1.80,1.91,40022000,1.305
2006-01-04,2.05,2.075,2.025,2.025,13750000,1.384
2006-01-03,2.075,2.10,2.025,2.025,24486000,1.384
2005-12-30,2.025,2.05,2.025,2.025,8718000,1.384
2005-12-29,2.05,2.075,2.025,2.05,10498000,1.401
2005-12-28,2.10,2.10,2.025,2.05,20646000,1.401
2005-12-23,2.10,2.125,2.075,2.10,15392000,1.435
2005-12-22,2.05,2.15,2.05,2.10,45614000,1.435
2005-12-21,2.05,2.05,2.025,2.025,13686000,1.384
2005-12-20,2.05,2.05,2.025,2.025,18646000,1.384
2005-12-19,2.025,2.05,2.025,2.05,36972000,1.401
2005-12-16,2.125,2.15,2.025,2.05,55424000,1.401
2005-12-15,2.20,2.25,2.075,2.15,247110000,1.469
