Date,Open,High,Low,Close,Volume,Adj_Close
2016-03-25,26.825,26.825,26.825,26.825,000,0.825
2016-03-24,26.825,26.825,26.825,26.825,000,0.825
2016-03-23,26.49,26.49,26.49,26.49,000,0.815
2016-03-22,26.705,26.705,26.705,26.705,000,0.821
2016-03-21,25.695,25.695,25.695,25.695,000,0.79
2016-03-18,26.005,26.005,26.005,26.005,000,0.80
2016-03-17,26.335,26.335,26.335,26.335,000,0.81
2016-03-16,26.905,26.905,26.905,26.905,000,0.827
2016-03-15,26.885,26.885,26.885,26.885,000,0.827
2016-03-14,26.66,26.66,26.66,26.66,000,0.82
2016-03-11,26.46,26.46,26.46,26.46,000,0.814
2016-03-10,26.49,26.49,26.49,26.49,000,0.815
2016-03-09,26.86,26.86,26.86,26.86,000,0.826
2016-03-08,27.11,27.11,27.11,27.11,000,0.834
2016-03-07,27.205,27.205,27.205,27.205,000,0.837
2016-03-04,27.365,27.365,27.365,27.365,000,0.842
2016-03-03,27.45,27.45,27.45,27.45,000,0.844
2016-03-02,27.055,27.055,27.055,27.055,000,0.832
2016-03-01,26.76,26.76,26.76,26.76,000,0.823
2016-02-29,26.52,26.52,26.52,26.52,000,0.816
2016-02-26,27.02,27.02,27.02,27.02,000,0.831
2016-02-25,26.79,26.79,26.79,26.79,000,0.824
2016-02-24,26.54,26.54,26.54,26.54,000,0.816
2016-02-23,26.975,26.975,26.975,26.975,000,0.83
2016-02-22,27.595,27.595,27.595,27.595,000,0.849
2016-02-19,26.425,26.425,26.425,26.425,000,0.813
2016-02-18,26.36,26.36,26.36,26.36,000,0.811
2016-02-17,25.895,25.895,25.895,25.895,000,0.796
2016-02-16,26.405,27.225,26.405,27.225,000,0.837
2016-02-15,27.065,27.065,27.065,27.065,000,0.832
2016-02-12,25.62,25.62,25.62,25.62,000,0.788
2016-02-11,25.62,25.62,25.62,25.62,000,0.788
2016-02-10,25.13,25.13,25.13,25.13,000,0.773
2016-02-09,27.46,27.46,27.46,27.46,000,0.845
2016-02-08,28.25,28.25,28.25,28.25,000,0.869
2016-02-05,28.315,28.315,28.315,28.315,000,0.871
2016-02-04,28.665,28.665,28.665,28.665,000,0.882
2016-02-03,29.15,29.15,29.15,29.15,000,0.897
2016-02-02,29.43,29.43,29.43,29.43,000,0.905
2016-02-01,29.10,29.10,29.10,29.10,000,0.895
2016-01-29,28.875,28.875,28.875,28.875,000,0.888
2016-01-28,27.925,27.925,27.925,27.925,000,0.859
2016-01-27,27.65,27.65,27.65,27.65,000,0.85
2016-01-26,26.995,26.995,26.995,26.995,000,0.83
2016-01-25,27.16,27.16,27.16,27.16,000,0.835
2016-01-22,26.835,26.835,26.835,26.835,000,0.825
2016-01-21,25.49,25.49,25.49,25.49,000,0.784
2016-01-20,26.405,26.405,26.405,26.405,000,0.812
2016-01-19,26.895,26.895,26.835,26.835,000,0.825
2016-01-18,27.385,27.385,27.385,27.385,000,0.842
2016-01-15,27.735,27.735,27.735,27.735,000,0.853
2016-01-14,27.755,27.755,27.755,27.755,000,0.854
2016-01-13,28.525,28.525,28.525,28.525,000,0.877
2016-01-12,28.23,28.23,28.23,28.23,000,0.868
2016-01-11,28.75,28.75,28.75,28.75,000,0.884
2016-01-08,28.995,28.995,28.995,28.995,000,0.892
2016-01-07,29.26,29.26,29.26,29.26,000,0.90
2016-01-06,29.115,29.115,29.115,29.115,000,0.895
2016-01-05,28.575,28.575,28.575,28.575,000,0.879
2016-01-04,28.185,28.185,28.185,28.185,000,0.867
2016-01-01,28.54,28.54,28.54,28.54,000,0.878
2015-12-31,28.54,28.54,28.54,28.54,000,0.878
2015-12-30,28.545,28.545,28.54,28.54,000,0.878
2015-12-29,28.305,28.39,28.305,28.39,000,0.873
2015-12-28,28.18,28.18,28.18,28.18,000,0.867
2015-12-25,28.35,28.35,28.35,28.35,000,0.072
2015-12-24,28.35,28.35,28.35,28.35,000,0.072
2015-12-23,28.35,28.35,28.35,28.35,000,0.072
2015-12-22,28.745,28.745,28.745,28.745,000,0.073
2015-12-21,29.205,29.205,29.205,29.205,000,0.074
2015-12-18,28.915,29.72,28.915,29.72,000,0.076
2015-12-17,29.715,29.715,29.715,29.715,000,0.076
2015-12-16,29.02,29.02,29.02,29.02,000,0.074
2015-12-15,28.405,28.405,28.405,28.405,000,0.072
2015-12-14,29.19,29.19,29.19,29.19,000,0.074
2015-12-11,29.23,29.23,29.23,29.23,000,0.075
2015-12-10,28.915,28.915,28.915,28.915,000,0.074
2015-12-09,28.845,28.845,28.845,28.845,000,0.074
2015-12-08,29.305,29.305,29.305,29.305,000,0.075
2015-12-07,29.405,29.405,29.405,29.405,000,0.075
2015-12-04,29.035,29.035,29.035,29.035,000,0.074
2015-12-03,29.875,29.875,29.875,29.875,000,0.076
2015-12-02,29.495,29.495,29.495,29.495,000,0.075
2015-12-01,29.695,29.695,29.695,29.695,000,0.076
2015-11-30,29.375,29.375,29.375,29.375,000,0.075
2015-11-27,29.52,29.52,29.52,29.52,000,0.075
2015-11-26,29.59,29.59,29.59,29.59,000,0.075
2015-11-25,29.345,29.345,29.345,29.345,000,0.075
2015-11-24,29.34,29.34,29.34,29.34,000,0.075
2015-11-23,29.435,29.435,29.435,29.435,000,0.075
2015-11-20,29.26,29.26,29.26,29.26,000,0.075
2015-11-19,29.135,29.135,29.135,29.135,000,0.074
2015-11-18,29.105,29.105,29.105,29.105,000,0.074
2015-11-17,28.95,28.95,28.95,28.95,000,0.074
2015-11-16,29.11,29.11,29.11,29.11,000,0.074
2015-11-13,28.69,28.69,28.69,28.69,000,0.073
2015-11-12,28.72,28.72,28.72,28.72,000,0.073
2015-11-11,28.81,28.81,28.81,28.81,000,0.073
2015-11-10,28.45,28.45,28.45,28.45,000,0.073
2015-11-09,28.415,28.415,28.415,28.415,000,0.072
2015-11-06,28.67,28.67,28.67,28.67,000,0.073
2015-11-05,28.675,28.675,28.675,28.675,000,0.073
2015-11-04,27.045,27.045,27.045,27.045,000,0.069
2015-11-03,26.815,26.815,26.815,26.815,000,0.068
2015-11-02,27.19,27.19,27.19,27.19,000,0.069
2015-10-30,27.945,27.945,27.945,27.945,000,0.071
2015-10-29,28.185,28.185,28.185,28.185,000,0.072
2015-10-28,27.93,27.93,27.93,27.93,000,0.071
2015-10-27,27.95,27.95,27.95,27.95,000,0.071
2015-10-26,27.98,27.98,27.98,27.98,000,0.071
2015-10-23,28.205,28.205,28.205,28.205,000,0.072
2015-10-22,27.51,27.51,27.51,27.51,000,0.07
2015-10-21,26.765,26.765,26.765,26.765,000,0.068
2015-10-20,26.365,26.365,26.365,26.365,000,0.067
2015-10-19,26.815,26.815,26.815,26.815,000,0.068
2015-10-16,27.22,27.22,27.22,27.22,000,0.069
2015-10-15,26.47,26.47,26.47,26.47,000,0.067
2015-10-14,27.205,27.205,27.205,27.205,000,0.069
2015-10-13,27.305,27.305,27.305,27.305,000,0.07
2015-10-12,26.995,26.995,26.995,26.995,000,0.069
2015-10-09,27.32,27.32,27.32,27.32,000,0.07
2015-10-08,26.71,26.71,26.71,26.71,000,0.068
2015-10-07,27.20,27.20,27.20,27.20,000,0.069
2015-10-06,27.43,27.43,27.43,27.43,000,0.07
2015-10-05,27.825,27.825,27.825,27.825,000,0.071
2015-10-02,27.61,27.61,27.61,27.61,000,0.07
2015-10-01,28.25,28.25,28.25,28.25,000,0.072
2015-09-30,28.32,28.32,28.32,28.32,000,0.072
2015-09-29,27.65,27.65,27.65,27.65,000,0.07
2015-09-28,28.56,28.56,28.56,28.56,000,0.073
2015-09-25,28.605,28.605,28.605,28.605,000,0.073
2015-09-24,27.68,27.68,27.68,27.68,000,0.071
2015-09-23,27.33,27.33,27.33,27.33,000,0.07
2015-09-22,27.605,27.605,27.605,27.605,000,0.07
2015-09-21,27.43,27.43,27.43,27.43,000,0.07
2015-09-18,27.585,27.585,27.585,27.585,000,0.07
2015-09-17,28.22,28.22,28.22,28.22,000,0.072
2015-09-16,27.525,27.525,27.525,27.525,000,0.07
2015-09-15,26.24,26.24,26.24,26.24,000,0.067
2015-09-14,25.815,25.815,25.815,25.815,000,0.066
2015-09-11,25.87,25.87,25.87,25.87,000,0.066
2015-09-10,26.38,26.38,26.38,26.38,000,0.067
2015-09-09,27.275,27.275,27.275,27.275,000,0.07
2015-09-08,26.055,26.055,26.055,26.055,000,0.066
2015-09-07,27.065,27.065,27.065,27.065,000,0.069
2015-09-04,27.475,27.475,27.475,27.475,000,0.07
2015-09-03,27.83,27.83,27.83,27.83,000,0.071
2015-09-02,27.76,27.76,27.76,27.76,000,0.071
2015-09-01,27.985,27.985,27.985,27.985,000,0.071
2015-08-31,29.04,29.04,29.04,29.04,000,0.074
2015-08-28,28.425,28.425,28.425,28.425,000,0.072
2015-08-27,28.075,28.075,28.075,28.075,000,0.072
2015-08-26,26.355,26.355,26.355,26.355,000,0.067
2015-08-25,26.08,26.08,26.08,26.08,000,0.066
2015-08-24,27.23,27.23,27.23,27.23,000,0.069
2015-08-21,28.395,28.395,28.395,28.395,000,0.072
2015-08-20,29.415,29.415,29.415,29.415,000,0.075
2015-08-19,30.21,30.21,30.21,30.21,000,0.077
2015-08-18,30.745,30.745,30.745,30.745,000,0.078
2015-08-17,31.235,31.235,31.235,31.235,000,0.08
2015-08-14,31.03,31.03,31.03,31.03,000,0.079
2015-08-13,31.185,31.185,31.185,31.185,000,0.08
2015-08-12,31.08,31.08,31.08,31.08,000,0.079
2015-08-11,31.475,31.475,31.475,31.475,000,0.08
2015-08-10,31.815,31.815,31.815,31.815,000,0.081
2015-08-07,31.32,31.32,31.32,31.32,000,0.08
2015-08-06,30.585,30.585,30.585,30.585,000,0.078
2015-08-05,30.625,30.625,30.625,30.625,000,0.078
2015-08-04,30.73,30.73,30.73,30.73,000,0.078
2015-08-03,30.53,30.53,30.53,30.53,000,0.078
2015-07-31,30.265,30.265,30.265,30.265,000,0.077
2015-07-30,30.205,30.205,30.205,30.205,000,0.077
2015-07-29,30.11,30.11,30.11,30.11,000,0.077
2015-07-28,29.49,29.49,29.49,29.49,000,0.075
2015-07-27,29.515,29.515,29.515,29.515,000,0.075
2015-07-24,29.415,29.415,29.415,29.415,000,0.075
2015-07-23,29.61,29.61,29.61,29.61,000,0.075
2015-07-22,29.355,29.355,29.355,29.355,000,0.075
2015-07-21,29.365,29.365,29.365,29.365,000,0.075
2015-07-20,29.37,29.37,29.37,29.37,000,0.075
2015-07-17,29.245,29.245,29.245,29.245,000,0.075
2015-07-16,29.03,29.03,29.03,29.03,000,0.074
2015-07-15,28.715,28.715,28.715,28.715,000,0.073
2015-07-14,28.44,28.44,28.44,28.44,000,0.073
2015-07-13,28.245,28.245,28.245,28.245,000,0.072
2015-07-10,27.22,27.22,27.22,27.22,000,0.069
2015-07-09,26.815,26.815,26.815,26.815,000,0.068
2015-07-08,27.49,27.49,27.49,27.49,000,0.07
2015-07-07,27.41,27.41,27.41,27.41,000,0.07
2015-07-06,27.125,27.125,27.125,27.125,000,0.069
2015-07-03,27.45,27.45,27.45,27.45,000,0.07
2015-07-02,27.53,27.53,27.53,27.53,000,0.07
2015-07-01,27.675,27.675,27.675,27.675,000,0.071
2015-06-30,28.095,28.095,28.095,28.095,000,0.072
2015-06-29,27.94,27.94,27.94,27.94,000,0.071
2015-06-26,28.67,29.295,28.67,29.295,000,0.075
2015-06-25,29.18,29.18,29.18,29.18,000,0.013
2015-06-24,29.415,29.415,29.415,29.415,000,0.013
2015-06-23,29.085,29.085,29.085,29.085,000,0.013
2015-06-22,28.545,28.545,28.545,28.545,000,0.013
2015-06-19,28.445,28.445,28.445,28.445,000,0.013
2015-06-18,28.63,28.63,28.63,28.63,000,0.013
2015-06-17,29.21,29.21,29.21,29.21,000,0.013
2015-06-16,29.285,29.285,29.285,29.285,000,0.013
2015-06-15,29.595,29.595,29.595,29.595,000,0.013
2015-06-12,29.42,29.42,29.42,29.42,000,0.013
2015-06-11,29.39,29.39,29.39,29.39,000,0.013
2015-06-10,28.925,28.925,28.925,28.925,000,0.013
2015-06-09,28.10,28.10,28.10,28.10,000,0.013
2015-06-08,28.135,28.135,28.135,28.135,000,0.013
2015-06-05,28.205,28.205,28.205,28.205,000,0.013
2015-06-04,27.54,27.54,27.54,27.54,000,0.012
2015-06-03,28.045,28.045,28.045,28.045,000,0.013
2015-06-02,28.87,28.87,28.87,28.87,000,0.013
2015-06-01,29.04,29.04,29.04,29.04,000,0.013
2015-05-29,29.035,29.035,29.035,29.035,000,0.013
2015-05-28,29.615,29.615,29.615,29.615,000,0.013
2015-05-27,29.60,29.60,29.60,29.60,000,0.013
2015-05-26,29.705,29.705,29.705,29.705,000,0.013
2015-05-25,29.815,29.815,29.815,29.815,000,0.013
2015-05-22,30.16,30.16,30.16,30.16,000,0.014
2015-05-21,30.245,30.245,30.245,30.245,000,0.014
2015-05-20,30.14,30.14,30.14,30.14,000,0.014
2015-05-19,29.535,29.535,29.535,29.535,000,0.013
2015-05-18,29.075,29.075,29.075,29.075,000,0.013
2015-05-15,29.415,29.415,29.415,29.415,000,0.013
2015-05-14,28.415,28.415,28.415,28.415,000,0.013
2015-05-13,28.895,28.895,28.895,28.895,000,0.013
2015-05-12,28.54,28.54,28.54,28.54,000,0.013
2015-05-11,29.055,29.055,29.055,29.055,000,0.013
2015-05-08,28.83,28.83,28.83,28.83,000,0.013
2015-05-07,28.28,28.28,28.28,28.28,000,0.013
2015-05-06,28.18,28.18,28.18,28.18,000,0.013
2015-05-05,29.00,29.00,29.00,29.00,000,0.013
2015-05-04,29.00,29.00,29.00,29.00,000,0.013
2015-05-01,29.00,29.00,29.00,29.00,000,0.013
2015-04-30,29.00,29.00,29.00,29.00,000,0.013
2015-04-29,29.525,29.525,29.525,29.525,000,0.013
2015-04-28,30.13,30.13,30.13,30.13,000,0.014
2015-04-27,30.38,30.38,30.38,30.38,000,0.014
2015-04-24,30.84,30.84,30.84,30.84,000,0.014
2015-04-23,31.255,31.255,31.255,31.255,000,0.014
2015-04-22,31.365,31.365,31.365,31.365,000,0.014
2015-04-21,31.35,31.35,31.35,31.35,000,0.014
2015-04-20,31.145,31.745,31.145,31.745,000,0.014
2015-04-17,31.265,31.265,31.265,31.265,000,0.014
2015-04-16,31.405,31.405,31.405,31.405,000,0.014
2015-04-15,31.74,31.74,31.74,31.74,000,0.014
2015-04-14,32.00,32.00,32.00,32.00,000,0.014
2015-04-13,31.92,31.92,31.92,31.92,000,0.014
2015-04-10,31.97,31.97,31.97,31.97,000,0.014
2015-04-09,31.84,31.84,31.84,31.84,000,0.014
2015-04-08,31.03,31.03,31.03,31.03,000,0.014
2015-04-07,30.07,30.07,30.07,30.07,000,0.014
2015-04-06,30.165,30.165,30.165,30.165,000,0.014
2015-04-03,30.165,30.165,30.165,30.165,000,0.014
2015-04-02,30.165,30.165,30.165,30.165,000,0.014
2015-04-01,29.505,29.505,29.505,29.505,000,0.027
2015-03-31,29.245,29.88,29.245,29.88,000,0.028
2015-03-30,29.70,30.05,29.70,30.05,000,0.028
2015-03-27,30.00,30.00,30.00,30.00,000,0.028
2015-03-26,29.77,29.77,29.77,29.77,000,0.028
2015-03-25,29.435,29.435,29.435,29.435,000,0.027
2015-03-24,29.055,29.055,29.055,29.055,000,0.027
2015-03-23,29.085,29.085,29.085,29.085,000,0.027
2015-03-20,29.265,29.265,29.265,29.265,000,0.027
2015-03-19,28.575,28.575,28.575,28.575,000,0.027
2015-03-18,29.30,29.30,29.30,29.30,000,0.027
2015-03-17,29.14,29.14,29.14,29.14,000,0.027
2015-03-16,29.165,29.165,29.165,29.165,000,0.027
2015-03-13,28.63,28.63,28.63,28.63,000,0.027
2015-03-12,28.415,28.415,28.415,28.415,000,0.026
2015-03-11,28.44,28.44,28.44,28.44,000,0.026
2015-03-10,28.46,28.46,28.46,28.46,000,0.026
2015-03-09,28.385,28.385,28.385,28.385,000,0.026
2015-03-06,28.17,28.17,28.17,28.17,000,0.026
2015-03-05,28.085,28.085,28.085,28.085,000,0.026
2015-03-04,27.745,28.43,27.745,28.43,000,0.026
2015-03-03,28.125,28.125,28.125,28.125,000,0.026
2015-03-02,27.415,27.415,27.415,27.415,000,0.026
2015-02-27,27.445,27.445,27.445,27.445,000,0.026
2015-02-26,27.405,27.405,27.405,27.405,000,0.025
2015-02-25,27.38,27.38,27.38,27.38,000,0.025
2015-02-24,27.32,27.32,27.32,27.32,000,0.025
2015-02-23,27.32,27.32,27.32,27.32,000,0.025
2015-02-20,27.545,27.545,27.545,27.545,000,0.026
2015-02-19,27.81,27.81,27.81,27.81,000,0.026
2015-02-18,27.18,27.18,27.18,27.18,000,0.025
2015-02-17,26.68,26.68,26.68,26.68,000,0.025
2015-02-16,26.69,26.69,26.69,26.69,000,0.025
2015-02-13,27.16,27.16,27.16,27.16,000,0.025
2015-02-12,27.125,27.125,27.125,27.125,000,0.025
2015-02-11,26.70,26.70,26.70,26.70,000,0.025
2015-02-10,27.30,27.30,27.30,27.30,000,0.025
2015-02-09,27.115,27.115,27.115,27.115,000,0.025
2015-02-06,27.47,27.47,27.47,27.47,000,0.026
2015-02-05,27.86,27.86,27.86,27.86,000,0.026
2015-02-04,27.655,27.655,27.655,27.655,000,0.026
2015-02-03,28.53,28.53,28.53,28.53,000,0.027
2015-02-02,28.89,28.89,28.89,28.89,000,0.027
2015-01-30,28.43,28.43,28.43,28.43,000,0.026
2015-01-29,28.965,28.965,28.965,28.965,000,0.027
2015-01-28,28.79,28.79,28.79,28.79,000,0.027
2015-01-27,29.09,29.09,29.09,29.09,000,0.027
2015-01-26,28.47,28.47,28.47,28.47,000,0.026
2015-01-23,27.955,27.955,27.955,27.955,000,0.026
2015-01-22,27.01,27.01,27.01,27.01,000,0.025
2015-01-21,26.805,26.805,26.805,26.805,000,0.025
2015-01-20,26.675,26.675,26.675,26.675,000,0.025
2015-01-19,26.515,26.515,26.515,26.515,000,0.025
2015-01-16,26.335,26.335,26.335,26.335,000,0.025
2015-01-15,26.525,26.525,26.525,26.525,000,0.025
2015-01-14,25.78,25.78,25.78,25.78,000,0.024
2015-01-13,25.38,25.38,25.38,25.38,000,0.024
2015-01-12,25.145,25.145,25.145,25.145,000,0.023
2015-01-09,25.04,25.04,25.04,25.04,000,0.023
2015-01-08,25.455,25.455,25.455,25.455,000,0.024
2015-01-07,24.945,24.945,24.945,24.945,000,0.023
2015-01-06,24.835,24.835,24.835,24.835,000,0.023
2015-01-05,25.385,25.385,25.385,25.385,000,0.024
2015-01-02,25.45,25.45,25.45,25.45,000,0.024
2015-01-01,25.135,25.135,25.135,25.135,000,0.023
2014-12-31,25.135,25.135,25.135,25.135,000,0.023
2014-12-30,25.425,25.425,25.135,25.135,000,0.023
2014-12-29,25.515,25.515,25.515,25.515,000,0.024
2014-12-26,25.345,25.345,25.345,25.345,000,0.002
2014-12-25,25.345,25.345,25.345,25.345,000,0.002
2014-12-24,25.345,25.345,25.345,25.345,000,0.002
2014-12-23,25.345,25.345,25.345,25.345,000,0.002
2014-12-22,25.855,25.855,25.855,25.855,000,0.00
2014-12-19,26.07,26.07,26.07,26.07,000,0.00
2014-12-18,25.21,25.21,25.21,25.21,000,0.00
2014-12-17,24.285,24.285,24.285,24.285,000,0.00
2014-12-16,24.555,24.555,24.555,24.555,000,0.00
2014-12-15,25.26,25.26,25.26,25.26,000,0.00
2014-12-12,24.71,24.71,24.71,24.71,000,0.00
2014-12-11,24.74,25.415,24.74,25.415,000,0.00
2014-12-10,25.005,25.47,25.005,25.47,000,0.00
2014-12-09,25.94,25.94,25.94,25.94,000,0.00
2014-12-08,25.60,25.60,25.60,25.60,000,0.00
2014-12-05,25.435,25.435,25.435,25.435,000,0.00
2014-12-04,25.705,25.705,25.705,25.705,000,0.00
2014-12-03,25.60,25.60,25.60,25.60,000,0.00
2014-12-02,25.025,25.425,25.025,25.425,000,0.00
2014-12-01,25.065,25.065,25.065,25.065,000,0.00
2014-11-28,24.935,24.935,24.935,24.935,000,0.00
2014-11-27,24.745,24.745,24.745,24.745,000,0.00
2014-11-26,24.54,24.54,24.54,24.54,000,0.00
2014-11-25,24.615,24.615,24.615,24.615,000,0.00
2014-11-24,24.385,24.385,24.385,24.385,000,0.00
2014-11-21,24.485,24.485,24.485,24.485,000,0.00
2014-11-20,24.095,24.095,24.095,24.095,000,0.00
2014-11-19,23.79,23.79,23.79,23.79,000,0.00
2014-11-18,23.485,23.485,23.485,23.485,000,0.00
2014-11-17,23.255,23.255,23.255,23.255,000,0.00
2014-11-14,23.80,23.80,23.80,23.80,000,0.00
2014-11-13,24.15,24.15,24.15,24.15,000,0.00
2014-11-12,23.655,23.655,23.655,23.655,000,0.00
2014-11-11,23.88,23.88,23.88,23.88,000,0.00
2014-11-10,23.85,24.22,23.85,24.22,000,0.00
2014-11-07,24.12,24.12,24.12,24.12,000,0.00
2014-11-06,23.975,23.975,23.975,23.975,000,0.00
2014-11-05,24.26,24.26,24.26,24.26,000,0.00
2014-11-04,24.155,24.155,24.155,24.155,000,0.00
2014-11-03,23.755,23.755,23.755,23.755,000,0.00
2014-10-31,23.92,23.92,23.92,23.92,000,0.00
2014-10-30,23.885,23.885,23.885,23.885,000,0.00
2014-10-29,23.925,23.925,23.925,23.925,000,0.00
2014-10-28,23.75,23.755,23.75,23.755,000,0.00
2014-10-27,23.60,23.60,23.60,23.60,000,0.00
2014-10-24,23.335,23.335,23.335,23.335,000,0.00
2014-10-23,22.935,22.935,22.935,22.935,000,0.00
2014-10-22,23.095,23.095,23.095,23.095,000,0.00
2014-10-21,22.575,22.575,22.575,22.575,000,0.00
2014-10-20,22.31,22.31,22.31,22.31,000,0.00
2014-10-17,21.76,23.16,21.76,23.16,000,0.00
2014-10-16,22.41,23.14,22.41,23.14,000,0.00
2014-10-15,23.105,23.105,23.105,23.105,000,0.00
2014-10-14,22.605,22.605,22.605,22.605,000,0.00
2014-10-13,23.16,23.16,23.16,23.16,000,0.00
2014-10-10,23.00,23.00,23.00,23.00,000,0.00
2014-10-09,23.23,23.23,23.23,23.23,000,0.00
2014-10-08,23.355,23.355,23.355,23.355,000,0.00
2014-10-07,23.215,23.215,23.215,23.215,000,0.00
2014-10-06,23.21,23.21,23.21,23.21,000,0.00
2014-10-03,22.93,22.93,22.93,22.93,000,0.00
2014-10-02,22.35,22.35,22.35,22.35,000,0.00
2014-10-01,22.64,22.64,22.64,22.64,000,0.00
2014-09-30,22.655,22.655,22.655,22.655,000,0.00
2014-09-29,23.08,23.08,23.08,23.08,000,0.00
2014-09-26,22.645,22.645,22.645,22.645,000,0.00
2014-09-25,22.825,22.825,22.825,22.825,000,0.00
2014-09-24,22.525,22.525,22.525,22.525,000,0.00
2014-09-23,22.37,22.37,22.37,22.37,000,0.00
2014-09-22,23.095,23.095,23.095,23.095,000,0.00
2014-09-19,22.36,22.36,22.36,22.36,000,0.00
2014-09-18,22.62,22.62,22.62,22.62,000,0.00
2014-09-17,22.895,22.895,22.895,22.895,000,0.00
2014-09-16,22.91,22.91,22.91,22.91,000,0.00
2014-09-15,23.11,23.11,23.11,23.11,000,0.00
2014-09-12,23.165,23.165,23.165,23.165,000,0.00
2014-09-11,23.50,23.50,23.50,23.50,000,0.00
2014-09-10,24.23,24.23,24.23,24.23,000,0.00
2014-09-09,24.135,24.135,24.135,24.135,000,0.00
2014-09-08,24.305,24.305,24.305,24.305,000,0.00
2014-09-05,24.505,24.505,24.505,24.505,000,0.00
2014-09-04,24.34,24.34,24.34,24.34,000,0.00
2014-09-03,24.00,24.00,24.00,24.00,000,0.00
2014-09-02,23.86,23.86,23.86,23.86,000,0.00
2014-09-01,23.77,23.77,23.77,23.77,000,0.00
2014-08-29,23.745,23.745,23.745,23.745,000,0.00
2014-08-28,23.66,23.66,23.66,23.66,000,0.00
2014-08-27,24.00,24.00,24.00,24.00,000,0.00
2014-08-26,23.92,23.92,23.92,23.92,000,0.00
2014-08-25,23.875,23.875,23.875,23.875,000,0.00
2014-08-22,23.83,23.83,23.83,23.83,000,0.00
2014-08-21,23.665,23.665,23.665,23.665,000,0.00
2014-08-20,23.66,23.66,23.66,23.66,000,0.00
2014-08-19,23.455,23.455,23.455,23.455,000,0.00
2014-08-18,23.285,24.11,23.285,24.11,000,0.00
2014-08-15,23.165,23.165,23.165,23.165,000,0.00
2014-08-14,23.34,23.34,23.34,23.34,000,0.00
2014-08-13,23.32,23.32,23.32,23.32,000,0.00
2014-08-12,22.915,22.915,22.915,22.915,000,0.00
2014-08-11,22.91,22.91,22.91,22.91,000,0.00
2014-08-08,22.65,22.65,22.65,22.65,000,0.00
2014-08-07,22.555,22.555,22.555,22.555,000,0.00
2014-08-06,22.585,22.585,22.585,22.585,000,0.00
2014-08-05,22.665,22.665,22.665,22.665,000,0.00
2014-08-04,22.76,22.76,22.76,22.76,000,0.00
2014-08-01,22.68,22.68,22.68,22.68,000,0.00
2014-07-31,22.545,22.545,22.545,22.545,000,0.00
2014-07-30,22.895,22.895,22.895,22.895,000,0.00
2014-07-29,22.815,22.815,22.815,22.815,000,0.00
2014-07-28,22.755,22.755,22.755,22.755,000,0.00
2014-07-25,22.87,22.87,22.87,22.87,000,0.00
2014-07-24,22.745,22.745,22.745,22.745,000,0.00
2014-07-23,22.75,22.75,22.75,22.75,000,0.00
2014-07-22,22.69,22.69,22.69,22.69,000,0.00
2014-07-21,22.705,22.705,22.705,22.705,000,0.00
2014-07-18,22.715,22.715,22.715,22.715,000,0.00
2014-07-17,22.895,22.895,22.895,22.895,000,0.00
2014-07-16,22.86,22.86,22.86,22.86,000,0.00
2014-07-15,22.89,22.89,22.89,22.89,000,0.00
2014-07-14,22.93,22.93,22.93,22.93,000,0.00
2014-07-11,23.38,23.38,23.38,23.38,000,0.00
2014-07-10,23.33,23.33,23.33,23.33,000,0.00
2014-07-09,23.515,23.515,23.515,23.515,000,0.00
2014-07-08,23.375,23.375,23.375,23.375,000,0.00
2014-07-07,23.345,23.345,23.345,23.345,000,0.00
2014-07-04,23.05,23.05,23.05,23.05,000,0.00
2014-07-03,22.83,22.83,22.83,22.83,000,0.00
2014-07-02,22.875,22.875,22.875,22.875,000,0.00
2014-07-01,22.735,22.735,22.735,22.735,000,0.00
2014-06-30,22.745,22.745,22.745,22.745,000,0.00
2014-06-27,22.435,22.435,22.435,22.435,000,0.00
2014-06-26,22.53,22.53,22.53,22.53,000,0.00
2014-06-25,22.20,22.20,22.20,22.20,000,0.00
2014-06-24,22.435,22.435,22.435,22.435,000,0.00
2014-06-23,22.235,22.235,22.235,22.235,000,0.00
2014-06-20,22.295,22.295,22.295,22.295,000,0.00
2014-06-19,22.465,22.465,22.465,22.465,000,0.00
2014-06-18,22.185,22.185,22.185,22.185,000,0.00
2014-06-17,22.40,22.40,22.40,22.40,000,0.00
2014-06-16,22.42,22.42,22.42,22.42,000,0.00
2014-06-13,22.15,22.15,22.15,22.15,000,0.00
2014-06-12,22.005,22.005,22.005,22.005,000,0.00
2014-06-11,21.93,21.93,21.93,21.93,000,0.00
2014-06-10,21.83,21.83,21.83,21.83,000,0.00
2014-06-09,21.73,21.73,21.73,21.73,000,0.00
2014-06-06,21.785,21.785,21.785,21.785,000,0.00
2014-06-05,22.05,22.05,22.05,22.05,000,0.00
2014-06-04,20.87,20.87,20.87,20.87,000,0.00
2014-06-03,20.90,20.90,20.90,20.90,000,0.00
2014-06-02,20.695,20.695,20.695,20.695,000,0.00
2014-05-30,20.54,20.54,20.54,20.54,000,0.00
2014-05-29,20.96,20.96,20.96,20.96,000,0.00
2014-05-28,21.015,21.015,21.015,21.015,000,0.00
2014-05-27,20.805,20.805,20.805,20.805,000,0.00
2014-05-26,20.97,20.97,20.97,20.97,000,0.00
2014-05-23,20.695,20.695,20.695,20.695,000,0.00
2014-05-22,20.665,20.665,20.665,20.665,000,0.00
2014-05-21,20.57,20.57,20.57,20.57,000,0.00
2014-05-20,20.45,20.45,20.45,20.45,000,0.00
2014-05-19,20.50,20.50,20.50,20.50,000,0.00
2014-05-16,20.335,20.335,20.335,20.335,000,0.00
2014-05-15,20.625,20.625,20.625,20.625,000,0.00
2014-05-14,20.575,20.575,20.575,20.575,000,0.00
2014-05-13,20.465,20.465,20.465,20.465,000,0.00
2014-05-12,20.10,20.10,20.10,20.10,000,0.00
2014-05-09,20.01,20.01,20.01,20.01,000,0.00
2014-05-08,19.935,19.935,19.935,19.935,000,0.00
2014-05-07,19.77,19.77,19.77,19.77,000,0.00
2014-05-06,19.815,19.815,19.815,19.815,000,0.00
2014-05-05,19.705,19.705,19.705,19.705,000,0.00
2014-05-02,19.635,19.635,19.635,19.635,000,0.00
2014-05-01,19.75,19.75,19.75,19.75,000,0.00
2014-04-30,19.75,19.75,19.75,19.75,000,0.00
2014-04-29,19.49,19.49,19.49,19.49,000,0.00
2014-04-28,19.60,19.60,19.60,19.60,000,0.00
2014-04-25,19.41,19.41,19.41,19.41,000,0.00
2014-04-24,19.60,19.60,19.60,19.60,000,0.00
2014-04-23,19.78,19.78,19.78,19.78,000,0.00
2014-04-22,20.23,20.23,20.23,20.23,000,0.00
2014-04-21,20.195,20.195,20.195,20.195,000,0.00
2014-04-18,20.195,20.195,20.195,20.195,000,0.00
2014-04-17,20.195,20.195,20.195,20.195,000,0.00
2014-04-16,19.89,19.89,19.89,19.89,000,0.00
2014-04-15,19.685,19.685,19.685,19.685,000,0.00
2014-04-14,19.605,19.605,19.605,19.605,000,0.00
2014-04-11,19.45,19.45,19.45,19.45,000,0.00
2014-04-10,20.00,20.00,20.00,20.00,000,0.00
2014-04-09,20.065,20.065,20.065,20.065,000,0.00
2014-04-08,20.125,20.125,20.125,20.125,000,0.00
2014-04-07,20.36,20.36,20.36,20.36,000,0.00
2014-04-04,20.415,20.415,20.415,20.415,000,0.00
2014-04-03,20.175,20.175,20.175,20.175,000,0.00
2014-04-02,19.83,19.83,19.83,19.83,000,0.00
2014-04-01,19.985,19.985,19.985,19.985,000,0.00
2014-03-31,20.245,20.245,20.245,20.245,000,0.00
2014-03-28,20.21,20.21,20.21,20.21,000,0.00
2014-03-27,19.695,19.695,19.695,19.695,000,0.00
2014-03-26,19.555,19.555,19.555,19.555,000,0.00
2014-03-25,19.31,19.31,19.31,19.31,000,0.00
2014-03-24,19.74,19.74,19.74,19.74,000,0.00
2014-03-21,19.02,19.02,19.02,19.02,000,0.00
2014-03-20,18.875,18.875,18.875,18.875,000,0.00
2014-03-19,19.28,19.28,19.28,19.28,000,0.00
2014-03-18,18.98,18.98,18.98,18.98,000,0.00
2014-03-17,18.875,18.875,18.875,18.875,000,0.00
2014-03-14,18.925,18.925,18.925,18.925,000,0.00
2014-03-13,19.12,19.12,19.12,19.12,000,0.00
2014-03-12,19.44,19.44,19.44,19.44,000,0.00
2014-03-11,19.65,19.65,19.65,19.65,000,0.00
2014-03-10,19.535,19.535,19.535,19.535,000,0.00
2014-03-07,19.55,19.55,19.55,19.55,000,0.00
2014-03-06,19.94,19.94,19.94,19.94,000,0.00
2014-03-05,19.895,19.895,19.895,19.895,000,0.00
2014-03-04,20.16,20.16,20.16,20.16,000,0.00
2014-03-03,19.955,19.955,19.955,19.955,000,0.00
2014-02-28,20.22,20.22,20.22,20.22,000,0.00
2014-02-27,19.995,19.995,19.995,19.995,000,0.00
2014-02-26,19.83,19.83,19.83,19.83,000,0.00
2014-02-25,19.70,19.70,19.70,19.70,000,0.00
2014-02-24,19.27,19.27,19.27,19.27,000,0.00
2014-02-21,18.77,18.77,18.77,18.77,000,0.00
2014-02-20,18.00,18.00,18.00,18.00,000,0.00
2014-02-19,18.32,18.32,18.32,18.32,000,0.00
2014-02-18,18.56,18.56,18.56,18.56,000,0.00
2014-02-17,18.415,18.415,18.415,18.415,000,0.00
2014-02-14,18.66,18.66,18.66,18.66,000,0.00
2014-02-13,19.18,19.18,19.18,19.18,000,0.00
2014-02-12,19.98,19.98,19.98,19.98,000,0.00
2014-02-11,19.72,19.72,19.72,19.72,000,0.00
2014-02-10,19.745,19.745,19.745,19.745,000,0.00
2014-02-07,19.42,19.42,19.42,19.42,000,0.00
2014-02-06,19.19,19.19,19.19,19.19,000,0.00
2014-02-05,19.525,19.525,19.525,19.525,000,0.00
2014-02-04,19.25,19.25,19.25,19.25,000,0.00
2014-02-03,20.105,20.105,20.105,20.105,000,0.00
2014-01-31,20.06,20.06,20.06,20.06,000,0.00
2014-01-30,19.65,19.65,19.65,19.65,000,0.00
2014-01-29,19.90,19.90,19.90,19.90,000,0.00
2014-01-28,19.22,19.22,19.22,19.22,000,0.00
2014-01-27,19.19,19.19,19.19,19.19,000,0.00
2014-01-24,19.525,19.525,19.525,19.525,000,0.00
2014-01-23,20.205,20.205,20.205,20.205,000,0.00
2014-01-22,20.21,20.245,20.21,20.245,000,0.00
2014-01-21,20.22,20.22,20.22,20.22,000,0.00
2014-01-20,19.94,19.94,19.94,19.94,000,0.00
2014-01-17,19.84,19.84,19.84,19.84,000,0.00
2014-01-16,19.915,19.915,19.915,19.915,000,0.00
2014-01-15,19.87,19.87,19.87,19.87,000,0.00
2014-01-14,19.41,19.41,19.41,19.41,000,0.00
2014-01-13,19.91,19.91,19.91,19.91,000,0.00
2014-01-10,19.70,19.70,19.70,19.70,000,0.00
2014-01-09,19.88,19.88,19.88,19.88,000,0.00
2014-01-08,20.22,20.22,20.22,20.22,000,0.00
2014-01-07,20.25,20.25,20.25,20.25,000,0.00
2014-01-06,20.495,20.495,20.495,20.495,000,0.00
2014-01-03,20.555,20.555,20.555,20.555,000,0.00
2014-01-02,20.22,20.22,20.22,20.22,000,0.00
2014-01-01,20.25,20.25,20.25,20.25,000,0.00
2013-12-31,20.25,20.25,20.25,20.25,000,0.00
2013-12-30,20.26,20.26,20.25,20.25,000,0.00
2013-12-27,20.255,20.255,20.255,20.255,000,0.00
2013-12-26,20.59,20.59,20.59,20.59,000,0.00
2013-12-25,20.59,20.59,20.59,20.59,000,0.00
2013-12-24,20.59,20.59,20.59,20.59,000,0.00
2013-12-23,20.59,20.59,20.59,20.59,000,0.00
2013-12-20,20.63,20.63,20.63,20.63,000,0.00
2013-12-19,20.68,20.68,20.68,20.68,000,0.00
2013-12-18,20.225,20.225,20.225,20.225,000,0.00
2013-12-17,20.255,20.255,20.255,20.255,000,0.00
2013-12-16,20.265,20.265,20.265,20.265,000,0.00
2013-12-13,20.54,20.54,20.54,20.54,000,0.00
2013-12-12,20.145,20.145,20.145,20.145,000,0.00
2013-12-11,20.355,20.355,20.355,20.355,000,0.00
2013-12-10,20.685,20.685,20.685,20.685,000,0.00
2013-12-09,20.655,20.655,20.655,20.655,000,0.00
2013-12-06,20.065,20.065,20.065,20.065,000,0.00
2013-12-05,20.025,20.025,20.025,20.025,000,0.00
2013-12-04,19.925,19.925,19.925,19.925,000,0.00
2013-12-03,20.05,20.05,20.05,20.05,000,0.00
2013-12-02,19.91,19.91,19.91,19.91,000,0.00
2013-11-29,19.95,19.95,19.95,19.95,000,0.00
2013-11-28,19.94,19.94,19.94,19.94,000,0.00
2013-11-27,19.795,19.795,19.795,19.795,000,0.00
2013-11-26,19.78,19.78,19.78,19.78,000,0.00
2013-11-25,19.87,19.87,19.87,19.87,000,0.00
2013-11-22,20.065,20.065,20.065,20.065,000,0.00
2013-11-21,20.23,20.23,20.23,20.23,000,0.00
2013-11-20,20.08,20.08,20.08,20.08,000,0.00
2013-11-19,20.17,20.17,20.17,20.17,000,0.00
2013-11-18,20.17,20.17,20.17,20.17,000,0.00
2013-11-15,20.41,20.41,20.41,20.41,000,0.00
2013-11-14,20.245,20.245,20.245,20.245,000,0.00
2013-11-13,20.035,20.035,20.035,20.035,000,0.00
2013-11-12,20.245,20.245,20.245,20.245,000,0.00
2013-11-11,20.22,20.22,20.22,20.22,000,0.00
2013-11-08,20.34,20.34,20.34,20.34,000,0.00
2013-11-07,20.27,20.27,20.27,20.27,000,0.00
2013-11-06,20.545,20.545,20.545,20.545,000,0.00
2013-11-05,20.335,20.335,20.335,20.335,000,0.00
2013-11-04,19.825,19.825,19.825,19.825,000,0.00
2013-11-01,19.88,19.88,19.88,19.88,000,0.00
2013-10-31,19.475,19.475,19.475,19.475,000,0.00
2013-10-30,19.895,19.895,19.895,19.895,000,0.00
2013-10-29,19.825,19.825,19.825,19.825,000,0.00
2013-10-28,19.695,19.695,19.695,19.695,000,0.00
2013-10-25,19.525,19.525,19.525,19.525,000,0.00
2013-10-24,19.915,19.915,19.915,19.915,000,0.00
2013-10-23,20.02,20.02,20.02,20.02,000,0.00
2013-10-22,20.36,20.36,20.36,20.36,000,0.00
2013-10-21,20.595,20.595,20.595,20.595,000,0.00
2013-10-18,21.065,21.065,21.065,21.065,000,0.00
2013-10-17,20.84,20.84,20.84,20.84,000,0.00
2013-10-16,20.565,20.565,20.565,20.565,000,0.00
2013-10-15,20.50,20.50,20.50,20.50,000,0.00
2013-10-14,20.585,20.585,20.585,20.585,000,0.00
2013-10-11,20.60,20.60,20.60,20.60,000,0.00
2013-10-10,20.715,20.715,20.715,20.715,000,0.00
2013-10-09,20.20,20.20,20.20,20.20,000,0.00
2013-10-08,19.995,19.995,19.995,19.995,000,0.00
2013-10-07,20.18,20.18,20.18,20.18,000,0.00
2013-10-04,20.115,20.115,20.115,20.115,000,0.00
2013-10-03,19.945,19.945,19.945,19.945,000,0.00
2013-10-02,19.555,19.555,19.555,19.555,000,0.00
2013-10-01,19.32,19.32,19.32,19.32,000,0.00
2013-09-30,19.38,19.38,19.38,19.38,000,0.00
2013-09-27,19.325,19.325,19.325,19.325,000,0.00
2013-09-26,18.99,18.99,18.99,18.99,000,0.00
2013-09-25,18.73,18.73,18.73,18.73,000,0.00
2013-09-24,18.475,18.475,18.475,18.475,000,0.00
2013-09-23,18.635,18.635,18.635,18.635,000,0.00
2013-09-20,18.605,18.605,18.605,18.605,000,0.00
2013-09-19,18.975,18.975,18.975,18.975,000,0.00
2013-09-18,18.68,18.68,18.68,18.68,000,0.00
2013-09-17,18.57,18.57,18.57,18.57,000,0.00
2013-09-16,18.905,18.905,18.905,18.905,000,0.00
2013-09-13,18.735,18.735,18.735,18.735,000,0.00
2013-09-12,18.82,18.82,18.82,18.82,000,0.00
2013-09-11,18.755,18.755,18.755,18.755,000,0.00
2013-09-10,18.935,18.935,18.935,18.935,000,0.00
2013-09-09,18.84,18.84,18.84,18.84,000,0.00
2013-09-06,18.85,18.85,18.85,18.85,000,0.00
2013-09-05,19.185,19.185,19.185,19.185,000,0.00
2013-09-04,19.225,19.225,19.225,19.225,000,0.00
2013-09-03,19.385,19.385,19.385,19.385,000,0.00
2013-09-02,19.13,19.13,19.13,19.13,000,0.00
2013-08-30,18.63,18.63,18.63,18.63,000,0.00
2013-08-29,19.22,19.22,19.22,19.22,000,0.00
2013-08-28,19.08,19.08,19.08,19.08,000,0.00
2013-08-27,19.205,19.205,19.205,19.205,000,0.00
2013-08-26,18.98,18.98,18.98,18.98,000,0.00
2013-08-23,19.15,19.15,19.15,19.15,000,0.00
2013-08-22,19.10,19.10,19.10,19.10,000,0.00
2013-08-21,18.96,18.96,18.96,18.96,000,0.00
2013-08-20,18.99,18.99,18.99,18.99,000,0.00
2013-08-19,19.36,19.36,19.36,19.36,000,0.00
2013-08-16,19.205,19.205,19.205,19.205,000,0.00
2013-08-15,19.41,19.41,19.41,19.41,000,0.00
2013-08-14,19.78,19.78,19.78,19.78,000,0.00
2013-08-13,19.93,19.93,19.93,19.93,000,0.00
2013-08-12,19.565,19.565,19.565,19.565,000,0.00
2013-08-09,19.46,19.46,19.46,19.46,000,0.00
2013-08-08,19.365,19.365,19.365,19.365,000,0.00
2013-08-07,19.615,19.615,19.615,19.615,000,0.00
2013-08-06,20.27,20.27,20.27,20.27,000,0.00
2013-08-05,19.975,19.975,19.975,19.975,000,0.00
2013-08-02,20.055,20.055,20.055,20.055,000,0.00
2013-08-01,19.12,19.12,19.12,19.12,000,0.00
2013-07-31,19.085,19.085,19.085,19.085,000,0.00
2013-07-30,19.415,19.415,19.415,19.415,000,0.00
2013-07-29,19.21,19.21,19.21,19.21,000,0.00
2013-07-26,19.595,19.595,19.595,19.595,000,0.00
2013-07-25,19.63,19.63,19.63,19.63,000,0.00
2013-07-24,19.65,19.65,19.65,19.65,000,0.00
2013-07-23,20.305,20.305,20.305,20.305,000,0.00
2013-07-22,19.855,19.855,19.855,19.855,000,0.00
2013-07-19,20.56,20.56,20.56,20.56,000,0.00
2013-07-18,20.92,20.92,20.92,20.92,000,0.00
2013-07-17,20.82,20.82,20.82,20.82,000,0.00
2013-07-16,21.045,21.045,21.045,21.045,000,0.00
2013-07-15,21.305,21.305,21.305,21.305,000,0.00
2013-07-12,21.235,21.235,21.235,21.235,000,0.00
2013-07-11,20.87,20.87,20.87,20.87,000,0.00
2013-07-10,20.65,20.65,20.65,20.65,000,0.00
2013-07-09,19.97,19.97,19.97,19.97,000,0.00
2013-07-08,19.625,19.625,19.625,19.625,000,0.00
2013-07-05,19.575,19.575,19.575,19.575,000,0.00
2013-07-04,19.63,19.63,19.63,19.63,000,0.00
2013-07-03,19.275,19.275,19.275,19.275,000,0.00
2013-07-02,19.385,19.385,19.385,19.385,000,0.00
2013-07-01,19.36,19.36,19.36,19.36,000,0.00
2013-06-28,18.88,18.88,18.88,18.88,000,0.00
2013-06-27,18.46,18.46,18.46,18.46,000,0.00
2013-06-26,18.065,18.065,18.065,18.065,000,0.00
2013-06-25,18.265,18.265,18.265,18.265,000,0.00
2013-06-24,18.585,18.585,18.585,18.585,000,0.00
2013-06-21,18.705,18.705,18.705,18.705,000,0.00
2013-06-20,19.265,19.265,19.265,19.265,000,0.00
2013-06-19,18.67,18.67,18.67,18.67,000,0.00
2013-06-18,18.77,18.77,18.77,18.77,000,0.00
2013-06-17,18.97,18.97,18.97,18.97,000,0.00
2013-06-14,18.45,18.45,18.45,18.45,000,0.00
2013-06-13,18.305,18.305,18.305,18.305,000,0.00
2013-06-12,19.005,19.005,19.005,19.005,000,0.00
2013-06-11,18.75,18.75,18.75,18.75,000,0.00
2013-06-10,18.92,18.92,18.92,18.92,000,0.00
2013-06-07,18.36,18.36,18.36,18.36,000,0.00
2013-06-06,18.395,18.395,18.395,18.395,000,0.00
2013-06-05,18.095,18.095,18.095,18.095,000,0.00
2013-06-04,18.34,18.34,18.34,18.34,000,0.00
2013-06-03,18.21,18.21,18.21,18.21,000,0.00
2013-05-31,18.42,18.42,18.42,18.42,000,0.00
2013-05-30,18.14,18.14,18.14,18.14,000,0.00
2013-05-29,18.835,18.835,18.835,18.835,000,0.00
2013-05-28,18.75,18.75,18.75,18.75,000,0.00
2013-05-27,18.79,18.79,18.79,18.79,000,0.00
2013-05-24,19.37,19.37,19.37,19.37,000,0.00
2013-05-23,19.19,19.19,19.19,19.19,200,0.00
2013-05-22,19.755,19.755,19.755,19.755,000,0.00
2013-05-21,19.91,19.91,19.91,19.91,000,0.00
2013-05-20,20.19,20.19,20.19,20.19,000,0.00
2013-05-17,20.255,20.255,20.255,20.255,000,0.00
2013-05-16,20.69,20.69,20.69,20.69,000,0.00
2013-05-15,20.805,20.805,20.805,20.805,000,0.00
2013-05-14,20.405,20.405,20.405,20.405,000,0.00
2013-05-13,20.25,20.25,20.25,20.25,000,0.00
2013-05-10,20.465,20.465,20.465,20.465,000,0.00
2013-05-09,20.31,20.31,20.31,20.31,000,0.00
2013-05-08,20.875,20.875,20.875,20.875,000,0.00
2013-05-07,19.565,19.565,19.565,19.565,000,0.00
2013-05-06,18.365,18.365,18.365,18.365,000,0.00
2013-05-03,18.595,18.595,18.595,18.595,000,0.00
2013-05-02,18.495,18.495,18.495,18.495,000,0.00
2013-05-01,18.73,18.73,18.73,18.73,000,0.00
2013-04-30,18.73,18.73,18.73,18.73,000,0.00
2013-04-29,18.53,18.53,18.53,18.53,000,0.00
2013-04-26,18.425,18.425,18.425,18.425,000,0.00
2013-04-25,18.66,18.66,18.66,18.66,000,0.00
2013-04-24,18.535,18.535,18.535,18.535,000,0.00
2013-04-23,17.84,17.84,17.84,17.84,000,0.00
2013-04-22,17.715,17.715,17.715,17.715,000,0.00
2013-04-19,17.575,17.575,17.575,17.575,000,0.00
2013-04-18,17.615,17.615,17.615,17.615,000,0.00
2013-04-17,17.755,17.755,17.755,17.755,000,0.00
2013-04-16,18.065,18.065,18.065,18.065,000,0.00
2013-04-15,18.14,18.14,18.14,18.14,000,0.00
2013-04-12,17.655,17.655,17.655,17.655,000,0.00
2013-04-11,18.065,18.065,18.065,18.065,000,0.00
2013-04-10,18.205,18.205,18.205,18.205,000,0.00
2013-04-09,17.895,17.895,17.895,17.895,000,0.00
2013-04-08,17.995,17.995,17.995,17.995,000,0.00
2013-04-05,18.30,18.30,18.30,18.30,000,0.00
2013-04-04,18.33,18.33,18.33,18.33,000,0.00
2013-04-03,18.255,18.255,18.255,18.255,000,0.00
2013-04-02,17.825,17.825,17.825,17.825,000,0.00
2013-04-01,18.46,18.46,18.46,18.46,000,0.00
2013-03-29,18.46,18.46,18.46,18.46,000,0.00
2013-03-28,18.46,18.46,18.46,18.46,000,0.00
2013-03-27,18.205,18.205,18.205,18.205,000,0.00
2013-03-26,18.19,18.19,18.19,18.19,000,0.00
2013-03-25,17.825,17.825,17.825,17.825,000,0.00
2013-03-22,17.755,17.755,17.755,17.755,000,0.00
2013-03-21,18.095,18.095,18.095,18.095,000,0.00
2013-03-20,18.095,18.095,18.095,18.095,000,0.00
2013-03-19,17.91,17.91,17.91,17.91,000,0.00
2013-03-18,17.935,17.935,17.935,17.935,000,0.00
2013-03-15,17.945,17.945,17.945,17.945,000,0.00
2013-03-14,17.71,17.71,17.71,17.71,000,0.00
2013-03-13,17.645,17.645,17.645,17.645,000,0.00
2013-03-12,17.695,17.695,17.695,17.695,000,0.00
2013-03-11,17.665,17.665,17.665,17.665,000,0.00
2013-03-08,18.135,18.135,18.135,18.135,000,0.00
2013-03-07,18.61,18.61,18.61,18.61,000,0.00
2013-03-06,18.435,18.435,18.435,18.435,000,0.00
2013-03-05,18.545,18.545,18.545,18.545,000,0.00
2013-03-04,18.24,18.24,18.24,18.24,000,0.00
2013-03-01,18.79,18.79,18.79,18.79,000,0.00
2013-02-28,19.075,19.075,19.075,19.075,000,0.00
2013-02-27,19.065,19.065,19.065,19.065,000,0.00
2013-02-26,19.285,19.285,19.285,19.285,000,0.00
2013-02-25,18.585,18.585,18.585,18.585,000,0.00
2013-02-22,18.525,18.525,18.525,18.525,000,0.00
2013-02-21,18.13,18.13,18.13,18.13,000,0.00
2013-02-20,18.065,18.065,18.065,18.065,000,0.00
2013-02-19,17.72,17.72,17.72,17.72,000,0.00
2013-02-18,17.43,17.43,17.43,17.43,000,0.00
2013-02-15,17.02,17.055,17.02,17.055,000,0.00
2013-02-14,16.73,16.73,16.73,16.73,000,0.00
2013-02-13,15.92,15.92,15.92,15.92,000,0.00
2013-02-12,15.735,15.735,15.735,15.735,000,0.00
2013-02-11,15.85,15.85,15.85,15.85,000,0.00
2013-02-08,15.735,15.735,15.735,15.735,000,0.00
2013-02-07,15.67,15.67,15.67,15.67,000,0.00
2013-02-06,15.93,15.93,15.93,15.93,000,0.00
2013-02-05,15.715,15.715,15.715,15.715,000,0.00
2013-02-04,15.59,15.59,15.59,15.59,000,0.00
2013-02-01,15.46,15.46,15.46,15.46,000,0.00
2013-01-31,15.575,15.575,15.575,15.575,000,0.00
2013-01-30,15.665,15.665,15.665,15.665,000,0.00
2013-01-29,15.515,15.515,15.515,15.515,000,0.00
2013-01-28,15.515,15.515,15.515,15.515,000,0.00
2013-01-25,15.645,15.645,15.645,15.645,000,0.00
2013-01-24,15.625,15.625,15.625,15.625,000,0.00
2013-01-23,15.71,15.71,15.71,15.71,000,0.00
2013-01-22,15.49,15.49,15.49,15.49,000,0.00
2013-01-21,15.515,15.515,15.515,15.515,000,0.00
2013-01-18,15.59,15.59,15.59,15.59,000,0.00
2013-01-17,15.825,15.825,15.825,15.825,000,0.00
2013-01-16,15.82,15.82,15.82,15.82,000,0.00
2013-01-15,15.725,15.725,15.725,15.725,000,0.00
2013-01-14,15.18,15.18,15.18,15.18,000,0.00
2013-01-11,15.435,15.435,15.435,15.435,000,0.00
2013-01-10,15.77,15.77,15.77,15.77,000,0.00
2013-01-09,15.985,15.985,15.985,15.985,000,0.00
2013-01-08,16.175,16.175,16.175,16.175,000,0.00
2013-01-07,16.12,16.12,16.12,16.12,000,0.00
2013-01-04,16.025,16.025,16.025,16.025,000,0.00
2013-01-03,16.015,16.015,16.015,16.015,000,0.00
2013-01-02,15.855,15.855,15.855,15.855,000,0.00
2013-01-01,16.03,16.03,16.03,16.03,000,0.00
2012-12-31,16.03,16.03,16.03,16.03,000,0.00
2012-12-28,16.03,16.03,16.03,16.03,000,0.00
2012-12-27,16.165,16.165,16.165,16.165,000,0.00
2012-12-26,16.685,16.685,16.685,16.685,000,0.00
2012-12-25,16.685,16.685,16.685,16.685,000,0.00
2012-12-24,16.685,16.685,16.685,16.685,000,0.00
2012-12-21,16.685,16.685,16.685,16.685,000,0.00
2012-12-20,16.61,16.61,16.61,16.61,000,0.00
2012-12-19,16.645,16.645,16.645,16.645,000,0.00
2012-12-18,16.61,16.61,16.61,16.61,000,0.00
2012-12-17,16.60,16.60,16.60,16.60,000,0.00
2012-12-14,16.615,16.615,16.615,16.615,000,0.00
2012-12-13,16.755,16.755,16.755,16.755,000,0.00
2012-12-12,17.355,17.355,17.355,17.355,000,0.00
2012-12-11,17.655,17.655,17.655,17.655,000,0.00
2012-12-10,17.745,17.745,17.745,17.745,000,0.00
2012-12-07,17.66,17.66,17.66,17.66,000,0.00
2012-12-06,17.41,17.41,17.41,17.41,000,0.00
2012-12-05,17.195,17.195,17.195,17.195,000,0.00
2012-12-04,17.105,17.105,17.105,17.105,000,0.00
2012-12-03,17.075,17.075,17.075,17.075,000,0.00
2012-11-30,17.09,17.09,17.09,17.09,000,0.00
2012-11-29,17.12,17.12,17.12,17.12,000,0.00
2012-11-28,17.125,17.125,17.125,17.125,000,0.00
2012-11-27,16.935,16.935,16.935,16.935,000,0.00
2012-11-26,16.895,16.895,16.895,16.895,000,0.00
2012-11-23,16.82,16.82,16.82,16.82,000,0.00
2012-11-22,16.825,16.825,16.825,16.825,000,0.00
2012-11-21,17.13,17.13,17.13,17.13,000,0.00
2012-11-20,16.995,16.995,16.995,16.995,000,0.00
2012-11-19,17.085,17.085,17.085,17.085,000,0.00
2012-11-16,16.82,16.82,16.82,16.82,000,0.00
2012-11-15,16.99,16.99,16.99,16.99,000,0.00
2012-11-14,17.265,17.265,17.265,17.265,000,0.00
2012-11-13,17.345,17.345,17.345,17.345,000,0.00
2012-11-12,17.425,17.425,17.425,17.425,000,0.00
2012-11-09,17.535,17.535,17.535,17.535,000,0.00
2012-11-08,17.445,17.445,17.445,17.445,000,0.00
2012-11-07,17.505,17.505,17.505,17.505,000,0.00
2012-11-06,17.93,17.93,17.93,17.93,000,0.00
2012-11-05,17.685,17.685,17.685,17.685,000,0.00
2012-11-02,17.36,17.36,17.36,17.36,000,0.00
2012-11-01,17.275,17.275,17.275,17.275,000,0.00
2012-10-31,17.445,17.445,17.445,17.445,000,0.00
2012-10-30,17.845,17.845,17.845,17.845,000,0.00
2012-10-29,18.125,18.125,18.125,18.125,000,0.00
2012-10-26,17.99,17.99,17.99,17.99,000,0.00
2012-10-25,17.955,17.955,17.955,17.955,000,0.00
2012-10-24,17.955,17.955,17.955,17.955,000,0.00
2012-10-23,17.88,17.88,17.88,17.88,000,0.00
2012-10-22,17.92,17.92,17.92,17.92,000,0.00
2012-10-19,18.085,18.085,18.085,18.085,000,0.00
2012-10-18,18.475,18.475,18.475,18.475,000,0.00
2012-10-17,18.49,18.49,18.49,18.49,000,0.00
2012-10-16,18.355,18.355,18.355,18.355,000,0.00
2012-10-15,18.595,18.595,18.595,18.595,000,0.00
2012-10-12,18.595,18.595,18.595,18.595,000,0.00
2012-10-11,18.535,18.535,18.535,18.535,000,0.00
2012-10-10,18.535,18.535,18.535,18.535,000,0.00
2012-10-09,18.635,18.635,18.635,18.635,000,0.00
2012-10-08,18.73,18.73,18.73,18.73,000,0.00
2012-10-05,18.725,18.725,18.725,18.725,000,0.00
2012-10-04,18.745,18.745,18.745,18.745,000,0.00
2012-10-03,18.64,18.64,18.64,18.64,000,0.00
2012-10-02,18.905,18.905,18.905,18.905,000,0.00
2012-10-01,19.09,19.09,19.09,19.09,000,0.00
2012-09-28,19.01,19.01,19.01,19.01,000,0.00
2012-09-27,19.095,19.095,19.095,19.095,000,0.00
2012-09-26,18.995,18.995,18.995,18.995,000,0.00
2012-09-25,18.805,18.805,18.805,18.805,000,0.00
2012-09-24,18.455,18.455,18.455,18.455,000,0.00
2012-09-21,18.195,18.195,18.195,18.195,000,0.00
2012-09-20,17.96,17.96,17.96,17.96,000,0.00
2012-09-19,17.65,17.65,17.65,17.65,000,0.00
2012-09-18,17.78,17.78,17.78,17.78,000,0.00
2012-09-17,17.65,17.65,17.65,17.65,000,0.00
2012-09-14,17.94,17.94,17.94,17.94,000,0.00
2012-09-13,18.48,18.48,18.48,18.48,000,0.00
2012-09-12,18.555,18.555,18.555,18.555,000,0.00
2012-09-11,18.495,18.495,18.495,18.495,000,0.00
2012-09-10,18.53,18.53,18.53,18.53,000,0.00
2012-09-07,18.56,18.56,18.56,18.56,000,0.00
2012-09-06,18.915,18.915,18.915,18.915,000,0.00
2012-09-05,18.955,18.955,18.955,18.955,000,0.00
2012-09-04,18.925,18.925,18.925,18.925,000,0.00
2012-09-03,18.995,18.995,18.995,18.995,000,0.00
2012-08-31,19.42,19.42,19.42,19.42,000,0.00
2012-08-30,19.375,19.375,19.375,19.375,000,0.00
2012-08-29,19.05,19.05,19.05,19.05,000,0.00
2012-08-28,18.995,18.995,18.995,18.995,000,0.00
2012-08-27,18.775,18.775,18.775,18.775,000,0.00
2012-08-24,18.83,18.83,18.83,18.83,000,0.00
2012-08-23,18.925,18.925,18.925,18.925,000,0.00
2012-08-22,18.85,18.85,18.85,18.85,000,0.00
2012-08-21,18.96,18.96,18.96,18.96,000,0.00
2012-08-20,18.92,18.92,18.92,18.92,000,0.00
2012-08-17,18.76,18.76,18.76,18.76,000,0.00
2012-08-16,18.94,18.94,18.94,18.94,000,0.00
2012-08-15,18.75,18.75,18.75,18.75,000,0.00
2012-08-14,18.85,18.85,18.85,18.85,000,0.00
2012-08-13,18.74,18.74,18.74,18.74,000,0.00
2012-08-10,18.63,18.63,18.63,18.63,000,0.00
2012-08-09,18.65,18.65,18.65,18.65,000,0.00
2012-08-08,18.46,18.46,18.46,18.46,000,0.00
2012-08-07,18.26,18.26,18.26,18.26,000,0.00
2012-08-06,18.16,18.16,18.16,18.16,000,0.00
2012-08-03,18.24,18.24,18.24,18.24,000,0.00
2012-08-02,18.15,18.15,18.15,18.15,000,0.00
2012-08-01,18.24,18.24,18.24,18.24,000,0.00
2012-07-31,18.17,18.17,18.17,18.17,000,0.00
2012-07-30,18.11,18.11,18.11,18.11,000,0.00
2012-07-27,18.05,18.05,18.05,18.05,000,0.00
2012-07-26,17.97,17.97,17.97,17.97,000,0.00
2012-07-25,18.07,18.07,18.07,18.07,000,0.00
2012-07-24,18.10,18.10,18.10,18.10,000,0.00
2012-07-23,18.18,18.18,18.18,18.18,000,0.00
2012-07-20,17.95,17.95,17.95,17.95,000,0.00
2012-07-19,17.95,17.95,17.95,17.95,000,0.00
2012-07-18,17.74,17.74,17.74,17.74,000,0.00
2012-07-17,17.73,17.73,17.73,17.73,000,0.00
2012-07-16,17.61,17.61,17.61,17.61,000,0.00
2012-07-13,17.62,17.62,17.62,17.62,000,0.00
2012-07-12,17.52,17.52,17.52,17.52,000,0.00
2012-07-11,17.63,17.63,17.63,17.63,000,0.00
2012-07-10,17.59,17.59,17.59,17.59,000,0.00
2012-07-09,17.32,17.32,17.32,17.32,000,0.00
2012-07-06,17.03,17.03,17.03,17.03,000,0.00
2012-07-05,17.07,17.07,17.07,17.07,000,0.00
2012-07-04,16.94,16.94,16.94,16.94,000,0.00
2012-07-03,17.14,17.14,17.14,17.14,000,0.00
2012-07-02,16.78,16.78,16.78,16.78,000,0.00
2012-06-29,16.90,16.90,16.90,16.90,000,0.00
2012-06-28,16.71,16.71,16.71,16.71,000,0.00
2012-06-27,16.45,16.45,16.45,16.45,000,0.00
2012-06-26,16.56,16.56,16.56,16.56,000,0.00
2012-06-25,16.38,16.38,16.38,16.38,000,0.00
2012-06-22,16.46,16.46,16.46,16.46,000,0.00
2012-06-21,16.58,16.58,16.58,16.58,000,0.00
2012-06-20,16.59,16.59,16.59,16.59,000,0.00
2012-06-19,16.58,16.58,16.58,16.58,000,0.00
2012-06-18,16.45,16.45,16.45,16.45,000,0.00
2012-06-15,16.51,16.51,16.51,16.51,000,0.00
2012-06-14,16.53,16.53,16.53,16.53,000,0.00
2012-06-13,16.59,16.59,16.59,16.59,000,0.00
2012-06-12,16.63,16.63,16.63,16.63,000,0.00
2012-06-11,16.54,16.54,16.54,16.54,000,0.00
2012-06-08,16.66,16.66,16.66,16.66,000,0.00
2012-06-07,16.78,16.78,16.78,16.78,000,0.00
2012-06-06,16.88,16.88,16.88,16.88,000,0.00
2012-06-05,17.01,17.01,17.01,17.01,000,0.00
2012-06-04,17.23,17.23,17.23,17.23,000,0.00
2012-06-01,17.01,17.01,17.01,17.01,000,0.00
2012-05-31,16.96,16.96,16.96,16.96,000,0.00
2012-05-30,16.77,16.77,16.77,16.77,000,0.00
2012-05-29,16.71,16.71,16.71,16.71,000,0.00
2012-05-28,16.94,16.94,16.94,16.94,000,0.00
2012-05-25,16.79,16.79,16.79,16.79,000,0.00
2012-05-24,16.71,16.71,16.71,16.71,000,0.00
2012-05-23,16.49,16.49,16.49,16.49,000,0.00
2012-05-22,16.49,16.49,16.49,16.49,000,0.00
2012-05-21,16.57,16.57,16.57,16.57,000,0.00
2012-05-18,16.74,16.74,16.74,16.74,000,0.00
2012-05-17,16.66,16.66,16.66,16.66,000,0.00
2012-05-16,16.78,16.78,16.78,16.78,000,0.00
2012-05-15,16.58,16.58,16.58,16.58,000,0.00
2012-05-14,16.48,16.48,16.48,16.48,000,0.00
2012-05-11,16.55,16.55,16.55,16.55,000,0.00
2012-05-10,16.65,16.65,16.65,16.65,000,0.00
2012-05-09,16.62,16.62,16.62,16.62,000,0.00
2012-05-08,16.72,16.72,16.72,16.72,000,0.00
2012-05-07,16.76,16.76,16.76,16.76,000,0.00
2012-05-04,16.64,16.64,16.64,16.64,000,0.00
2012-05-03,16.64,16.64,16.64,16.64,000,0.00
2012-05-02,16.52,16.52,16.52,16.52,000,0.00
2012-05-01,16.78,16.78,16.78,16.78,000,0.00
2012-04-30,16.78,16.78,16.78,16.78,000,0.00
2012-04-27,16.75,16.75,16.75,16.75,000,0.00
2012-04-26,16.78,16.78,16.78,16.78,000,0.00
2012-04-25,16.67,16.67,16.67,16.67,000,0.00
2012-04-24,16.66,16.66,16.66,16.66,000,0.00
2012-04-23,16.65,16.65,16.65,16.65,000,0.00
2012-04-20,16.54,16.54,16.54,16.54,000,0.00
2012-04-19,16.66,16.66,16.66,16.66,000,0.00
2012-04-18,16.98,16.98,16.98,16.98,000,0.00
2012-04-17,17.07,17.07,17.07,17.07,000,0.00
2012-04-16,16.98,16.98,16.98,16.98,000,0.00
2012-04-13,16.76,16.76,16.76,16.76,000,0.00
2012-04-12,16.68,16.68,16.68,16.68,000,0.00
2012-04-11,16.95,16.95,16.95,16.95,000,0.00
2012-04-10,16.93,16.93,16.93,16.93,000,0.00
2012-04-09,16.73,16.73,16.73,16.73,000,0.00
2012-04-06,16.73,16.73,16.73,16.73,000,0.00
2012-04-05,16.73,16.73,16.73,16.73,000,0.00
2012-04-04,16.65,16.65,16.65,16.65,000,0.00
2012-04-03,16.27,16.27,16.27,16.27,000,0.00
2012-04-02,16.19,16.19,16.19,16.19,000,0.00
2012-03-30,16.58,16.58,16.58,16.58,000,0.00
2012-03-29,16.37,16.37,16.37,16.37,000,0.00
2012-03-28,16.26,16.26,16.26,16.26,000,0.00
2012-03-27,16.32,16.32,16.32,16.32,000,0.00
2012-03-26,16.17,16.17,16.17,16.17,000,0.00
2012-03-23,16.34,16.34,16.34,16.34,000,0.00
2012-03-22,16.22,16.22,16.22,16.22,000,0.00
2012-03-21,15.89,15.89,15.89,15.89,000,0.00
2012-03-20,15.90,15.90,15.90,15.90,000,0.00
2012-03-19,15.99,15.99,15.99,15.99,000,0.00
2012-03-16,16.12,16.12,16.12,16.12,000,0.00
2012-03-15,16.24,16.24,16.24,16.24,000,0.00
2012-03-14,16.14,16.14,16.14,16.14,000,0.00
2012-03-13,16.08,16.08,16.08,16.08,000,0.00
2012-03-12,16.53,16.53,16.53,16.70,000,0.00
2012-03-09,16.70,16.70,16.70,16.70,000,0.00
2012-03-08,16.75,16.75,16.75,16.75,000,0.00
2012-03-07,16.69,16.69,16.69,16.69,000,0.00
2012-03-06,16.46,16.46,16.46,16.46,000,0.00
2012-03-05,16.41,16.41,16.41,16.41,000,0.00
2012-03-02,16.35,16.35,16.35,16.35,000,0.00
2012-03-01,16.35,16.35,16.35,16.35,000,0.00
2012-02-29,16.23,16.23,16.23,16.23,000,0.00
2012-02-28,16.40,16.40,16.40,16.40,000,0.00
2012-02-27,16.16,16.16,16.16,16.16,000,0.00
2012-02-24,16.45,16.45,16.45,16.45,000,0.00
2012-02-23,16.55,16.55,16.55,16.55,000,0.00
2012-02-22,16.95,16.95,16.95,16.95,000,0.00
2012-02-21,16.83,16.83,16.83,16.83,000,0.00
2012-02-20,17.01,17.01,17.01,17.01,000,0.00
2012-02-17,17.10,17.10,17.10,17.10,000,0.00
2012-02-16,17.18,17.18,17.18,17.18,000,0.00
2012-02-15,17.00,17.00,17.00,17.00,000,0.00
2012-02-14,17.04,17.04,17.04,17.04,000,0.00
2012-02-13,16.79,16.79,16.79,16.79,000,0.00
2012-02-10,16.63,16.63,16.63,16.63,000,0.00
2012-02-09,16.54,16.54,16.54,16.54,000,0.00
2012-02-08,16.50,16.50,16.50,16.50,000,0.00
2012-02-07,16.73,16.73,16.73,16.73,000,0.00
2012-02-06,16.77,16.77,16.77,16.77,000,0.00
2012-02-03,16.64,16.64,16.64,16.64,000,0.00
2012-02-02,16.85,16.85,16.85,16.85,000,0.00
2012-02-01,16.83,16.83,16.83,16.83,000,0.00
2012-01-31,16.55,16.55,16.55,16.55,000,0.00
2012-01-30,16.63,16.63,16.63,16.63,000,0.00
2012-01-27,16.55,16.55,16.55,16.55,000,0.00
2012-01-26,16.30,16.30,16.30,16.30,000,0.00
2012-01-25,16.51,16.51,16.51,16.51,000,0.00
2012-01-24,16.76,16.76,16.76,16.76,000,0.00
2012-01-23,17.04,17.04,17.04,17.04,000,0.00
2012-01-20,17.12,17.12,17.12,17.12,000,0.00
2012-01-19,17.09,17.09,17.09,17.09,000,0.00
2012-01-18,17.34,17.34,17.34,17.34,000,0.00
2012-01-17,17.54,17.54,17.54,17.54,000,0.00
2012-01-16,17.49,17.49,17.49,17.49,000,0.00
2012-01-13,17.23,17.23,17.23,17.23,000,0.00
2012-01-12,17.23,17.23,17.23,17.23,000,0.00
2012-01-11,17.23,17.23,17.23,17.23,000,0.00
2012-01-10,17.15,17.15,17.15,17.15,000,0.00
2012-01-09,17.27,17.27,17.27,17.27,000,0.00
2012-01-06,17.10,17.10,17.10,17.10,000,0.00
2012-01-05,16.97,16.97,16.97,16.97,000,0.00
2012-01-04,16.96,16.96,16.96,16.96,000,0.00
2012-01-03,16.99,16.99,16.99,16.99,000,0.00
2012-01-02,16.89,16.89,16.89,16.89,000,0.00
2011-12-30,16.75,16.79,16.75,16.79,000,0.00
2011-12-29,16.72,16.72,16.72,16.72,000,0.00
2011-12-28,16.56,16.56,16.56,16.56,000,0.00
2011-12-27,16.65,16.65,16.65,16.65,000,0.00
2011-12-26,16.51,16.51,16.51,16.51,000,0.00
2011-12-23,16.51,16.51,16.51,16.51,000,0.00
2011-12-22,16.54,16.54,16.54,16.54,000,0.00
2011-12-21,16.54,16.54,16.54,16.54,000,0.00
2011-12-20,16.51,16.51,16.51,16.51,000,0.00
2011-12-19,16.58,16.58,16.58,16.58,000,0.00
2011-12-16,16.60,16.60,16.60,16.60,000,0.00
2011-12-15,16.47,16.47,16.47,16.47,000,0.00
2011-12-14,16.53,16.53,16.53,16.53,000,0.00
2011-12-13,16.37,16.37,16.37,16.37,000,0.00
2011-12-12,16.35,16.35,16.35,16.35,000,0.00
2011-12-09,16.34,16.34,16.34,16.34,000,0.00
2011-12-08,16.41,16.41,16.41,16.41,000,0.00
2011-12-07,16.35,16.35,16.35,16.35,000,0.00
2011-12-06,16.24,16.24,16.24,16.24,000,0.00
2011-12-05,16.13,16.13,16.13,16.13,000,0.00
2011-12-02,16.36,16.36,16.36,16.36,000,0.00
2011-12-01,16.18,16.18,16.18,16.18,000,0.00
2011-11-30,16.30,16.30,16.30,16.30,000,0.00
2011-11-29,16.13,16.13,16.13,16.13,000,0.00
2011-11-28,15.93,15.93,15.93,15.93,000,0.00
2011-11-25,15.98,15.98,15.98,15.98,000,0.00
2011-11-24,16.15,16.15,16.15,16.15,000,0.00
2011-11-23,15.88,15.88,15.88,15.88,000,0.00
2011-11-22,15.85,15.85,15.85,15.85,000,0.00
2011-11-21,15.88,15.88,15.88,15.88,000,0.00
2011-11-18,15.68,15.68,15.68,15.68,000,0.00
2011-11-17,15.78,15.78,15.78,15.78,000,0.00
2011-11-16,15.89,15.89,15.89,15.89,000,0.00
2011-11-15,15.75,15.75,15.75,15.75,000,0.00
2011-11-14,15.48,15.48,15.48,15.48,000,0.00
2011-11-11,15.50,15.50,15.50,15.50,000,0.00
2011-11-10,15.33,15.33,15.33,15.33,000,0.00
2011-11-09,15.31,15.31,15.31,15.31,000,0.00
2011-11-08,14.95,14.95,14.95,14.95,000,0.00
2011-11-07,14.65,14.65,14.65,14.65,000,0.00
2011-11-04,14.62,14.62,14.62,14.62,000,0.00
2011-11-03,14.96,14.96,14.96,14.96,000,0.00
2011-11-02,14.89,14.89,14.89,14.89,000,0.00
2011-11-01,14.90,14.90,14.90,14.90,000,0.00
2011-10-31,14.50,14.50,14.50,15.17,000,0.00
2011-10-28,15.17,15.17,15.17,15.17,000,0.00
2011-10-27,15.07,15.07,15.07,15.07,000,0.00
2011-10-26,15.16,15.16,15.16,15.16,000,0.00
2011-10-25,15.27,15.27,15.27,15.27,000,0.00
2011-10-24,15.36,15.36,15.36,15.36,000,0.00
2011-10-21,15.32,15.32,15.32,15.32,000,0.00
2011-10-20,15.53,15.53,15.53,15.53,000,0.00
2011-10-19,15.32,15.32,15.32,15.32,000,0.00
2011-10-18,15.16,15.16,15.16,15.16,000,0.00
2011-10-17,15.19,15.19,15.19,15.19,000,0.00
2011-10-14,15.18,15.18,15.18,15.18,000,0.00
2011-10-13,15.24,15.24,15.24,15.24,000,0.00
2011-10-12,15.59,15.59,15.59,15.59,000,0.00
2011-10-11,15.60,15.60,15.60,15.60,000,0.00
2011-10-10,15.63,15.63,15.63,15.63,000,0.00
2011-10-07,15.71,15.71,15.71,15.71,000,0.00
2011-10-06,15.84,15.84,15.84,15.84,000,0.00
2011-10-05,16.05,16.05,16.05,16.05,000,0.00
2011-10-04,15.81,15.81,15.81,15.81,000,0.00
2011-10-03,15.82,15.82,15.82,15.82,000,0.00
2011-09-30,15.80,15.80,15.80,15.80,000,0.00
2011-09-29,15.60,15.60,15.60,15.60,000,0.00
2011-09-28,15.76,15.76,15.76,15.76,000,0.00
2011-09-27,15.68,15.68,15.68,15.68,000,0.00
2011-09-26,15.55,15.55,15.55,15.55,000,0.00
2011-09-23,15.47,15.47,15.47,15.47,000,0.00
2011-09-22,15.34,15.34,15.34,15.34,000,0.00
2011-09-21,15.15,15.15,15.15,15.15,000,0.00
2011-09-20,15.25,15.25,15.25,15.25,000,0.00
2011-09-19,14.99,14.99,14.99,14.99,000,0.00
2011-09-16,14.95,14.95,14.95,14.95,000,0.00
2011-09-15,15.06,15.06,15.06,15.06,000,0.00
2011-09-14,15.12,15.12,15.12,15.12,000,0.00
2011-09-13,15.03,15.03,15.03,15.03,000,0.00
2011-09-12,15.08,15.08,15.08,15.08,000,0.00
2011-09-09,14.96,14.96,14.96,14.96,000,0.00
2011-09-08,14.73,14.73,14.73,14.73,000,0.00
2011-09-07,14.42,14.42,14.42,14.42,000,0.00
2011-09-06,14.48,14.48,14.48,14.48,000,0.00
2011-09-05,14.45,14.45,14.45,14.45,000,0.00
2011-09-02,14.43,14.43,14.43,14.43,000,0.00
2011-09-01,14.50,14.50,14.50,14.50,000,0.00
2011-08-31,14.26,14.26,14.26,14.26,000,0.00
2011-08-30,14.05,14.05,14.05,14.05,000,0.00
2011-08-29,14.01,14.01,14.01,14.01,000,0.00
2011-08-26,13.88,13.88,13.88,13.88,000,0.00
2011-08-25,13.83,13.83,13.83,13.83,000,0.00
2011-08-24,14.17,14.17,14.17,14.17,000,0.00
2011-08-23,14.64,14.64,14.64,14.64,000,0.00
2011-08-22,14.16,14.16,14.16,14.16,000,0.00
2011-08-19,14.21,14.21,14.21,14.21,000,0.00
2011-08-18,14.57,14.57,14.57,14.57,000,0.00
2011-08-17,14.31,14.31,14.31,14.31,000,0.00
2011-08-16,14.28,14.28,14.28,14.28,000,0.00
2011-08-15,14.34,14.34,14.34,14.34,000,0.00
2011-08-12,14.28,14.28,14.28,14.28,000,0.00
2011-08-11,14.22,14.22,14.22,14.22,000,0.00
2011-08-10,14.17,14.17,14.17,14.17,000,0.00
2011-08-09,13.69,13.69,13.69,13.69,000,0.00
2011-08-08,13.68,13.68,13.68,13.68,000,0.00
2011-08-05,13.84,13.84,13.84,13.84,000,0.00
2011-08-04,13.76,13.76,13.76,13.76,000,0.00
2011-08-03,14.51,14.51,14.51,14.51,000,0.00
2011-08-02,15.05,15.05,15.05,15.05,000,0.00
2011-08-01,14.64,14.64,14.64,14.64,000,0.00
2011-07-29,14.66,14.66,14.66,14.66,000,0.00
2011-07-28,14.55,14.55,14.55,14.55,000,0.00
2011-07-27,14.61,14.61,14.61,14.61,000,0.00
2011-07-26,14.50,14.50,14.50,14.50,000,0.00
2011-07-25,14.47,14.47,14.47,14.47,000,0.00
2011-07-22,14.53,14.53,14.53,14.53,000,0.00
2011-07-21,14.54,14.54,14.54,14.54,000,0.00
2011-07-20,14.64,14.64,14.64,14.64,000,0.00
2011-07-19,14.56,14.56,14.56,14.56,000,0.00
2011-07-18,14.83,14.83,14.83,14.83,000,0.00
2011-07-15,14.70,14.70,14.70,14.70,000,0.00
2011-07-14,14.59,14.59,14.59,14.59,000,0.00
2011-07-13,14.72,14.72,14.72,14.72,000,0.00
2011-07-12,14.48,14.48,14.48,14.48,000,0.00
2011-07-11,14.16,14.225,14.16,14.225,000,0.00
2011-07-08,13.93,13.93,13.93,13.93,000,0.00
2011-07-07,14.05,14.05,14.05,14.05,000,0.00
2011-07-06,13.93,13.93,13.93,13.93,000,0.00
2011-07-05,13.69,13.69,13.69,13.69,000,0.00
2011-07-04,13.73,13.73,13.73,13.73,000,0.00
2011-07-01,13.70,13.70,13.70,13.70,000,0.00
2011-06-30,13.78,13.78,13.78,13.78,000,0.00
2011-06-29,13.83,13.83,13.83,13.83,000,0.00
2011-06-28,13.84,13.84,13.84,13.84,000,0.00
2011-06-27,14.06,14.06,14.06,14.06,000,0.00
2011-06-24,14.04,14.04,14.04,14.04,000,0.00
2011-06-23,13.92,13.92,13.92,13.92,000,0.00
2011-06-22,13.83,13.83,13.83,13.83,000,0.00
2011-06-21,13.81,13.81,13.81,13.81,000,0.00
2011-06-20,13.98,13.98,13.98,13.98,000,0.00
2011-06-17,13.92,13.92,13.92,13.92,000,0.00
2011-06-16,14.01,14.01,14.01,14.01,000,0.00
2011-06-15,14.10,14.10,14.10,14.10,000,0.00
2011-06-14,14.07,14.07,14.07,14.07,000,0.00
2011-06-13,13.77,13.77,13.77,13.77,000,0.00
2011-06-10,13.69,13.69,13.69,13.69,000,0.00
2011-06-09,13.47,13.47,13.47,13.47,000,0.00
2011-06-08,13.44,13.44,13.44,13.44,000,0.00
2011-06-07,13.46,13.46,13.46,13.46,000,0.00
2011-06-06,13.46,13.46,13.46,13.46,000,0.00
2011-06-03,13.48,13.48,13.48,13.48,000,0.00
2011-06-02,13.37,13.37,13.37,13.37,000,0.00
2011-06-01,13.45,13.45,13.45,13.45,000,0.00
2011-05-31,13.40,13.40,13.40,13.40,000,0.00
2011-05-30,13.37,13.37,13.37,13.37,000,0.00
2011-05-27,13.39,13.39,13.39,13.39,000,0.00
2011-05-26,13.38,13.38,13.38,13.38,000,0.00
2011-05-25,13.45,13.45,13.45,13.45,000,0.00
2011-05-24,13.39,13.39,13.39,13.39,000,0.00
2011-05-23,13.45,13.45,13.45,13.45,000,0.00
2011-05-20,13.25,13.25,13.25,13.25,000,0.00
2011-05-19,13.30,13.30,13.30,13.30,000,0.00
2011-05-18,13.66,13.66,13.66,13.66,000,0.00
2011-05-17,12.87,12.87,12.87,12.87,000,0.00
2011-05-16,12.98,12.98,12.98,12.98,000,0.00
2011-05-13,13.10,13.10,13.10,13.10,000,0.00
2011-05-12,13.00,13.00,13.00,13.00,000,0.00
2011-05-11,13.08,13.08,13.08,13.08,000,0.00
2011-05-10,13.30,13.30,13.30,13.30,000,0.00
2011-05-09,13.07,13.07,13.07,13.07,000,0.00
2011-05-06,13.16,13.16,13.16,13.16,000,0.00
2011-05-05,12.77,12.77,12.77,12.77,000,0.00
2011-05-04,12.72,12.72,12.72,12.72,000,0.00
2011-05-03,12.71,12.71,12.71,12.71,000,0.00
2011-05-02,12.65,12.65,12.65,12.65,000,0.00
2011-04-29,12.40,12.40,12.40,12.40,000,0.00
2011-04-28,12.50,12.50,12.50,12.50,000,0.00
2011-04-27,12.24,12.24,12.24,12.24,000,0.00
2011-04-26,11.79,11.79,11.79,11.79,000,0.00
2011-04-21,12.04,12.04,12.04,12.04,000,0.00
2011-04-20,11.93,11.93,11.93,11.93,000,0.00
2011-04-19,11.91,11.91,11.91,11.91,000,0.00
2011-04-18,11.85,11.85,11.85,11.85,000,0.00
2011-04-15,11.51,11.51,11.51,11.51,000,0.00
2011-04-14,11.51,11.51,11.51,11.51,000,0.00
2011-04-13,11.52,11.52,11.52,11.52,000,0.00
2011-04-12,11.54,11.54,11.54,11.54,000,0.00
2011-04-11,11.53,11.53,11.53,11.53,000,0.00
2011-04-08,11.41,11.41,11.41,11.41,000,0.00
2011-04-07,11.29,11.29,11.29,11.29,000,0.00
2011-04-06,11.21,11.21,11.21,11.21,000,0.00
2011-04-05,11.52,11.52,11.52,11.52,000,0.00
2011-04-04,11.40,11.40,11.40,11.40,000,0.00
2011-04-01,11.49,11.49,11.49,11.49,000,0.00
2011-03-31,11.69,11.69,11.69,11.69,000,0.00
2011-03-30,11.95,11.95,11.95,11.95,000,0.00
2011-03-29,12.05,12.05,12.05,12.05,000,0.00
2011-03-28,12.51,12.51,12.51,12.51,000,0.00
2011-03-25,12.39,12.39,12.39,12.39,000,0.00
2011-03-24,12.42,12.42,12.42,12.42,000,0.00
2011-03-23,12.80,12.80,12.80,12.80,000,0.00
2011-03-22,12.46,12.46,12.46,12.46,000,0.00
2011-03-21,12.30,12.30,12.30,12.30,000,0.00
2011-03-18,12.17,12.17,12.17,12.17,000,0.00
2011-03-17,12.25,12.25,12.25,12.25,000,0.00
2011-03-16,12.36,12.36,12.36,12.36,000,0.00
2011-03-15,11.46,11.46,11.46,11.46,000,0.00
2011-03-14,13.20,13.20,13.20,13.20,000,0.00
2011-03-11,13.36,13.36,13.36,13.36,000,0.00
2011-03-10,13.55,13.55,13.55,13.55,000,0.00
2011-03-09,13.65,13.65,13.65,13.65,000,0.00
2011-03-08,13.51,13.51,13.51,13.51,000,0.00
2011-03-07,13.41,13.41,13.41,13.41,000,0.00
2011-03-04,13.68,13.68,13.68,13.68,000,0.00
2011-03-03,13.62,13.62,13.62,13.62,000,0.00
2011-03-02,13.61,13.61,13.61,13.61,000,0.00
2011-03-01,13.77,13.77,13.77,13.77,000,0.00
2011-02-28,13.88,13.88,13.88,13.88,000,0.00
2011-02-25,13.92,13.92,13.92,13.92,000,0.00
2011-02-24,13.94,13.94,13.94,13.94,000,0.00
2011-02-23,13.88,13.88,13.88,13.88,000,0.00
2011-02-22,14.15,14.15,14.15,14.15,000,0.00
2011-02-21,14.00,14.00,14.00,14.00,000,0.00
2011-02-18,13.86,13.86,13.86,13.86,000,0.00
2011-02-17,13.83,13.83,13.83,13.83,000,0.00
2011-02-16,13.82,13.82,13.82,13.82,000,0.00
2011-02-15,13.94,13.94,13.94,13.94,000,0.00
2011-02-14,13.90,13.90,13.90,13.90,000,0.00
2011-02-11,13.80,13.80,13.80,13.80,000,0.00
2011-02-10,13.82,13.82,13.82,13.82,000,0.00
2011-02-09,13.83,13.83,13.83,13.83,000,0.00
2011-02-08,13.98,13.98,13.98,13.98,000,0.00
2011-02-07,13.83,13.83,13.83,13.83,000,0.00
2011-02-04,13.97,13.97,13.97,13.97,000,0.00
2011-02-03,13.50,13.50,13.50,13.50,000,0.00
2011-02-02,13.40,13.40,13.40,13.40,000,0.00
2011-02-01,13.51,13.51,13.51,13.51,000,0.00
2011-01-31,13.71,13.71,13.71,13.71,000,0.00
2011-01-28,13.52,13.52,13.52,13.52,000,0.00
2011-01-27,13.78,13.78,13.78,13.78,000,0.00
2011-01-26,13.73,13.73,13.73,13.73,000,0.00
2011-01-25,13.94,13.94,13.94,13.94,000,0.00
2011-01-24,13.82,13.82,13.82,13.82,000,0.00
2011-01-21,13.73,13.73,13.73,13.73,000,0.00
2011-01-20,14.15,14.15,14.15,14.15,000,0.00
2011-01-19,14.15,14.15,14.15,14.15,000,0.00
2011-01-18,14.24,14.24,14.24,14.24,000,0.00
2011-01-17,14.24,14.24,14.24,14.24,000,0.00
2011-01-14,14.22,14.22,14.22,14.22,000,0.00
2011-01-13,14.49,14.49,14.49,14.49,000,0.00
2011-01-12,14.56,14.56,14.56,14.56,000,0.00
2011-01-11,14.51,14.51,14.51,14.51,000,0.00
2011-01-10,14.57,14.57,14.57,14.57,000,0.00
2011-01-07,14.40,14.40,14.40,14.40,000,0.00
2011-01-06,14.37,14.37,14.37,14.37,000,0.00
2011-01-05,14.41,14.41,14.41,14.41,000,0.00
2011-01-04,14.31,14.31,14.31,14.31,000,0.00
2011-01-03,14.46,14.46,14.46,14.46,000,0.00
2010-12-30,14.48,14.48,14.48,14.48,000,0.00
2010-12-29,14.67,14.67,14.67,14.67,000,0.00
2010-12-28,14.44,14.44,14.44,14.44,000,0.00
2010-12-27,14.57,14.57,14.57,14.57,000,0.00
2010-12-23,14.53,14.53,14.53,14.53,000,0.00
2010-12-22,14.38,14.38,14.38,14.38,000,0.00
2010-12-21,14.38,14.38,14.38,14.38,000,0.00
2010-12-20,14.29,14.29,14.29,14.29,000,0.00
2010-12-17,14.19,14.19,14.19,14.19,000,0.00
2010-12-16,14.26,14.26,14.26,14.26,000,0.00
2010-12-15,14.19,14.19,14.19,14.19,000,0.00
2010-12-14,14.13,14.13,14.13,14.13,000,0.00
2010-12-13,14.30,14.30,14.30,14.30,000,0.00
2010-12-10,14.34,14.34,14.34,14.34,000,0.00
2010-12-09,14.50,14.50,14.50,14.50,000,0.00
2010-12-08,14.72,14.72,14.72,14.72,000,0.00
2010-12-07,14.79,14.79,14.79,14.79,000,0.00
2010-12-06,14.66,14.66,14.66,14.66,000,0.00
2010-12-03,14.79,14.79,14.79,14.79,000,0.00
2010-12-02,14.90,14.90,14.90,14.90,000,0.00
2010-12-01,14.81,14.81,14.81,14.81,000,0.00
2010-11-30,14.71,14.71,14.71,14.71,000,0.00
2010-11-29,14.78,14.78,14.78,14.78,000,0.00
2010-11-26,14.71,14.71,14.71,14.71,000,0.00
2010-11-25,14.75,14.75,14.75,14.75,000,0.00
2010-11-24,14.66,14.66,14.66,14.66,000,0.00
2010-11-23,14.69,14.69,14.69,14.69,000,0.00
2010-11-22,14.55,14.55,14.55,14.55,000,0.00
2010-11-19,14.56,14.56,14.56,14.56,000,0.00
2010-11-18,14.64,14.64,14.64,14.64,000,0.00
2010-11-17,14.38,14.38,14.38,14.38,000,0.00
2010-11-16,14.32,14.32,14.32,14.32,000,0.00
2010-11-15,14.24,14.24,14.24,14.24,000,0.00
2010-11-12,14.49,14.49,14.49,14.49,000,0.00
2010-11-11,14.16,14.16,14.16,14.16,000,0.00
2010-11-10,14.23,14.23,14.23,14.23,000,0.00
2010-11-09,14.25,14.25,14.25,14.25,000,0.00
2010-11-08,14.11,14.11,14.11,14.11,000,0.00
2010-11-05,13.85,13.85,13.85,13.85,000,0.00
2010-11-04,13.58,13.58,13.58,13.58,000,0.00
2010-11-03,13.94,13.94,13.94,13.94,000,0.00
2010-11-02,14.06,14.06,14.06,14.06,000,0.00
2010-11-01,14.13,14.13,14.13,14.13,000,0.00
2010-10-29,14.40,14.40,14.40,14.40,000,0.00
2010-10-28,14.25,14.25,14.25,14.25,000,0.00
2010-10-27,14.49,14.49,14.49,14.49,000,0.00
2010-10-26,14.49,14.49,14.49,14.49,000,0.00
2010-10-25,14.40,14.40,14.40,14.40,000,0.00
2010-10-22,14.51,14.51,14.51,14.51,000,0.00
2010-10-21,14.32,14.32,14.32,14.32,000,0.00
2010-10-20,14.51,14.51,14.51,14.51,000,0.00
2010-10-19,14.43,14.43,14.43,14.43,000,0.00
2010-10-18,14.42,14.42,14.42,14.42,000,0.00
2010-10-15,14.21,14.21,14.21,14.21,000,0.00
2010-10-14,14.24,14.24,14.24,14.24,000,0.00
2010-10-13,14.00,14.00,14.00,14.00,000,0.00
2010-10-12,14.06,14.06,14.06,14.06,000,0.00
2010-10-11,14.11,14.11,14.11,14.11,000,0.00
2010-10-08,14.07,14.07,14.07,14.07,000,0.00
2010-10-07,14.33,14.33,14.33,14.33,000,0.00
2010-10-06,14.50,14.50,14.50,14.50,000,0.00
2010-10-05,14.47,14.47,14.47,14.47,000,0.00
2010-10-04,14.51,14.51,14.51,14.51,000,0.00
2010-10-01,14.61,14.61,14.61,14.61,000,0.00
2010-09-30,14.61,14.61,14.61,14.61,000,0.00
2010-09-29,14.66,14.66,14.66,14.66,000,0.00
2010-09-28,14.42,14.42,14.42,14.42,000,0.00
2010-09-27,14.44,14.44,14.44,14.44,000,0.00
2010-09-24,14.30,14.30,14.30,14.30,000,0.00
2010-09-23,14.02,14.02,14.02,14.02,000,0.00
2010-09-22,14.06,14.06,14.06,14.06,000,0.00
2010-09-21,14.32,14.32,14.32,14.32,000,0.00
2010-09-20,14.04,14.04,14.04,14.04,000,0.00
2010-09-17,13.98,13.98,13.98,13.98,000,0.00
2010-09-16,14.06,14.06,14.06,14.06,000,0.00
2010-09-15,14.62,14.62,14.62,14.62,000,0.00
2010-09-14,14.82,14.82,14.82,14.82,000,0.00
2010-09-13,14.74,14.74,14.74,14.74,000,0.00
2010-09-10,14.87,14.87,14.87,14.87,000,0.00
2010-09-09,14.84,14.84,14.84,14.84,000,0.00
2010-09-08,14.82,14.82,14.82,14.82,000,0.00
2010-09-07,14.62,14.62,14.62,14.62,000,0.00
2010-09-06,14.57,14.57,14.57,14.57,000,0.00
2010-09-03,14.68,14.68,14.68,14.68,000,0.00
2010-09-02,14.95,14.95,14.95,14.95,000,0.00
2010-09-01,14.59,14.59,14.59,14.59,000,0.00
2010-08-31,14.74,14.74,14.74,14.74,000,0.00
2010-08-30,14.92,14.92,14.92,14.92,000,0.00
2010-08-27,14.83,14.83,14.83,14.83,000,0.00
2010-08-26,14.69,14.69,14.69,14.69,000,0.00
2010-08-25,14.72,14.72,14.72,14.72,000,0.00
2010-08-24,14.79,14.79,14.79,14.79,000,0.00
2010-08-23,14.89,14.89,14.89,14.89,000,0.00
2010-08-20,14.70,14.70,14.70,14.70,000,0.00
2010-08-19,14.74,14.74,14.74,14.74,000,0.00
2010-08-18,14.78,14.78,14.78,14.78,000,0.00
2010-08-17,14.95,14.95,14.95,14.95,000,0.00
2010-08-16,14.47,14.47,14.47,14.47,000,0.00
2010-08-13,14.03,14.03,14.03,14.03,000,0.00
2010-08-12,14.15,14.15,14.15,14.15,000,0.00
2010-08-11,14.21,14.21,14.21,14.21,000,0.00
2010-08-10,14.21,14.21,14.21,14.21,000,0.00
2010-08-09,14.14,14.14,14.14,14.14,000,0.00
2010-08-06,14.13,14.13,14.13,14.13,000,0.00
2010-08-05,13.99,13.99,13.99,13.99,000,0.00
2010-08-04,13.75,13.75,13.75,13.75,000,0.00
2010-08-03,13.68,13.68,13.68,13.68,000,0.00
2010-08-02,13.62,13.62,13.62,13.62,000,0.00
2010-07-30,13.42,13.42,13.42,13.42,000,0.00
2010-07-29,13.67,13.67,13.67,13.67,000,0.00
2010-07-28,13.65,13.65,13.65,13.65,000,0.00
2010-07-27,13.53,13.53,13.53,13.53,000,0.00
2010-07-26,13.56,13.56,13.56,13.56,000,0.00
2010-07-23,13.62,13.62,13.62,13.62,000,0.00
2010-07-22,13.31,13.31,13.31,13.31,000,0.00
2010-07-21,12.99,12.99,12.99,12.99,000,0.00
2010-07-20,12.83,12.83,12.83,12.83,000,0.00
2010-07-19,12.81,12.81,12.81,12.81,000,0.00
2010-07-16,12.70,12.70,12.70,12.70,000,0.00
2010-07-15,13.01,13.01,13.01,13.01,000,0.00
2010-07-14,13.16,13.16,13.16,13.16,000,0.00
2010-07-13,13.14,13.14,13.14,13.14,000,0.00
2010-07-12,13.32,13.32,13.32,13.32,000,0.00
2010-07-09,13.33,13.33,13.33,13.33,000,0.00
2010-07-08,13.43,13.43,13.43,13.43,000,0.00
2010-07-07,13.28,13.28,13.28,13.28,000,0.00
2010-07-06,13.23,13.23,13.23,13.23,000,0.00
2010-07-05,13.25,13.25,13.25,13.25,000,0.00
2010-07-02,13.39,13.39,13.39,13.39,000,0.00
2010-07-01,13.78,13.78,13.78,13.78,000,0.00
2010-06-30,13.81,13.81,13.81,13.81,000,0.00
2010-06-29,13.95,13.95,13.95,13.95,000,0.00
2010-06-28,14.15,14.15,14.15,14.15,000,0.00
2010-06-25,14.15,14.15,14.15,14.15,000,0.00
2010-06-24,14.22,14.22,14.22,14.22,000,0.00
2010-06-23,14.07,14.07,14.07,14.07,000,0.00
2010-06-22,14.12,14.12,14.12,14.12,000,0.00
2010-06-21,13.99,13.99,13.99,13.99,000,0.00
2010-06-18,13.88,13.88,13.88,13.88,000,0.00
2010-06-17,13.87,13.87,13.87,13.87,000,0.00
2010-06-16,13.83,13.83,13.83,13.83,000,0.00
2010-06-15,13.97,13.97,13.97,13.97,000,0.00
2010-06-14,13.82,13.82,13.82,13.82,000,0.00
2010-06-11,13.63,13.63,13.63,13.63,000,0.00
2010-06-10,13.68,13.68,13.68,13.68,000,0.00
2010-06-09,13.53,13.53,13.53,13.53,000,0.00
2010-06-08,13.53,13.53,13.53,13.53,000,0.00
2010-06-07,13.68,13.68,13.68,13.68,000,0.00
2010-06-04,13.55,13.55,13.55,13.55,000,0.00
2010-06-03,13.43,13.43,13.43,13.43,000,0.00
2010-06-02,13.46,13.46,13.46,13.46,000,0.00
2010-06-01,13.63,13.63,13.63,13.63,000,0.00
2010-05-31,13.59,13.59,13.59,13.59,000,0.00
2010-05-28,13.38,13.38,13.38,13.38,000,0.00
2010-05-27,13.54,13.54,13.54,13.54,000,0.00
2010-05-26,13.41,13.41,13.41,13.41,000,0.00
2010-05-25,13.79,13.79,13.79,13.79,000,0.00
2010-05-24,13.55,13.55,13.55,13.55,000,0.00
2010-05-21,13.76,13.76,13.76,13.76,000,0.00
2010-05-20,14.24,14.24,14.24,14.24,000,0.00
2010-05-19,14.32,14.32,14.32,14.32,000,0.00
2010-05-18,14.09,14.09,14.09,14.09,000,0.00
2010-05-17,14.13,14.13,14.13,14.13,000,0.00
2010-05-14,13.91,13.91,13.91,13.91,000,0.00
2010-05-13,13.73,13.73,13.73,13.73,000,0.00
2010-05-12,13.68,13.68,13.68,13.68,000,0.00
2010-05-11,13.54,13.58,13.54,13.58,000,0.00
2010-05-10,13.35,13.35,13.35,13.35,000,0.00
2010-05-07,13.47,13.47,13.47,13.47,000,0.00
2010-05-06,13.61,13.61,13.61,13.61,000,0.00
2010-05-05,13.44,13.44,13.44,13.44,000,0.00
2010-05-04,13.41,13.41,13.41,13.41,000,0.00
2010-05-03,13.45,13.45,13.45,13.45,000,0.00
2010-04-30,13.44,13.44,13.44,13.44,000,0.00
2010-04-29,13.44,13.44,13.44,13.44,000,0.00
2010-04-28,13.43,13.43,13.43,13.43,000,0.00
2010-04-27,13.49,13.49,13.49,13.49,000,0.00
2010-04-26,13.65,13.65,13.65,13.65,000,0.00
2010-04-23,13.66,13.66,13.66,13.66,000,0.00
2010-04-22,13.54,13.54,13.54,13.54,000,0.00
2010-04-21,13.69,13.69,13.69,13.69,000,0.00
2010-04-20,13.66,13.66,13.66,13.66,000,0.00
2010-04-19,13.87,13.87,13.87,13.87,000,0.00
2010-04-16,13.84,13.84,13.84,13.84,000,0.00
2010-04-15,13.77,13.77,13.77,13.77,000,0.00
2010-04-14,13.61,13.61,13.61,13.61,000,0.00
2010-04-13,13.75,13.75,13.75,13.75,000,0.00
2010-04-12,13.86,13.86,13.86,13.86,000,0.00
2010-04-09,14.04,14.04,14.04,14.04,000,0.00
2010-04-08,13.99,13.99,13.99,13.99,000,0.00
2010-04-07,13.79,13.79,13.79,13.79,000,0.00
2010-04-06,13.61,13.61,13.61,13.61,000,0.00
2010-04-01,13.74,13.74,13.74,13.74,000,0.00
2010-03-31,13.91,13.91,13.91,13.91,000,0.00
2010-03-30,13.83,13.83,13.83,13.83,000,0.00
2010-03-29,13.86,13.86,13.86,13.86,000,0.00
2010-03-26,14.06,14.06,14.06,14.06,000,0.00
2010-03-25,13.90,13.90,13.90,13.90,000,0.00
2010-03-24,14.16,14.16,14.16,14.16,000,0.00
2010-03-23,14.49,14.49,14.49,14.49,000,0.00
2010-03-22,14.57,14.57,14.57,14.57,000,0.00
2010-03-19,14.47,14.47,14.47,14.47,000,0.00
2010-03-18,14.45,14.45,14.45,14.45,000,0.00
2010-03-17,14.26,14.26,14.26,14.26,000,0.00
2010-03-16,14.27,14.27,14.27,14.27,000,0.00
2010-03-15,14.12,14.12,14.12,14.12,000,0.00
2010-03-12,14.29,14.29,14.29,14.29,000,0.00
2010-03-11,14.43,14.43,14.43,14.43,000,0.00
2010-03-10,14.38,14.38,14.38,14.38,000,0.00
2010-03-09,14.08,14.08,14.08,14.08,000,0.00
2010-03-08,13.94,13.94,13.94,13.94,000,0.00
2010-03-05,14.03,14.03,14.03,14.03,000,0.00
2010-03-04,13.86,13.86,13.86,13.86,000,0.00
2010-03-03,13.86,13.86,13.86,13.86,000,0.00
2010-03-02,14.00,14.00,14.00,14.00,000,0.00
2010-03-01,13.82,13.82,13.82,13.82,000,0.00
2010-02-26,13.95,13.95,13.95,13.95,000,0.00
2010-02-25,14.06,14.06,14.06,14.06,000,0.00
2010-02-24,13.93,13.93,13.93,13.93,000,0.00
2010-02-23,13.90,13.90,13.90,13.90,000,0.00
2010-02-22,13.76,13.76,13.76,13.76,000,0.00
2010-02-19,13.63,13.63,13.63,13.63,000,0.00
2010-02-18,13.97,13.97,13.97,13.97,000,0.00
2010-02-17,13.72,13.72,13.72,13.72,000,0.00
2010-02-16,13.51,13.51,13.51,13.51,000,0.00
2010-02-15,13.48,13.48,13.48,13.48,000,0.00
2010-02-12,13.55,13.55,13.55,13.55,000,0.00
2010-02-11,13.55,13.55,13.55,13.55,000,0.00
2010-02-10,13.59,13.59,13.59,13.59,000,0.00
2010-02-09,13.57,13.57,13.57,13.57,000,0.00
2010-02-08,13.42,13.42,13.42,13.42,000,0.00
2010-02-05,14.23,14.23,14.23,14.23,000,0.00
2010-02-04,14.23,14.23,14.23,14.23,000,0.00
2010-02-03,14.16,14.16,14.16,14.16,000,0.00
2010-02-02,14.14,14.14,14.14,14.14,000,0.00
2010-02-01,14.15,14.15,14.15,14.15,000,0.00
2010-01-29,13.83,13.83,13.83,13.83,000,0.00
2010-01-28,13.74,13.74,13.74,13.74,000,0.00
2010-01-27,13.59,13.59,13.59,13.59,000,0.00
2010-01-26,13.28,13.28,13.28,13.28,000,0.00
2010-01-25,13.28,13.28,13.28,13.28,000,0.00
2010-01-22,13.44,13.44,13.44,13.44,000,0.00
2010-01-21,13.60,13.60,13.60,13.60,000,0.00
2010-01-20,13.45,13.45,13.45,13.45,000,0.00
2010-01-19,13.57,13.57,13.57,13.57,000,0.00
2010-01-18,13.50,13.50,13.50,13.50,000,0.00
2010-01-15,13.53,13.53,13.53,13.53,000,0.00
2010-01-14,13.11,13.11,13.11,13.11,000,0.00
2010-01-13,13.20,13.20,13.20,13.20,000,0.00
2010-01-12,13.13,13.13,13.13,13.13,000,0.00
2010-01-11,12.97,12.97,12.97,12.97,000,0.00
2010-01-08,13.00,13.00,13.00,13.00,000,0.00
2010-01-07,13.02,13.02,13.02,13.02,000,0.00
2010-01-06,13.20,13.20,13.20,13.20,000,0.00
2010-01-05,13.08,13.08,13.08,13.08,000,0.00
2010-01-04,12.91,12.91,12.91,12.91,000,0.00
2009-12-30,12.84,12.84,12.84,12.84,000,0.00
2009-12-28,12.96,12.96,12.96,12.96,000,0.00
2009-12-23,13.07,13.07,13.07,13.07,000,0.00
2009-12-22,13.09,13.09,13.09,13.09,000,0.00
2009-12-21,13.20,13.20,13.20,13.20,000,0.00
2009-12-18,13.24,13.24,13.24,13.24,000,0.00
2009-12-17,13.07,13.07,13.07,13.07,000,0.00
2009-12-16,12.95,12.95,12.95,12.95,000,0.00
2009-12-15,12.75,12.75,12.75,12.75,000,0.00
