Date,Open,High,Low,Close,Volume,Adj_Close
2016-04-01,23.25,23.74,22.92,23.48,1568200,23.48
2016-03-31,22.92,24.07,22.799999,23.530001,2002300,23.530001
2016-03-30,23.700001,24.09,22.530001,22.709999,1281000,22.709999
2016-03-29,23.450001,23.610001,22.040001,23.52,1100400,23.52
2016-03-28,24.26,24.50,23.02,23.26,1465900,23.26
2016-03-24,24.41,25.219999,23.68,24.370001,1773200,24.370001
2016-03-23,26.07,26.82,24.02,24.77,5113800,24.77
2016-03-22,21.969999,26.67,21.780001,26.32,13330000,26.32
2016-03-21,18.799999,19.75,18.52,18.719999,2129400,18.719999
2016-03-18,19.030001,19.40,17.57,18.85,5393200,18.85
2016-03-17,20.92,21.23,18.780001,19.09,5259500,19.09
2016-03-16,21.389999,21.68,20.620001,20.75,2086700,20.75
2016-03-15,23.52,23.52,21.360001,21.49,2303900,21.49
2016-03-14,24.74,24.889999,23.68,23.709999,1300000,23.709999
2016-03-11,24.34,24.74,24.049999,24.65,1195400,24.65
2016-03-10,24.42,24.99,23.74,24.120001,1093200,24.120001
2016-03-09,24.030001,24.51,23.58,24.17,729600,24.17
2016-03-08,25.26,25.27,23.92,24.00,1023700,24.00
2016-03-07,25.00,25.67,24.370001,25.190001,1362500,25.190001
2016-03-04,25.83,25.99,24.77,25.08,1695300,25.08
2016-03-03,26.559999,26.83,25.68,25.879999,1657800,25.879999
2016-03-02,26.129999,26.75,25.940001,26.629999,850200,26.629999
2016-03-01,26.74,26.940001,25.379999,26.25,2113900,26.25
2016-02-29,27.110001,28.139999,26.309999,26.59,1791000,26.59
2016-02-26,26.200001,28.15,25.65,27.379999,1279900,27.379999
2016-02-25,25.389999,26.450001,25.309999,26.01,1050400,26.01
2016-02-24,24.780001,25.42,23.91,25.25,618600,25.25
2016-02-23,25.90,25.90,24.85,24.879999,968800,24.879999
2016-02-22,25.290001,26.209999,25.290001,25.77,1032200,25.77
2016-02-19,24.700001,25.01,24.17,24.950001,765200,24.950001
2016-02-18,25.75,26.110001,24.719999,24.82,1076300,24.82
2016-02-17,24.639999,26.34,24.15,25.799999,1390900,25.799999
2016-02-16,24.57,24.99,23.799999,24.459999,1109300,24.459999
2016-02-12,22.84,24.32,22.24,23.959999,1620700,23.959999
2016-02-11,23.42,23.85,22.190001,22.66,1428300,22.66
2016-02-10,24.620001,25.219999,24.02,24.23,1361400,24.23
2016-02-09,23.709999,24.91,23.24,24.52,1311700,24.52
2016-02-08,24.60,24.84,23.530001,24.059999,1328300,24.059999
2016-02-05,25.059999,26.200001,24.32,25.23,1279800,25.23
2016-02-04,24.690001,25.75,24.24,25.41,1015300,25.41
2016-02-03,25.299999,25.389999,23.799999,24.77,1696600,24.77
2016-02-02,25.83,26.040001,24.85,25.219999,1153600,25.219999
2016-02-01,26.07,26.60,25.360001,26.15,1100200,26.15
2016-01-29,26.07,26.969999,25.40,25.99,1515600,25.99
2016-01-28,26.379999,27.059999,24.82,26.049999,1948400,26.049999
2016-01-27,27.25,27.25,25.559999,25.98,2855200,25.98
2016-01-26,27.90,28.370001,26.51,27.469999,1534700,27.469999
2016-01-25,28.129999,28.629999,27.549999,27.809999,1121900,27.809999
2016-01-22,27.92,28.67,27.40,28.309999,1366400,28.309999
2016-01-21,28.219999,28.48,26.860001,27.58,1595700,27.58
2016-01-20,26.690001,28.629999,25.719999,28.07,1899000,28.07
2016-01-19,29.030001,29.84,26.00,27.00,2615400,27.00
2016-01-15,29.15,30.360001,27.27,28.51,3719400,28.51
2016-01-14,27.93,30.67,27.58,30.32,3344300,30.32
2016-01-13,29.82,29.99,27.15,27.82,4348100,27.82
2016-01-12,34.07,34.25,28.41,29.82,7649000,29.82
2016-01-11,37.490002,38.00,32.57,33.75,2136700,33.75
2016-01-08,38.450001,38.73,37.009998,37.470001,1576900,37.470001
2016-01-07,37.50,38.400002,37.00,38.040001,1803500,38.040001
2016-01-06,38.029999,39.459999,37.759998,38.52,4220100,38.52
2016-01-05,38.23,38.93,37.73,38.450001,1627200,38.450001
2016-01-04,36.720001,38.139999,36.50,38.099998,2088100,38.099998
2015-12-31,37.139999,37.860001,37.00,37.310001,657500,37.310001
2015-12-30,36.880001,37.709999,36.790001,37.220001,601300,37.220001
2015-12-29,37.09,37.599998,36.52,36.849998,809300,36.849998
2015-12-28,37.119999,37.41,36.209999,36.830002,684400,36.830002
2015-12-24,36.419998,37.490002,36.279999,37.34,417000,37.34
2015-12-23,36.299999,36.580002,36.00,36.470001,942700,36.470001
2015-12-22,35.740002,37.139999,35.41,36.139999,2773400,36.139999
2015-12-21,36.34,36.50,35.029999,35.59,3060700,35.59
2015-12-18,34.77,36.830002,34.77,36.029999,2815900,36.029999
2015-12-17,35.599998,35.889999,34.599998,35.09,1373300,35.09
2015-12-16,35.490002,35.779999,34.950001,35.619999,1204400,35.619999
2015-12-15,34.099998,35.240002,33.799999,35.009998,2052500,35.009998
2015-12-14,34.650002,34.84,32.970001,33.73,1704200,33.73
2015-12-11,35.27,35.84,33.720001,34.57,1245400,34.57
2015-12-10,35.889999,35.950001,35.009998,35.560001,869300,35.560001
2015-12-09,36.259998,37.490002,34.950001,35.75,1275700,35.75
2015-12-08,35.16,36.759998,35.060001,36.540001,1228100,36.540001
2015-12-07,35.619999,35.970001,34.869999,35.490002,1121700,35.490002
2015-12-04,34.080002,36.169998,33.970001,35.810001,1384100,35.810001
2015-12-03,34.66,34.84,33.25,33.970001,1199200,33.970001
2015-12-02,36.27,36.970001,33.869999,34.290001,1566900,34.290001
2015-12-01,33.50,34.619999,33.209999,34.549999,1186600,34.549999
2015-11-30,33.77,34.099998,32.939999,33.299999,851700,33.299999
2015-11-27,33.540001,34.00,33.099998,33.439999,258500,33.439999
2015-11-25,32.740002,33.740002,32.50,33.560001,666500,33.560001
2015-11-24,33.48,33.75,32.669998,32.790001,1085000,32.790001
2015-11-23,33.060001,34.419998,32.880001,33.869999,1173700,33.869999
2015-11-20,32.330002,33.189999,32.09,32.82,660000,32.82
2015-11-19,33.130001,33.450001,31.709999,32.459999,1129000,32.459999
2015-11-18,30.67,33.189999,30.59,33.060001,1576800,33.060001
2015-11-17,30.450001,31.309999,30.209999,30.700001,1361500,30.700001
2015-11-16,28.809999,31.49,28.08,30.610001,2579100,30.610001
2015-11-13,27.209999,29.00,26.950001,28.57,1296600,28.57
2015-11-12,27.43,28.33,26.98,27.33,1166200,27.33
2015-11-11,28.950001,29.58,27.540001,27.60,1430800,27.60
2015-11-10,28.799999,29.540001,28.50,28.950001,1167300,28.950001
2015-11-09,29.540001,31.049999,28.77,28.950001,1601400,28.950001
2015-11-06,28.82,30.01,28.200001,29.950001,1833100,29.950001
2015-11-05,27.450001,29.50,27.08,29.200001,3591700,29.200001
2015-11-04,27.16,27.530001,26.25,26.610001,1203900,26.610001
2015-11-03,26.59,27.719999,26.59,27.15,1253400,27.15
2015-11-02,26.709999,27.389999,26.65,27.049999,1432900,27.049999
2015-10-30,25.940001,27.23,25.91,26.74,1688100,26.74
2015-10-29,25.73,26.889999,25.73,25.870001,1346000,25.870001
2015-10-28,24.90,26.09,24.389999,26.030001,1207800,26.030001
2015-10-27,25.690001,26.10,24.549999,24.809999,1112300,24.809999
2015-10-26,25.27,25.76,23.860001,25.60,2109600,25.60
2015-10-23,22.82,26.24,22.74,25.92,3314800,25.92
2015-10-22,25.48,25.559999,19.08,22.059999,5239700,22.059999
2015-10-21,26.68,26.799999,23.040001,25.33,2536500,25.33
2015-10-20,29.360001,29.360001,25.940001,26.200001,1641700,26.200001
2015-10-19,29.219999,30.00,28.77,29.26,1247700,29.26
2015-10-16,29.25,29.959999,28.92,29.35,756200,29.35
2015-10-15,27.50,29.16,27.50,29.10,994900,29.10
2015-10-14,27.99,29.110001,27.559999,27.719999,1296700,27.719999
2015-10-13,28.719999,29.540001,27.33,27.440001,1589800,27.440001
2015-10-12,29.940001,30.030001,29.02,29.209999,811000,29.209999
2015-10-09,29.33,30.469999,29.059999,29.90,745000,29.90
2015-10-08,29.450001,29.99,28.77,29.51,1001900,29.51
2015-10-07,29.09,29.950001,28.450001,29.59,1532300,29.59
2015-10-06,30.60,30.860001,28.280001,29.25,1640600,29.25
2015-10-05,30.120001,30.98,29.42,30.52,2770600,30.52
2015-10-02,27.700001,29.84,27.540001,29.84,1386900,29.84
2015-10-01,28.68,29.15,27.60,28.219999,1556800,28.219999
2015-09-30,27.08,28.58,26.99,28.51,2186700,28.51
2015-09-29,29.030001,29.65,26.299999,26.459999,2869700,26.459999
2015-09-28,32.080002,32.220001,28.76,29.290001,2388900,29.290001
2015-09-25,35.34,35.349998,31.51,32.060001,1808000,32.060001
2015-09-24,36.619999,36.619999,34.25,35.34,1139700,35.34
2015-09-23,37.470001,37.790001,36.599998,36.75,455400,36.75
2015-09-22,37.349998,38.150002,36.490002,37.349998,969200,37.349998
2015-09-21,39.25,39.459999,36.630001,37.77,1786600,37.77
2015-09-18,39.18,39.73,38.869999,38.950001,1129200,38.950001
2015-09-17,38.279999,40.099998,37.93,39.709999,1051200,39.709999
2015-09-16,38.060001,38.490002,37.57,38.040001,509600,38.040001
2015-09-15,37.990002,38.18,37.27,38.049999,1114000,38.049999
2015-09-14,38.48,38.919998,37.720001,38.029999,460200,38.029999
2015-09-11,38.07,38.43,37.07,38.380001,954000,38.380001
2015-09-10,37.880001,38.759998,37.82,38.049999,700800,38.049999
2015-09-09,39.950001,40.34,38.130001,38.220001,614700,38.220001
2015-09-08,39.41,40.029999,38.759998,39.919998,737300,39.919998
2015-09-04,38.130001,38.849998,37.740002,38.419998,523100,38.419998
2015-09-03,39.610001,39.990002,38.279999,38.50,774800,38.50
2015-09-02,39.080002,39.66,38.150002,39.619999,668900,39.619999
2015-09-01,38.91,39.73,38.43,38.610001,1340400,38.610001
2015-08-31,41.169998,41.860001,39.50,39.790001,792100,39.790001
2015-08-28,41.200001,41.900002,40.709999,41.029999,664700,41.029999
2015-08-27,39.360001,41.959999,38.98,41.209999,1155100,41.209999
2015-08-26,39.619999,39.990002,37.169998,39.009998,1270400,39.009998
2015-08-25,39.27,41.110001,38.50,38.549999,1086400,38.549999
2015-08-24,37.009998,39.779999,33.00,39.41,1786800,39.41
2015-08-21,40.880001,41.240002,39.290001,40.259998,1607900,40.259998
2015-08-20,43.349998,43.889999,41.43,41.52,974800,41.52
2015-08-19,43.650002,44.029999,43.02,43.77,553900,43.77
2015-08-18,43.98,44.439999,42.939999,43.82,519600,43.82
2015-08-17,43.189999,44.380001,42.599998,44.299999,496500,44.299999
2015-08-14,43.950001,44.16,42.950001,43.68,443000,43.68
2015-08-13,44.599998,45.189999,43.830002,43.869999,595200,43.869999
2015-08-12,44.459999,45.029999,43.049999,44.73,756500,44.73
2015-08-11,44.00,45.009998,43.68,44.810001,1083500,44.810001
2015-08-10,43.25,44.98,43.25,44.549999,1180000,44.549999
2015-08-07,42.889999,43.130001,41.43,43.07,1792100,43.07
2015-08-06,44.950001,45.209999,42.810001,42.990002,1918900,42.990002
2015-08-05,45.98,46.200001,45.040001,45.119999,1603500,45.119999
2015-08-04,45.93,46.16,45.310001,45.860001,905600,45.860001
2015-08-03,46.439999,46.639999,45.560001,46.16,705700,46.16
2015-07-31,46.669998,46.93,46.049999,46.110001,676000,46.110001
2015-07-30,46.439999,46.93,45.57,46.330002,885900,46.330002
2015-07-29,47.119999,47.349998,45.830002,46.439999,1072300,46.439999
2015-07-28,46.450001,47.139999,45.950001,47.009998,977400,47.009998
2015-07-27,45.18,46.360001,44.389999,46.16,1516900,46.16
2015-07-24,45.810001,46.360001,45.049999,45.389999,918300,45.389999
2015-07-23,45.75,46.50,45.220001,46.009998,981700,46.009998
2015-07-22,44.209999,45.720001,44.07,45.689999,961700,45.689999
2015-07-21,44.580002,45.00,43.639999,44.75,687400,44.75
2015-07-20,45.50,45.860001,44.630001,44.919998,724800,44.919998
2015-07-17,45.099998,45.689999,45.02,45.540001,1003600,45.540001
2015-07-16,44.560001,45.310001,44.549999,45.150002,1070000,45.150002
2015-07-15,44.900002,45.549999,44.169998,44.299999,1314200,44.299999
2015-07-14,43.549999,44.970001,43.50,44.73,1213400,44.73
2015-07-13,43.59,44.23,43.209999,43.639999,909900,43.639999
2015-07-10,43.029999,43.220001,42.560001,43.099998,1010200,43.099998
2015-07-09,41.650002,43.049999,41.650002,42.419998,1203700,42.419998
2015-07-08,42.029999,42.279999,41.080002,41.09,1719500,41.09
2015-07-07,43.650002,43.68,41.880001,42.540001,1785500,42.540001
2015-07-06,42.889999,44.299999,42.57,43.459999,2413600,43.459999
2015-07-02,43.509998,43.779999,43.07,43.369999,976200,43.369999
2015-07-01,44.169998,44.689999,42.919998,43.32,1509400,43.32
2015-06-30,42.950001,43.860001,42.43,43.66,1346300,43.66
2015-06-29,42.849998,43.720001,42.389999,42.540001,2160300,42.540001
2015-06-26,44.990002,45.029999,43.299999,43.509998,7706400,43.509998
2015-06-25,46.400002,46.400002,44.529999,44.810001,1518900,44.810001
2015-06-24,46.02,46.68,45.669998,45.779999,1664700,45.779999
2015-06-23,48.490002,48.50,45.939999,46.200001,2542800,46.200001
2015-06-22,47.84,48.48,47.700001,48.099998,1128700,48.099998
2015-06-19,48.209999,48.529999,47.360001,47.52,1717800,47.52
2015-06-18,46.540001,48.400002,46.540001,48.25,2006900,48.25
2015-06-17,47.09,47.50,46.639999,46.66,1356600,46.66
2015-06-16,45.990002,46.959999,45.77,46.889999,1844400,46.889999
2015-06-15,46.099998,46.189999,45.380001,45.98,1222600,45.98
2015-06-12,46.529999,46.66,46.00,46.290001,792900,46.290001
2015-06-11,46.779999,47.189999,46.470001,46.610001,932500,46.610001
2015-06-10,46.209999,46.799999,45.52,46.669998,1282800,46.669998
2015-06-09,46.299999,46.52,45.23,46.189999,724000,46.189999
2015-06-08,47.009998,47.459999,46.200001,46.240002,1149200,46.240002
2015-06-05,45.139999,46.830002,44.650002,46.549999,1036900,46.549999
2015-06-04,45.599998,46.220001,45.049999,45.16,754400,45.16
2015-06-03,47.119999,47.360001,45.549999,45.860001,1354800,45.860001
2015-06-02,46.200001,46.740002,45.869999,46.709999,1885200,46.709999
2015-06-01,46.169998,46.52,45.279999,46.25,1413200,46.25
2015-05-29,44.939999,46.709999,44.900002,45.900002,1976800,45.900002
2015-05-28,44.349998,45.299999,43.57,45.200001,1510100,45.200001
2015-05-27,43.189999,44.099998,43.02,43.959999,1300000,43.959999
2015-05-26,43.639999,43.82,41.68,42.84,1772300,42.84
2015-05-22,43.50,44.290001,43.18,43.84,943800,43.84
2015-05-21,44.080002,44.080002,42.970001,43.50,866300,43.50
2015-05-20,43.900002,45.599998,43.650002,43.900002,1587200,43.900002
2015-05-19,42.380001,44.50,42.330002,43.799999,2588700,43.799999
2015-05-18,40.470001,42.779999,40.470001,42.470001,1689400,42.470001
2015-05-15,41.52,41.759998,41.029999,41.50,987800,41.50
2015-05-14,41.790001,41.880001,41.240002,41.580002,1125400,41.580002
2015-05-13,40.470001,41.869999,40.41,41.419998,1669400,41.419998
2015-05-12,40.439999,41.279999,40.189999,40.439999,1403900,40.439999
2015-05-11,39.560001,41.240002,39.509998,40.810001,1216100,40.810001
2015-05-08,40.66,41.439999,40.400002,40.68,1562900,40.68
2015-05-07,39.119999,40.369999,38.630001,40.259998,2960700,40.259998
2015-05-06,39.849998,40.57,38.759998,39.310001,3549800,39.310001
2015-05-05,42.049999,42.23,39.57,40.00,3770800,40.00
2015-05-04,42.900002,43.669998,41.919998,42.209999,1689500,42.209999
2015-05-01,41.669998,43.09,41.59,43.00,1839100,43.00
2015-04-30,43.16,43.700001,41.259998,41.639999,2679100,41.639999
2015-04-29,44.279999,44.630001,42.77,43.509998,2483200,43.509998
2015-04-28,43.209999,45.459999,43.00,44.759998,4150700,44.759998
2015-04-27,47.00,47.48,42.68,43.099998,15293700,43.099998
2015-04-24,56.060001,57.099998,55.040001,55.240002,1764500,55.240002
2015-04-23,53.900002,55.959999,53.279999,55.919998,1596300,55.919998
2015-04-22,55.560001,56.400002,53.689999,53.700001,1838900,53.700001
2015-04-21,55.00,56.380001,54.599998,55.389999,2719500,55.389999
2015-04-20,53.700001,54.66,52.610001,54.66,1486000,54.66
2015-04-17,52.759998,53.450001,51.169998,53.23,1806300,53.23
2015-04-16,52.369999,53.279999,52.200001,53.16,956900,53.16
2015-04-15,52.529999,52.889999,52.060001,52.610001,1337400,52.610001
2015-04-14,51.490002,52.130001,50.700001,51.849998,925800,51.849998
2015-04-13,52.759998,52.779999,50.869999,51.360001,1821000,51.360001
2015-04-10,51.560001,52.779999,51.349998,52.740002,1941100,52.740002
2015-04-09,49.799999,51.580002,49.630001,51.43,1916000,51.43
2015-04-08,48.18,50.259998,47.549999,49.759998,2607500,49.759998
2015-04-07,47.349998,48.970001,47.25,47.73,1203900,47.73
2015-04-06,46.59,47.75,46.41,47.369999,1065200,47.369999
2015-04-02,47.459999,47.93,46.799999,47.240002,1884800,47.240002
2015-04-01,47.279999,47.470001,45.59,47.400002,1378500,47.400002
2015-03-31,48.00,48.189999,47.189999,47.509998,1099300,47.509998
2015-03-30,48.610001,48.939999,47.73,48.080002,1565100,48.080002
2015-03-27,46.50,48.950001,46.330002,48.48,1994000,48.48
2015-03-26,44.48,47.099998,44.009998,46.27,1745500,46.27
2015-03-25,48.330002,48.639999,45.599998,45.66,1800600,45.66
2015-03-24,49.110001,50.34,48.099998,48.16,1480300,48.16
2015-03-23,48.900002,49.27,47.82,48.98,1398800,48.98
2015-03-20,49.880001,50.459999,48.279999,49.029999,2518100,49.029999
2015-03-19,48.040001,49.700001,47.360001,49.439999,3002800,49.439999
2015-03-18,47.32,49.419998,46.77,48.150002,5635500,48.150002
2015-03-17,42.990002,44.220001,42.619999,43.84,2295400,43.84
2015-03-16,41.50,43.59,41.34,43.220001,2895600,43.220001
2015-03-13,43.080002,45.16,41.18,41.279999,4845200,41.279999
2015-03-12,47.389999,47.400002,41.259998,43.380001,6922700,43.380001
2015-03-11,46.130001,47.400002,46.119999,47.009998,2304000,47.009998
2015-03-10,46.59,46.799999,43.060001,45.439999,9050000,45.439999
2015-03-09,49.830002,52.02,49.740002,51.84,1580800,51.84
2015-03-06,50.790001,50.950001,49.02,49.830002,1255600,49.830002
2015-03-05,51.650002,52.200001,50.48,50.880001,1448300,50.880001
2015-03-04,49.099998,52.470001,49.009998,51.189999,2573000,51.189999
2015-03-03,51.50,51.900002,47.509998,49.330002,6710200,49.330002
2015-03-02,53.599998,53.990002,52.650002,53.709999,2445000,53.709999
2015-02-27,52.93,55.860001,52.619999,53.810001,3505700,53.810001
2015-02-26,49.099998,54.00,48.689999,53.470001,4867200,53.470001
2015-02-25,47.450001,47.450001,46.220001,46.400002,2286900,46.400002
2015-02-24,47.950001,48.080002,46.830002,47.360001,875400,47.360001
2015-02-23,48.209999,48.939999,47.73,48.049999,960200,48.049999
2015-02-20,47.91,48.130001,47.439999,48.02,813100,48.02
2015-02-19,47.439999,48.50,47.310001,47.93,734100,47.93
2015-02-18,47.720001,48.630001,46.759998,47.630001,972100,47.630001
2015-02-17,47.09,47.82,47.00,47.740002,877100,47.740002
2015-02-13,47.459999,47.529999,46.360001,47.279999,1088200,47.279999
2015-02-12,47.41,47.880001,46.73,47.529999,873400,47.529999
2015-02-11,46.66,47.619999,46.529999,47.07,1254700,47.07
2015-02-10,47.02,47.290001,45.75,46.59,1323800,46.59
2015-02-09,47.360001,47.790001,46.619999,46.639999,1293900,46.639999
2015-02-06,46.650002,48.00,46.009998,47.360001,1851000,47.360001
2015-02-05,45.00,46.700001,44.860001,46.240002,1882800,46.240002
2015-02-04,43.57,44.73,42.77,44.380001,1165800,44.380001
2015-02-03,43.189999,43.810001,42.099998,43.740002,1151200,43.740002
2015-02-02,43.369999,43.459999,41.810001,43.029999,1341200,43.029999
2015-01-30,42.860001,43.57,42.139999,42.580002,11028600,42.580002
2015-01-29,43.00,43.34,41.740002,43.220001,1297500,43.220001
2015-01-28,43.549999,43.880001,43.00,43.009998,1476700,43.009998
2015-01-27,41.669998,43.310001,41.650002,43.00,871800,43.00
2015-01-26,42.73,43.150002,41.919998,42.259998,1417600,42.259998
2015-01-23,41.689999,42.669998,41.57,42.349998,1042000,42.349998
2015-01-22,42.240002,42.369999,40.610001,41.549999,1169700,41.549999
2015-01-21,43.240002,43.25,41.75,41.98,781700,41.98
2015-01-20,43.73,44.299999,42.139999,43.09,1350100,43.09
2015-01-16,40.360001,42.720001,40.139999,42.57,876500,42.57
2015-01-15,41.98,42.490002,40.279999,40.459999,1444300,40.459999
2015-01-14,40.75,42.25,40.220001,41.740002,860300,41.740002
2015-01-13,40.82,41.77,40.330002,41.279999,1173200,41.279999
2015-01-12,40.82,41.279999,40.080002,40.509998,827400,40.509998
2015-01-09,40.310001,40.959999,40.110001,40.720001,1054900,40.720001
2015-01-08,38.66,40.560001,38.66,40.279999,1384200,40.279999
2015-01-07,36.68,38.18,36.560001,38.16,1234900,38.16
2015-01-06,37.18,37.689999,35.869999,36.419998,935600,36.419998
2015-01-05,35.959999,38.02,35.860001,37.119999,1234500,37.119999
2015-01-02,36.540001,36.889999,35.450001,36.07,953500,36.07
2014-12-31,36.549999,37.02,36.169998,36.200001,1628000,36.200001
2014-12-30,36.799999,37.130001,36.220001,36.450001,652000,36.450001
2014-12-29,36.900002,37.18,36.549999,36.849998,647700,36.849998
2014-12-26,37.849998,37.849998,36.299999,36.91,451000,36.91
2014-12-24,36.099998,37.029999,36.099998,36.470001,367100,36.470001
2014-12-23,37.630001,37.73,35.330002,36.040001,1209900,36.040001
2014-12-22,37.880001,38.490002,37.369999,37.59,670600,37.59
2014-12-19,38.32,38.43,37.50,38.060001,1629800,38.060001
2014-12-18,38.759998,39.27,38.02,38.41,871000,38.41
2014-12-17,37.52,38.200001,36.799999,38.16,1313700,38.16
2014-12-16,39.209999,39.689999,37.400002,37.549999,1674900,37.549999
2014-12-15,41.700001,42.110001,39.400002,39.720001,1576500,39.720001
2014-12-12,40.32,41.959999,40.139999,41.240002,1028100,41.240002
2014-12-11,40.75,41.790001,40.509998,40.860001,1325100,40.860001
2014-12-10,41.509998,42.540001,40.57,40.599998,2168000,40.599998
2014-12-09,39.50,41.32,39.009998,41.139999,2031700,41.139999
2014-12-08,39.389999,40.50,39.380001,39.75,1363900,39.75
2014-12-05,39.299999,39.529999,38.619999,39.369999,825400,39.369999
2014-12-04,40.18,40.459999,39.060001,39.279999,1226800,39.279999
2014-12-03,39.720001,40.23,38.700001,40.18,917700,40.18
2014-12-02,38.330002,39.459999,38.02,39.459999,906200,39.459999
2014-12-01,39.82,39.93,38.259998,38.34,1008400,38.34
2014-11-28,39.189999,40.720001,39.18,40.07,691800,40.07
2014-11-26,37.990002,39.259998,37.919998,39.18,723700,39.18
2014-11-25,37.77,38.200001,37.439999,38.040001,903500,38.040001
2014-11-24,36.470001,37.860001,36.43,37.549999,1112600,37.549999
2014-11-21,38.50,38.50,36.299999,36.32,1458800,36.32
2014-11-20,38.259998,38.349998,37.560001,38.07,1786300,38.07
2014-11-19,38.34,38.630001,37.77,38.18,1029900,38.18
2014-11-18,37.950001,38.91,37.720001,38.419998,1068600,38.419998
2014-11-17,38.040001,38.98,37.73,37.889999,1310600,37.889999
2014-11-14,37.610001,38.509998,36.900002,38.209999,2117200,38.209999
2014-11-13,35.110001,37.849998,35.099998,37.68,3012900,37.68
2014-11-12,34.900002,35.509998,34.02,35.43,1810100,35.43
2014-11-11,36.029999,36.32,34.759998,34.959999,1646500,34.959999
2014-11-10,36.189999,36.360001,35.02,36.16,2552600,36.16
2014-11-07,36.360001,37.639999,35.040001,36.59,3613100,36.59
2014-11-06,42.43,42.490002,36.349998,37.880001,6913900,37.880001
2014-11-05,42.970001,43.549999,41.169998,41.68,1793200,41.68
2014-11-04,43.560001,44.099998,42.02,42.639999,1340300,42.639999
2014-11-03,44.75,45.00,43.639999,43.82,1149100,43.82
2014-10-31,44.450001,44.73,44.099998,44.549999,1281300,44.549999
2014-10-30,43.02,44.330002,42.259998,43.639999,1020700,43.639999
2014-10-29,43.400002,43.639999,42.580002,43.139999,1023700,43.139999
2014-10-28,44.25,44.66,42.509998,43.540001,1942700,43.540001
2014-10-27,43.740002,44.610001,43.50,44.27,1017800,44.27
2014-10-24,43.040001,44.41,42.98,44.380001,1014400,44.380001
2014-10-23,42.68,43.540001,42.220001,42.77,1664100,42.77
2014-10-22,44.389999,45.25,41.509998,41.709999,4252700,41.709999
2014-10-21,39.75,41.400002,39.740002,41.290001,3278100,41.290001
2014-10-20,37.310001,39.200001,37.310001,39.009998,1515000,39.009998
2014-10-17,36.400002,37.48,36.25,37.240002,1037500,37.240002
2014-10-16,34.09,36.599998,34.09,35.799999,1012300,35.799999
2014-10-15,34.619999,35.220001,33.759998,34.950001,1094100,34.950001
2014-10-14,34.110001,35.720001,33.630001,35.259998,1031000,35.259998
2014-10-13,34.799999,34.84,33.16,33.709999,1301400,33.709999
2014-10-10,35.830002,36.50,34.73,34.779999,758500,34.779999
2014-10-09,36.84,37.970001,36.02,36.02,1274200,36.02
2014-10-08,35.93,36.720001,35.259998,36.650002,1051400,36.650002
2014-10-07,36.91,36.91,35.669998,36.00,746400,36.00
2014-10-06,37.23,37.540001,36.849998,37.00,822900,37.00
2014-10-03,36.150002,37.189999,36.040001,36.959999,1400900,36.959999
2014-10-02,34.889999,35.98,34.77,35.84,730100,35.84
2014-10-01,36.16,36.189999,33.650002,34.880001,2052500,34.880001
2014-09-30,36.369999,37.23,36.259998,36.27,1029100,36.27
2014-09-29,36.029999,36.799999,35.889999,36.360001,1401100,36.360001
2014-09-26,36.23,36.41,35.34,35.700001,742100,35.700001
2014-09-25,36.73,36.75,35.91,36.169998,748900,36.169998
2014-09-24,36.00,37.060001,35.919998,36.860001,1166300,36.860001
2014-09-23,36.150002,36.720001,35.330002,35.82,835800,35.82
2014-09-22,36.77,36.77,36.009998,36.369999,618700,36.369999
2014-09-19,37.220001,37.360001,36.34,36.779999,1695900,36.779999
2014-09-18,36.82,37.529999,36.709999,37.02,930000,37.02
2014-09-17,36.900002,37.25,36.450001,36.549999,608600,36.549999
2014-09-16,36.00,36.84,35.84,36.82,1382500,36.82
2014-09-15,37.189999,37.380001,35.900002,36.099998,842600,36.099998
2014-09-12,38.00,38.349998,36.709999,37.310001,2232100,37.310001
2014-09-11,36.32,38.27,35.630001,37.849998,2445700,37.849998
2014-09-10,36.450001,36.869999,36.279999,36.619999,834600,36.619999
2014-09-09,36.77,36.98,36.18,36.32,831400,36.32
2014-09-08,37.610001,38.099998,36.389999,36.810001,1240200,36.810001
2014-09-05,37.68,38.299999,37.23,38.16,524900,38.16
2014-09-04,39.189999,39.27,37.439999,37.689999,1107300,37.689999
2014-09-03,39.25,39.299999,38.82,38.990002,1412800,38.990002
2014-09-02,39.119999,39.389999,38.52,39.09,5037400,39.09
2014-08-29,38.779999,39.450001,38.77,39.02,774600,39.02
2014-08-28,38.720001,38.91,38.459999,38.779999,640500,38.779999
2014-08-27,39.240002,39.279999,38.50,38.900002,1391100,38.900002
2014-08-26,38.669998,39.48,38.599998,39.02,1228300,39.02
2014-08-25,38.09,38.950001,37.98,38.43,1125400,38.43
2014-08-22,37.52,38.060001,37.25,37.740002,619400,37.740002
2014-08-21,37.459999,37.880001,37.25,37.549999,691800,37.549999
2014-08-20,37.700001,37.759998,37.119999,37.599998,591200,37.599998
2014-08-19,38.25,38.610001,37.560001,37.82,874200,37.82
2014-08-18,36.790001,38.099998,36.52,37.970001,1330400,37.970001
2014-08-15,36.310001,36.48,35.599998,36.240002,945700,36.240002
2014-08-14,37.330002,37.389999,35.860001,36.00,1195800,36.00
2014-08-13,35.73,36.93,35.669998,36.869999,1053300,36.869999
2014-08-12,34.610001,35.619999,34.57,35.57,1059200,35.57
2014-08-11,34.48,35.389999,34.099998,35.00,1283300,35.00
2014-08-08,33.27,34.41,33.16,34.32,826800,34.32
2014-08-07,34.25,34.490002,33.130001,33.41,2153300,33.41
2014-08-06,34.740002,34.889999,31.85,34.259998,2950700,34.259998
2014-08-05,36.00,37.549999,33.610001,34.93,3699500,34.93
2014-08-04,34.400002,34.860001,33.509998,34.330002,977500,34.330002
2014-08-01,33.919998,34.650002,33.41,34.00,813400,34.00
2014-07-31,34.66,34.91,33.830002,33.93,592300,33.93
2014-07-30,34.990002,35.25,34.560001,34.970001,468300,34.970001
2014-07-29,34.509998,35.240002,34.43,34.68,572700,34.68
2014-07-28,34.310001,34.619999,33.66,34.450001,705700,34.450001
2014-07-25,34.380001,34.950001,34.25,34.48,549900,34.48
2014-07-24,34.57,35.48,34.509998,34.73,792200,34.73
2014-07-23,34.57,35.169998,34.07,34.32,660600,34.32
2014-07-22,34.400002,34.810001,34.169998,34.48,452100,34.48
2014-07-21,34.080002,34.400002,33.52,34.029999,568900,34.029999
2014-07-18,33.41,34.50,33.41,34.16,642200,34.16
2014-07-17,32.759998,33.869999,32.509998,33.369999,767700,33.369999
2014-07-16,35.34,35.34,32.669998,32.93,2034600,32.93
2014-07-15,35.400002,35.639999,34.439999,35.139999,893000,35.139999
2014-07-14,35.00,35.720001,34.98,35.279999,1346000,35.279999
2014-07-11,34.299999,34.830002,33.919998,34.630001,1362200,34.630001
2014-07-10,32.73,34.389999,32.09,34.119999,1405300,34.119999
2014-07-09,32.099998,33.360001,32.00,33.110001,760700,33.110001
2014-07-08,32.360001,32.75,31.34,32.139999,1145000,32.139999
2014-07-07,33.779999,34.119999,32.259998,32.599998,1298400,32.599998
2014-07-03,34.330002,34.720001,33.759998,33.93,473500,33.93
2014-07-02,33.779999,34.830002,33.57,34.259998,1039100,34.259998
2014-07-01,34.169998,37.080002,34.029999,34.189999,4854200,34.189999
2014-06-30,31.790001,33.310001,31.709999,33.25,2133600,33.25
2014-06-27,30.51,31.889999,30.33,31.709999,1520400,31.709999
2014-06-26,30.15,30.76,30.09,30.700001,565300,30.700001
2014-06-25,30.75,31.65,30.219999,30.290001,1728900,30.290001
2014-06-24,29.950001,31.559999,29.780001,30.959999,1305600,30.959999
2014-06-23,30.00,30.48,29.67,29.73,941200,29.73
2014-06-20,28.26,29.93,28.10,29.77,2279900,29.77
2014-06-19,28.209999,28.42,27.709999,28.120001,652100,28.120001
2014-06-18,28.41,28.48,27.52,28.049999,909900,28.049999
2014-06-17,28.040001,28.92,27.85,28.58,715700,28.58
2014-06-16,27.59,28.040001,27.34,27.83,398900,27.83
2014-06-13,27.35,28.33,27.190001,27.75,621300,27.75
2014-06-12,28.18,28.299999,27.379999,27.51,643100,27.51
2014-06-11,28.139999,28.620001,27.83,28.15,618700,28.15
2014-06-10,28.549999,28.549999,27.76,28.32,657800,28.32
2014-06-09,28.35,28.85,28.200001,28.540001,591500,28.540001
2014-06-06,28.74,28.83,28.33,28.43,485700,28.43
2014-06-05,28.99,28.99,28.27,28.50,588700,28.50
2014-06-04,28.219999,28.82,28.02,28.690001,706300,28.690001
2014-06-03,27.809999,28.459999,27.799999,28.33,1155400,28.33
2014-06-02,27.620001,28.200001,27.09,28.17,939200,28.17
2014-05-30,28.610001,28.700001,27.65,27.969999,1003000,27.969999
2014-05-29,28.700001,28.99,28.41,28.51,519500,28.51
2014-05-28,29.51,29.620001,28.450001,28.49,1039300,28.49
2014-05-27,28.690001,29.40,28.41,29.280001,1028000,29.280001
2014-05-23,28.309999,28.57,28.049999,28.33,620000,28.33
2014-05-22,28.129999,28.91,28.129999,28.219999,1076900,28.219999
2014-05-21,27.23,28.219999,27.02,28.040001,972000,28.040001
2014-05-20,27.379999,27.68,26.77,26.940001,1443900,26.940001
2014-05-19,26.940001,27.90,26.860001,27.33,806600,27.33
2014-05-16,26.76,26.889999,26.450001,26.809999,574100,26.809999
2014-05-15,26.530001,26.860001,25.90,26.809999,864500,26.809999
2014-05-14,26.84,26.91,26.42,26.74,743000,26.74
2014-05-13,25.99,26.98,25.92,26.90,787200,26.90
2014-05-12,26.200001,26.34,25.07,25.85,947500,25.85
2014-05-09,25.469999,26.950001,24.959999,25.82,1476700,25.82
2014-05-08,25.870001,25.870001,24.66,24.700001,682300,24.700001
2014-05-07,25.540001,25.84,24.75,25.809999,1016700,25.809999
2014-05-06,25.120001,25.83,24.26,25.379999,765200,25.379999
2014-05-05,24.50,25.469999,24.27,25.40,1256700,25.40
2014-05-02,25.110001,25.18,24.450001,24.74,489600,24.74
2014-05-01,25.17,25.26,24.530001,24.98,640000,24.98
2014-04-30,24.91,25.24,24.50,25.219999,636600,25.219999
2014-04-29,24.639999,24.969999,24.27,24.75,513100,24.75
2014-04-28,24.07,24.67,23.49,24.41,689300,24.41
2014-04-25,24.030001,24.43,23.799999,23.91,590600,23.91
2014-04-24,24.110001,24.49,23.51,24.290001,468000,24.290001
2014-04-23,24.690001,24.790001,23.82,24.040001,702400,24.040001
2014-04-22,24.10,25.09,24.01,24.65,847000,24.65
2014-04-21,22.950001,23.65,22.809999,23.65,567000,23.65
2014-04-17,22.75,23.16,22.280001,22.809999,674500,22.809999
2014-04-16,21.870001,22.75,21.440001,22.709999,580500,22.709999
2014-04-15,21.690001,22.139999,20.709999,21.610001,862100,21.610001
2014-04-14,21.77,22.200001,21.34,21.68,913000,21.68
2014-04-11,21.27,22.00,20.959999,21.629999,1027800,21.629999
2014-04-10,21.99,21.99,21.26,21.530001,1248800,21.530001
2014-04-09,21.120001,22.049999,21.030001,22.01,1019500,22.01
2014-04-08,20.92,21.23,20.52,21.059999,719000,21.059999
2014-04-07,21.08,21.58,20.610001,20.93,825900,20.93
2014-04-04,21.889999,22.030001,21.02,21.10,756400,21.10
2014-04-03,21.59,21.780001,21.129999,21.700001,718100,21.700001
2014-04-02,22.110001,22.25,21.440001,21.67,674500,21.67
2014-04-01,22.110001,22.65,21.76,22.120001,854800,22.120001
2014-03-31,21.16,22.07,21.07,22.00,1643000,22.00
2014-03-28,21.77,22.190001,20.93,21.00,1055500,21.00
2014-03-27,21.459999,21.870001,20.629999,21.82,1047800,21.82
2014-03-26,22.18,22.59,21.42,21.469999,736300,21.469999
2014-03-25,22.379999,22.709999,21.84,22.040001,954400,22.040001
2014-03-24,22.26,22.450001,21.629999,22.200001,941400,22.200001
2014-03-21,23.389999,23.549999,21.879999,22.200001,1719700,22.200001
2014-03-20,23.889999,24.200001,23.24,23.379999,510700,23.379999
2014-03-19,23.98,24.129999,23.690001,23.84,1048900,23.84
2014-03-18,23.73,23.98,23.51,23.969999,989100,23.969999
2014-03-17,23.559999,23.91,23.379999,23.68,1043300,23.68
2014-03-14,22.559999,23.709999,22.530001,23.41,987100,23.41
2014-03-13,22.98,23.25,22.530001,22.559999,741400,22.559999
2014-03-12,22.209999,22.91,21.879999,22.870001,672200,22.870001
2014-03-11,22.32,22.799999,22.27,22.370001,793100,22.370001
2014-03-10,22.209999,22.77,22.139999,22.610001,870900,22.610001
2014-03-07,22.780001,22.879999,22.08,22.450001,1209600,22.450001
2014-03-06,24.030001,24.120001,22.32,22.74,1268700,22.74
2014-03-05,23.85,24.18,23.43,23.99,801900,23.99
2014-03-04,23.700001,24.98,23.42,23.950001,2426800,23.950001
2014-03-03,24.540001,24.540001,21.110001,24.10,5223900,24.10
2014-02-28,26.860001,27.049999,25.700001,25.82,1188200,25.82
2014-02-27,27.50,27.549999,25.879999,26.799999,1415000,26.799999
2014-02-26,27.059999,27.709999,27.059999,27.60,755700,27.60
2014-02-25,27.98,28.00,26.809999,27.01,1338400,27.01
2014-02-24,27.540001,27.99,27.24,27.809999,2161800,27.809999
2014-02-21,25.870001,26.940001,25.73,26.48,1156800,26.48
2014-02-20,25.110001,25.85,24.879999,25.73,329300,25.73
2014-02-19,25.27,25.450001,24.84,25.110001,575500,25.110001
2014-02-18,23.98,25.799999,23.98,25.280001,1044500,25.280001
2014-02-14,24.00,24.59,23.860001,24.00,521900,24.00
2014-02-13,23.530001,24.01,23.389999,23.93,526400,23.93
2014-02-12,23.889999,24.110001,23.33,23.780001,482100,23.780001
2014-02-11,23.290001,24.00,23.209999,23.76,715100,23.76
2014-02-10,22.60,23.17,22.459999,23.17,711700,23.17
2014-02-07,22.00,22.76,22.00,22.60,413700,22.60
2014-02-06,21.83,22.02,21.379999,21.950001,529000,21.950001
2014-02-05,21.969999,22.059999,21.120001,21.68,734100,21.68
2014-02-04,22.27,22.610001,21.799999,22.040001,482000,22.040001
2014-02-03,22.629999,23.24,22.07,22.10,780000,22.10
2014-01-31,22.18,22.879999,22.00,22.700001,1168900,22.700001
2014-01-30,21.889999,22.93,21.790001,22.68,601100,22.68
2014-01-29,21.90,22.00,21.51,21.780001,820000,21.780001
2014-01-28,21.41,21.950001,21.209999,21.889999,925000,21.889999
2014-01-27,21.60,21.74,21.139999,21.299999,829200,21.299999
2014-01-24,22.52,22.559999,21.540001,21.60,679800,21.60
2014-01-23,22.370001,22.60,22.120001,22.57,614200,22.57
2014-01-22,22.66,22.66,22.33,22.389999,648000,22.389999
2014-01-21,22.620001,22.75,22.02,22.68,864100,22.68
2014-01-17,22.85,23.00,22.58,22.610001,367400,22.610001
2014-01-16,22.860001,22.99,22.639999,22.799999,427200,22.799999
2014-01-15,22.719999,23.10,22.65,22.90,1018700,22.90
2014-01-14,22.959999,23.00,22.60,22.84,704200,22.84
2014-01-13,22.709999,23.16,22.709999,22.85,1022600,22.85
2014-01-10,22.860001,23.049999,22.76,22.83,999300,22.83
2014-01-09,22.889999,23.27,22.52,22.91,1645500,22.91
2014-01-08,23.620001,23.90,22.360001,22.889999,2272700,22.889999
2014-01-07,24.16,24.58,23.879999,24.440001,485100,24.440001
2014-01-06,24.690001,24.77,23.91,24.219999,634000,24.219999
2014-01-03,24.559999,24.84,24.440001,24.59,363800,24.59
2014-01-02,24.67,24.90,24.35,24.57,363400,24.57
2013-12-31,24.700001,24.74,24.34,24.620001,619200,24.620001
2013-12-30,24.610001,24.799999,24.51,24.629999,501600,24.629999
2013-12-27,25.139999,25.389999,24.440001,24.690001,361100,24.690001
2013-12-26,24.74,25.200001,24.60,25.049999,507700,25.049999
2013-12-24,24.91,25.110001,24.440001,24.73,1014400,24.73
2013-12-23,24.98,25.139999,24.790001,25.01,556200,25.01
2013-12-20,24.790001,25.10,24.60,24.90,1406600,24.90
2013-12-19,24.940001,25.24,24.50,24.67,641500,24.67
2013-12-18,24.27,24.99,24.030001,24.940001,1238900,24.940001
2013-12-17,24.40,24.59,24.07,24.190001,662200,24.190001
2013-12-16,24.549999,24.90,24.299999,24.459999,639100,24.459999
2013-12-13,24.280001,24.690001,24.15,24.58,731200,24.58
2013-12-12,24.17,24.709999,24.00,24.18,952700,24.18
2013-12-11,24.940001,25.059999,24.200001,24.24,1110200,24.24
2013-12-10,25.360001,25.360001,24.50,24.940001,1546100,24.940001
2013-12-09,25.52,26.059999,25.15,25.48,1610900,25.48
2013-12-06,25.77,26.049999,25.58,25.76,1506800,25.76
2013-12-05,25.559999,25.620001,25.110001,25.610001,616000,25.610001
2013-12-04,25.389999,26.129999,25.16,25.629999,802600,25.629999
2013-12-03,25.32,25.549999,25.059999,25.139999,1071500,25.139999
2013-12-02,25.879999,26.00,25.26,25.41,794900,25.41
2013-11-29,25.82,26.16,25.549999,25.75,318900,25.75
2013-11-27,25.33,25.82,25.219999,25.610001,876500,25.610001
2013-11-26,25.469999,25.50,24.92,25.33,977000,25.33
2013-11-25,24.700001,25.469999,24.60,25.389999,842600,25.389999
2013-11-22,24.57,24.85,24.34,24.60,984800,24.60
2013-11-21,23.66,24.75,23.469999,24.48,941100,24.48
2013-11-20,24.309999,24.379999,23.40,23.48,771200,23.48
2013-11-19,23.43,24.219999,23.389999,23.950001,660300,23.950001
2013-11-18,23.440001,24.389999,23.309999,23.360001,2139900,23.360001
2013-11-15,21.57,23.389999,21.57,23.24,1605600,23.24
2013-11-14,21.709999,22.07,21.48,21.50,714100,21.50
2013-11-13,21.129999,21.879999,21.10,21.709999,485900,21.709999
2013-11-12,21.33,21.469999,20.889999,21.219999,614700,21.219999
2013-11-11,21.200001,21.809999,20.93,21.290001,439000,21.290001
2013-11-08,20.51,21.200001,20.51,21.16,409400,21.16
2013-11-07,20.77,20.799999,20.08,20.51,539300,20.51
2013-11-06,21.99,21.99,20.709999,20.719999,552500,20.719999
2013-11-05,20.870001,22.040001,20.870001,21.33,914100,21.33
2013-11-04,20.43,20.940001,20.290001,20.82,579600,20.82
2013-11-01,20.370001,20.620001,20.23,20.32,515800,20.32
2013-10-31,20.870001,20.950001,20.120001,20.440001,453800,20.440001
2013-10-30,21.02,21.41,20.870001,20.879999,628000,20.879999
2013-10-29,20.99,21.049999,20.66,21.040001,680500,21.040001
2013-10-28,20.73,21.24,20.65,20.879999,479600,20.879999
2013-10-25,20.73,20.870001,20.59,20.780001,650900,20.780001
2013-10-24,20.959999,20.98,20.59,20.65,611600,20.65
2013-10-23,20.610001,20.92,20.35,20.91,354900,20.91
2013-10-22,20.540001,20.889999,20.309999,20.75,408900,20.75
2013-10-21,20.790001,21.00,20.209999,20.42,763300,20.42
2013-10-18,20.75,20.99,20.57,20.74,610600,20.74
2013-10-17,19.959999,20.66,19.879999,20.610001,552900,20.610001
2013-10-16,19.940001,20.23,19.790001,19.940001,567000,19.940001
2013-10-15,19.969999,20.17,19.620001,19.860001,558600,19.860001
2013-10-14,19.709999,20.07,19.549999,19.950001,467800,19.950001
2013-10-11,20.059999,20.129999,19.76,19.85,467100,19.85
2013-10-10,19.66,20.42,19.559999,20.110001,1325000,20.110001
2013-10-09,19.67,19.67,19.030001,19.440001,826600,19.440001
2013-10-08,20.049999,20.15,19.35,19.57,773500,19.57
2013-10-07,20.25,20.35,19.83,20.059999,756700,20.059999
2013-10-04,20.049999,20.60,20.049999,20.360001,516100,20.360001
2013-10-03,20.27,20.42,19.84,20.15,863200,20.15
2013-10-02,20.49,20.49,20.17,20.219999,611700,20.219999
2013-10-01,19.67,20.52,19.629999,20.49,1502800,20.49
2013-09-30,18.92,20.219999,18.77,19.68,2291400,19.68
2013-09-27,18.60,19.219999,18.440001,18.98,694200,18.98
2013-09-26,18.639999,18.90,18.440001,18.610001,973500,18.610001
2013-09-25,18.540001,18.75,18.24,18.27,829300,18.27
2013-09-24,18.66,18.870001,18.48,18.60,354400,18.60
2013-09-23,18.59,18.870001,18.16,18.67,480900,18.67
2013-09-20,18.74,18.75,18.440001,18.59,1024500,18.59
2013-09-19,18.74,18.950001,18.67,18.75,394000,18.75
2013-09-18,18.90,19.040001,18.66,18.780001,587400,18.780001
2013-09-17,18.370001,18.959999,18.110001,18.90,471000,18.90
2013-09-16,18.68,18.860001,18.40,18.43,670700,18.43
2013-09-13,18.27,18.809999,18.25,18.60,1223100,18.60
2013-09-12,18.58,18.620001,18.219999,18.24,883300,18.24
2013-09-11,19.25,19.299999,18.530001,18.58,827900,18.58
2013-09-10,19.16,19.459999,19.16,19.299999,774600,19.299999
2013-09-09,18.969999,19.290001,18.950001,19.15,876500,19.15
2013-09-06,18.83,19.370001,18.52,18.950001,1739900,18.950001
2013-09-05,18.65,18.780001,18.459999,18.75,904400,18.75
2013-09-04,18.129999,18.73,18.120001,18.57,791100,18.57
2013-09-03,17.959999,18.209999,17.77,18.00,646000,18.00
2013-08-30,18.26,18.309999,17.870001,17.969999,551900,17.969999
2013-08-29,18.33,18.57,18.16,18.299999,1129800,18.299999
2013-08-28,18.09,18.35,17.93,18.290001,1358200,18.290001
2013-08-27,18.059999,18.98,17.870001,18.02,4605100,18.02
2013-08-26,16.17,16.74,16.00,16.440001,452400,16.440001
2013-08-23,16.48,16.58,16.18,16.190001,398400,16.190001
2013-08-22,16.370001,16.52,16.309999,16.50,168000,16.50
2013-08-21,16.27,16.60,16.15,16.290001,590500,16.290001
2013-08-20,16.120001,16.41,16.08,16.32,399600,16.32
2013-08-19,16.24,16.48,16.059999,16.15,519900,16.15
2013-08-16,16.01,16.48,16.01,16.290001,408400,16.290001
2013-08-15,16.360001,16.360001,16.030001,16.110001,578600,16.110001
2013-08-14,15.94,16.110001,15.88,15.99,349800,15.99
2013-08-13,15.99,16.09,15.84,15.93,349800,15.93
2013-08-12,15.97,16.059999,15.85,15.98,537900,15.98
2013-08-09,15.91,16.059999,15.76,15.97,442600,15.97
2013-08-08,15.96,16.02,15.85,15.87,716400,15.87
2013-08-07,15.33,15.90,15.17,15.82,1438000,15.82
2013-08-06,14.62,16.40,14.61,15.32,1858100,15.32
2013-08-05,14.11,14.49,14.11,14.31,467400,14.31
2013-08-02,14.54,14.64,14.12,14.14,420600,14.14
2013-08-01,14.29,14.61,14.19,14.59,571400,14.59
2013-07-31,14.01,14.28,14.01,14.19,755900,14.19
2013-07-30,13.93,14.16,13.89,14.00,265300,14.00
2013-07-29,13.88,14.00,13.61,13.86,311100,13.86
2013-07-26,13.73,13.99,13.55,13.91,287100,13.91
2013-07-25,13.60,13.91,13.43,13.84,344600,13.84
2013-07-24,13.53,13.58,13.40,13.56,452300,13.56
2013-07-23,13.53,13.59,13.34,13.44,382800,13.44
2013-07-22,13.91,13.99,13.54,13.55,486000,13.55
2013-07-19,13.49,14.02,13.49,13.95,317100,13.95
2013-07-18,13.47,13.63,13.36,13.56,2887000,13.56
2013-07-17,13.77,14.05,13.40,13.43,544600,13.43
2013-07-16,13.96,14.02,13.87,14.00,230100,14.00
2013-07-15,14.33,14.41,13.74,13.99,624100,13.99
2013-07-12,14.16,14.48,14.08,14.34,305400,14.34
2013-07-11,14.03,14.21,13.97,14.20,371200,14.20
2013-07-10,13.79,13.98,13.76,13.94,243200,13.94
2013-07-09,13.78,13.86,13.58,13.76,380400,13.76
2013-07-08,13.80,13.87,13.62,13.75,270000,13.75
2013-07-05,13.88,13.90,13.60,13.81,261000,13.81
2013-07-03,13.70,13.87,13.53,13.74,143500,13.74
2013-07-02,13.70,13.90,13.52,13.71,273100,13.71
2013-07-01,13.60,13.94,13.58,13.75,546700,13.75
2013-06-28,13.77,13.84,13.51,13.52,528700,13.52
2013-06-27,13.69,13.75,13.49,13.69,447000,13.69
2013-06-26,13.61,13.74,13.37,13.58,440000,13.58
2013-06-25,13.73,13.80,13.43,13.51,462000,13.51
2013-06-24,13.15,13.66,12.97,13.61,1156300,13.61
2013-06-21,13.01,13.69,13.01,13.22,1098100,13.22
2013-06-20,13.12,13.29,12.91,12.98,1036500,12.98
2013-06-19,13.45,13.57,13.21,13.24,455900,13.24
2013-06-18,13.57,13.71,13.35,13.49,1036000,13.49
2013-06-17,13.59,13.78,13.46,13.52,480300,13.52
2013-06-14,13.55,13.72,13.47,13.55,437900,13.55
2013-06-13,13.65,13.69,13.41,13.61,767300,13.61
2013-06-12,13.94,13.94,13.62,13.66,600100,13.66
2013-06-11,13.84,14.11,13.69,13.89,304300,13.89
2013-06-10,14.10,14.18,13.90,13.96,567600,13.96
2013-06-07,13.62,14.12,13.61,14.03,627300,14.03
2013-06-06,13.67,13.77,13.48,13.52,822200,13.52
2013-06-05,13.69,13.78,13.46,13.62,611900,13.62
2013-06-04,14.33,14.44,13.68,13.74,711700,13.74
2013-06-03,14.57,14.76,14.14,14.35,536700,14.35
2013-05-31,14.62,14.78,14.51,14.53,370200,14.53
2013-05-30,14.71,14.90,14.57,14.71,228600,14.71
2013-05-29,14.72,14.83,14.39,14.69,307400,14.69
2013-05-28,14.78,15.00,14.63,14.84,367600,14.84
2013-05-24,14.50,14.66,14.41,14.59,308600,14.59
2013-05-23,14.45,14.62,14.33,14.59,541200,14.59
2013-05-22,14.83,14.99,14.47,14.55,377400,14.55
2013-05-21,14.87,14.97,14.65,14.83,259700,14.83
2013-05-20,14.51,14.90,14.47,14.83,762500,14.83
2013-05-17,14.47,14.58,14.37,14.50,287700,14.50
2013-05-16,14.52,14.71,14.41,14.45,580100,14.45
2013-05-15,14.36,14.64,14.33,14.57,502600,14.57
2013-05-14,14.24,14.55,14.24,14.40,979200,14.40
2013-05-13,14.23,14.40,14.19,14.27,254000,14.27
2013-05-10,14.05,14.35,13.93,14.25,343500,14.25
2013-05-09,14.06,14.16,13.75,14.00,565200,14.00
2013-05-08,14.04,14.21,13.90,14.10,638900,14.10
2013-05-07,13.53,14.23,12.86,14.02,3532700,14.02
2013-05-06,15.33,15.39,15.00,15.15,605700,15.15
2013-05-03,15.18,15.49,15.16,15.36,721600,15.36
2013-05-02,14.74,15.05,14.71,15.05,285100,15.05
2013-05-01,15.00,15.00,14.69,14.69,681600,14.69
2013-04-30,15.09,15.22,14.94,15.05,569800,15.05
2013-04-29,14.79,15.08,14.71,15.05,303400,15.05
2013-04-26,14.98,15.03,14.70,14.70,303200,14.70
2013-04-25,14.69,15.16,14.51,15.00,546400,15.00
2013-04-24,14.87,15.00,14.62,14.62,549400,14.62
2013-04-23,14.83,15.20,14.74,14.91,834900,14.91
2013-04-22,14.44,14.83,14.19,14.75,675800,14.75
2013-04-19,14.12,14.54,14.10,14.39,669800,14.39
2013-04-18,14.30,14.40,14.00,14.11,462700,14.11
2013-04-17,14.25,14.46,14.05,14.28,533900,14.28
2013-04-16,14.21,14.47,14.15,14.35,651600,14.35
2013-04-15,13.99,14.30,13.89,14.16,1128900,14.16
2013-04-12,13.52,14.12,13.33,14.10,578400,14.10
2013-04-11,13.78,13.89,13.58,13.61,233300,13.61
2013-04-10,13.41,13.82,13.30,13.79,490900,13.79
2013-04-09,13.53,13.55,13.37,13.37,192700,13.37
2013-04-08,13.50,13.55,13.35,13.47,206000,13.47
2013-04-05,13.29,13.51,13.25,13.50,427300,13.50
2013-04-04,13.47,13.54,13.35,13.50,252100,13.50
2013-04-03,13.77,13.86,13.41,13.41,350100,13.41
2013-04-02,13.84,14.00,13.68,13.76,587900,13.76
2013-04-01,13.83,13.98,13.60,13.81,1079300,13.81
2013-03-28,13.75,13.96,13.75,13.83,475000,13.83
2013-03-27,13.40,13.85,13.34,13.79,687000,13.79
2013-03-26,13.40,13.51,13.40,13.48,405100,13.48
2013-03-25,13.35,13.49,13.32,13.37,535900,13.37
2013-03-22,13.43,13.44,13.25,13.30,499200,13.30
2013-03-21,13.30,13.59,13.30,13.39,742200,13.39
2013-03-20,13.45,13.52,13.24,13.26,383900,13.26
2013-03-19,13.54,13.66,13.30,13.43,359900,13.43
2013-03-18,13.69,13.74,13.47,13.51,952700,13.51
2013-03-15,13.94,13.98,13.77,13.78,1085900,13.78
2013-03-14,13.99,14.20,13.79,13.96,749600,13.96
2013-03-13,14.27,14.29,13.94,13.98,711200,13.98
2013-03-12,14.29,14.43,14.21,14.31,497100,14.31
2013-03-11,14.26,14.42,14.17,14.33,358100,14.33
2013-03-08,13.97,14.32,13.90,14.32,432800,14.32
2013-03-07,13.81,13.94,13.77,13.87,234300,13.87
2013-03-06,13.88,13.90,13.72,13.82,671000,13.82
2013-03-05,13.89,14.00,13.80,13.87,980000,13.87
2013-03-04,13.75,13.98,13.59,13.90,600200,13.90
2013-03-01,13.64,13.96,13.49,13.82,709500,13.82
2013-02-28,12.98,14.00,12.97,13.81,1015400,13.81
2013-02-27,13.06,13.14,12.84,12.97,543400,12.97
2013-02-26,12.80,13.20,12.56,13.11,1645500,13.11
2013-02-25,12.80,12.88,12.50,12.56,853000,12.56
2013-02-22,12.96,13.07,12.75,12.77,417700,12.77
2013-02-21,13.02,13.03,12.73,12.88,483500,12.88
2013-02-20,12.97,13.36,12.94,13.07,410000,13.07
2013-02-19,12.87,13.02,12.72,13.00,531200,13.00
2013-02-15,12.99,13.06,12.78,12.82,340600,12.82
2013-02-14,12.93,13.00,12.83,12.91,262200,12.91
2013-02-13,12.99,13.05,12.83,12.97,389500,12.97
2013-02-12,13.13,13.26,12.93,12.94,893000,12.94
2013-02-11,13.23,13.32,13.06,13.09,481200,13.09
2013-02-08,13.00,13.22,12.98,13.21,704400,13.21
2013-02-07,13.20,13.25,12.79,12.96,812300,12.96
2013-02-06,12.78,13.22,12.73,13.19,1943800,13.19
2013-02-05,12.67,12.85,12.67,12.80,685500,12.80
2013-02-04,12.70,13.05,12.58,12.64,810500,12.64
2013-02-01,13.17,13.18,12.63,12.80,1040300,12.80
2013-01-31,12.54,13.13,12.54,13.09,868300,13.09
2013-01-30,13.34,13.34,12.44,12.52,1420100,12.52
2013-01-29,13.77,13.79,12.92,13.41,1616800,13.41
2013-01-28,14.41,14.50,13.81,13.82,692700,13.82
2013-01-25,14.35,14.55,14.31,14.46,517300,14.46
2013-01-24,14.37,14.51,14.22,14.31,611800,14.31
2013-01-23,14.18,14.39,14.08,14.24,506900,14.24
2013-01-22,14.40,14.42,14.09,14.20,500000,14.20
2013-01-18,14.29,14.55,13.81,14.40,2606800,14.40
2013-01-17,14.13,14.70,13.45,14.25,2465000,14.25
2013-01-16,14.19,14.33,13.98,14.00,1110400,14.00
2013-01-15,13.80,14.27,13.73,14.20,702300,14.20
2013-01-14,14.07,14.68,13.80,13.84,1654600,13.84
2013-01-11,14.16,14.20,13.85,14.09,831900,14.09
2013-01-10,14.10,14.18,13.95,14.13,503000,14.13
2013-01-09,14.07,14.24,13.99,14.02,556000,14.02
2013-01-08,13.69,14.09,13.67,14.06,371000,14.06
2013-01-07,13.65,13.66,13.40,13.64,283900,13.64
2013-01-04,13.62,13.75,13.48,13.53,476500,13.53
2013-01-03,13.53,13.67,13.48,13.54,399500,13.54
2013-01-02,13.69,13.74,13.49,13.59,515600,13.59
2012-12-31,13.08,13.40,12.93,13.36,591200,13.36
2012-12-28,13.21,13.30,13.01,13.03,407900,13.03
2012-12-27,13.03,13.38,12.97,13.30,609500,13.30
2012-12-26,13.23,13.25,13.01,13.06,432000,13.06
2012-12-24,13.31,13.32,13.07,13.23,232400,13.23
2012-12-21,13.20,13.40,13.00,13.29,1753300,13.29
2012-12-20,13.52,13.65,13.28,13.30,510100,13.30
2012-12-19,13.25,13.60,13.21,13.55,585700,13.55
2012-12-18,12.96,13.32,12.78,13.28,431500,13.28
2012-12-17,12.96,13.13,12.75,12.90,927100,12.90
2012-12-14,13.10,13.11,12.73,12.77,717100,12.77
2012-12-13,13.35,13.43,13.06,13.10,494800,13.10
2012-12-12,13.42,13.75,13.23,13.38,1042600,13.38
2012-12-11,12.97,13.53,12.94,13.51,896600,13.51
2012-12-10,12.72,13.10,12.67,12.97,512700,12.97
2012-12-07,12.99,13.04,12.67,12.69,384600,12.69
2012-12-06,12.77,13.24,12.66,12.95,1359000,12.95
2012-12-05,13.43,13.51,13.17,13.23,356500,13.23
2012-12-04,13.23,13.48,13.11,13.36,766700,13.36
2012-12-03,13.46,13.48,13.12,13.19,603900,13.19
2012-11-30,13.60,13.64,13.39,13.49,482600,13.49
2012-11-29,13.27,13.77,13.20,13.57,857400,13.57
2012-11-28,12.99,13.24,12.85,13.22,705000,13.22
2012-11-27,12.98,13.24,12.91,12.99,520800,12.99
2012-11-26,12.92,13.07,12.86,13.00,654300,13.00
2012-11-23,13.00,13.00,12.90,12.95,214200,12.95
2012-11-21,12.92,13.01,12.88,12.97,397800,12.97
2012-11-20,12.89,13.00,12.84,12.91,582700,12.91
2012-11-19,12.86,13.06,12.75,12.96,568800,12.96
2012-11-16,12.50,12.82,12.50,12.76,472900,12.76
2012-11-15,12.49,12.68,12.41,12.55,920300,12.55
2012-11-14,12.78,12.91,12.43,12.46,809800,12.46
2012-11-13,12.79,12.99,12.71,12.76,580000,12.76
2012-11-12,12.68,13.02,12.64,12.79,798300,12.79
2012-11-09,12.64,13.05,12.51,12.62,763100,12.62
2012-11-08,12.84,12.87,12.48,12.65,794500,12.65
2012-11-07,12.23,13.05,12.14,12.82,1326300,12.82
2012-11-06,12.57,12.75,11.73,12.38,2190300,12.38
2012-11-05,12.28,12.58,12.21,12.50,600100,12.50
2012-11-02,12.39,12.39,12.16,12.26,603900,12.26
2012-11-01,11.99,12.45,11.74,12.32,690800,12.32
2012-10-31,12.32,12.32,11.81,12.01,554900,12.01
2012-10-26,12.49,12.57,12.19,12.28,317800,12.28
2012-10-25,12.78,12.85,12.36,12.53,483500,12.53
2012-10-24,12.68,13.01,12.59,12.69,717500,12.69
2012-10-23,12.40,12.58,12.25,12.53,397100,12.53
2012-10-22,12.46,12.57,12.32,12.50,473100,12.50
2012-10-19,12.86,12.86,12.44,12.51,531900,12.51
2012-10-18,13.03,13.09,12.75,12.99,668700,12.99
2012-10-17,13.03,13.14,12.96,13.07,515500,13.07
2012-10-16,12.61,13.04,12.51,13.01,713500,13.01
2012-10-15,13.07,13.07,12.39,12.51,1087500,12.51
2012-10-12,12.95,13.26,12.85,13.11,566400,13.11
2012-10-11,12.94,13.30,12.71,12.91,610000,12.91
2012-10-10,12.96,13.21,12.75,12.88,794800,12.88
2012-10-09,13.33,13.50,12.60,12.98,1141700,12.98
2012-10-08,13.38,13.65,13.30,13.42,483800,13.42
2012-10-05,13.36,13.72,13.16,13.46,1260900,13.46
2012-10-04,13.31,13.41,13.10,13.34,785100,13.34
2012-10-03,13.07,13.27,12.82,13.24,1031200,13.24
2012-10-02,13.21,13.21,12.94,13.01,762200,13.01
2012-10-01,13.33,13.57,12.98,13.00,1170300,13.00
2012-09-28,13.17,13.27,13.06,13.22,830900,13.22
2012-09-27,13.10,13.40,13.00,13.24,1973000,13.24
2012-09-26,12.25,12.76,12.09,12.70,3184800,12.70
2012-09-25,12.51,12.66,11.99,12.04,2042600,12.04
2012-09-24,12.89,12.97,12.45,12.50,2142800,12.50
2012-09-21,13.10,13.33,12.90,12.97,1623600,12.97
2012-09-20,13.09,13.28,12.70,13.09,1189900,13.09
2012-09-19,14.19,14.19,13.15,13.22,1751100,13.22
2012-09-18,14.40,14.40,14.02,14.12,855700,14.12
2012-09-17,14.20,14.42,13.97,14.40,799700,14.40
2012-09-14,14.71,14.72,13.94,14.30,1540400,14.30
2012-09-13,14.51,14.72,14.39,14.66,728800,14.66
2012-09-12,14.58,14.65,14.29,14.63,1174600,14.63
2012-09-11,14.57,14.58,14.31,14.52,816700,14.52
2012-09-10,14.57,14.61,14.39,14.55,507600,14.55
2012-09-07,14.92,14.92,14.40,14.56,1200500,14.56
2012-09-06,14.66,14.95,14.61,14.83,902100,14.83
2012-09-05,14.50,14.72,14.44,14.61,1077100,14.61
2012-09-04,13.87,14.64,13.84,14.53,1664800,14.53
2012-08-31,13.54,13.92,13.21,13.84,926000,13.84
2012-08-30,13.35,13.53,13.31,13.47,328600,13.47
2012-08-29,13.25,13.70,13.12,13.44,759600,13.44
2012-08-28,13.40,13.62,13.16,13.27,918700,13.27
2012-08-27,13.29,14.00,13.28,13.43,1214600,13.43
2012-08-24,12.79,13.41,12.76,13.30,966100,13.30
2012-08-23,12.81,12.96,12.61,12.84,666400,12.84
2012-08-22,12.86,13.12,12.72,12.85,1060200,12.85
2012-08-21,13.04,13.14,12.70,12.84,1368200,12.84
2012-08-20,12.69,13.07,12.63,13.02,1018500,13.02
2012-08-17,12.63,12.79,12.41,12.78,803300,12.78
2012-08-16,12.92,12.95,12.58,12.66,766000,12.66
2012-08-15,12.72,13.26,12.67,12.96,939600,12.96
2012-08-14,12.84,12.95,12.60,12.72,847400,12.72
2012-08-13,12.89,13.14,12.72,12.86,1132500,12.86
2012-08-10,13.20,13.27,12.42,12.95,2086800,12.95
2012-08-09,13.69,13.78,13.25,13.31,1645800,13.31
2012-08-08,13.87,13.96,13.36,13.64,1375200,13.64
2012-08-07,13.66,14.57,13.60,13.96,1710800,13.96
2012-08-06,13.40,13.77,13.31,13.36,1081900,13.36
2012-08-03,13.49,13.79,13.30,13.35,643500,13.35
2012-08-02,13.26,13.57,13.13,13.30,699700,13.30
2012-08-01,13.69,13.78,13.24,13.34,1492100,13.34
2012-07-31,13.97,14.16,13.63,13.67,937300,13.67
2012-07-30,14.10,14.23,13.78,14.07,1322400,14.07
2012-07-27,14.12,14.29,14.07,14.13,652200,14.13
2012-07-26,14.12,14.50,14.02,14.10,1431700,14.10
2012-07-25,13.57,14.10,13.53,14.04,2412900,14.04
2012-07-24,13.70,13.80,13.40,13.53,1635500,13.53
2012-07-23,14.02,14.03,13.02,13.73,3649900,13.73
2012-07-20,15.17,15.23,14.56,14.90,1604100,14.90
2012-07-19,16.040001,16.040001,14.93,15.29,1949000,15.29
2012-07-18,16.209999,16.379999,15.96,16.01,921600,16.01
2012-07-17,16.32,16.42,16.00,16.200001,794500,16.200001
2012-07-16,16.23,16.34,15.91,16.209999,794400,16.209999
2012-07-13,16.48,16.700001,16.34,16.35,1192000,16.35
2012-07-12,16.139999,16.49,15.91,16.360001,1104700,16.360001
2012-07-11,15.82,16.34,15.68,16.290001,2972300,16.290001
2012-07-10,16.75,16.75,15.60,15.79,1654500,15.79
2012-07-09,15.94,16.870001,15.88,16.549999,2565900,16.549999
2012-07-06,16.35,16.40,15.60,15.74,1338400,15.74
2012-07-05,16.41,16.700001,16.389999,16.459999,779000,16.459999
2012-07-03,16.35,16.49,16.23,16.379999,399800,16.379999
2012-07-02,15.80,16.25,15.78,16.23,1518100,16.23
2012-06-29,15.87,15.97,15.64,15.77,842500,15.77
2012-06-28,15.70,15.83,14.74,15.45,1664100,15.45
2012-06-27,15.85,16.02,15.76,15.77,767800,15.77
2012-06-26,15.63,16.09,15.60,15.82,2158100,15.82
2012-06-25,15.07,15.78,15.04,15.57,1274900,15.57
2012-06-22,14.85,15.38,14.77,15.13,1815500,15.13
2012-06-21,14.98,15.20,14.67,14.72,973500,14.72
2012-06-20,15.14,15.36,14.95,14.98,1133300,14.98
2012-06-19,14.89,15.13,14.84,15.06,868600,15.06
2012-06-18,14.62,14.95,14.50,14.80,828000,14.80
2012-06-15,14.42,14.81,14.30,14.60,2256600,14.60
2012-06-14,14.50,14.55,14.16,14.44,1112600,14.44
2012-06-13,14.69,14.77,14.37,14.44,869700,14.44
2012-06-12,14.31,14.71,14.25,14.63,663900,14.63
2012-06-11,14.82,14.98,14.36,14.37,1479300,14.37
2012-06-08,14.05,14.62,13.91,14.48,1048600,14.48
2012-06-07,14.23,14.40,13.96,14.11,769500,14.11
2012-06-06,14.24,14.50,13.72,13.98,1573100,13.98
2012-06-05,13.80,14.44,13.68,14.14,1636500,14.14
2012-06-04,13.36,13.89,13.24,13.85,886100,13.85
2012-06-01,13.46,13.58,13.24,13.30,786300,13.30
2012-05-31,13.75,13.79,13.35,13.65,885200,13.65
2012-05-30,13.77,13.98,13.55,13.79,882700,13.79
2012-05-29,13.83,13.96,13.39,13.82,1021100,13.82
2012-05-25,13.64,13.71,13.49,13.70,899900,13.70
2012-05-24,13.61,13.62,13.30,13.59,645000,13.59
2012-05-23,13.71,13.75,13.21,13.60,938000,13.60
2012-05-22,13.54,13.87,13.50,13.63,2022300,13.63
2012-05-21,13.01,13.55,12.95,13.50,1212200,13.50
2012-05-18,12.87,13.09,12.79,12.95,1136700,12.95
2012-05-17,13.12,13.12,12.83,12.88,1012400,12.88
2012-05-16,13.07,13.20,12.97,13.05,1094900,13.05
2012-05-15,12.95,13.25,12.95,13.03,794900,13.03
2012-05-14,12.60,13.09,12.57,12.95,1288000,12.95
2012-05-11,12.27,12.75,12.27,12.75,818300,12.75
2012-05-10,12.42,12.50,12.30,12.39,609000,12.39
2012-05-09,12.22,12.59,12.21,12.25,1068700,12.25
2012-05-08,11.74,12.35,11.19,12.33,1898100,12.33
2012-05-07,12.01,12.26,11.86,12.22,758000,12.22
2012-05-04,12.38,12.53,12.06,12.07,912400,12.07
2012-05-03,12.21,12.55,12.21,12.51,1236700,12.51
2012-05-02,12.00,12.29,11.92,12.26,575000,12.26
2012-05-01,12.12,12.43,12.03,12.07,669100,12.07
2012-04-30,12.25,12.39,12.07,12.13,1160800,12.13
2012-04-27,11.74,12.30,11.70,12.26,1052800,12.26
2012-04-26,11.78,11.89,11.64,11.73,440900,11.73
2012-04-25,11.70,11.96,11.61,11.84,777200,11.84
2012-04-24,11.69,11.70,11.50,11.59,746600,11.59
2012-04-23,11.34,11.83,11.34,11.71,1461900,11.71
2012-04-20,11.31,11.75,11.29,11.56,1318900,11.56
2012-04-19,11.19,11.39,11.09,11.17,768500,11.17
2012-04-18,10.98,11.22,10.86,11.15,882800,11.15
2012-04-17,10.61,11.17,10.59,11.03,1338300,11.03
2012-04-16,11.40,11.49,10.53,10.58,2192900,10.58
2012-04-13,11.50,11.57,10.92,11.34,1826600,11.34
2012-04-12,11.48,11.89,11.48,11.57,869400,11.57
2012-04-11,11.78,11.87,11.53,11.62,1725100,11.62
2012-04-10,12.50,12.75,11.55,11.62,2608800,11.62
2012-04-09,11.82,11.89,11.60,11.68,582000,11.68
2012-04-05,11.77,12.06,11.77,11.99,689700,11.99
2012-04-04,12.01,12.11,11.79,11.80,710600,11.80
2012-04-03,11.84,12.25,11.76,12.11,573500,12.11
2012-04-02,11.67,11.92,11.46,11.84,965700,11.84
2012-03-30,11.87,12.07,11.65,11.70,603300,11.70
2012-03-29,11.85,11.91,11.65,11.85,833400,11.85
2012-03-28,12.20,12.28,11.77,11.94,1620000,11.94
2012-03-27,12.38,12.47,12.13,12.14,1497600,12.14
2012-03-26,12.39,12.54,12.30,12.35,700100,12.35
2012-03-23,12.36,12.39,12.10,12.27,431000,12.27
2012-03-22,11.95,12.34,11.79,12.34,580500,12.34
2012-03-21,12.13,12.18,11.91,12.01,882200,12.01
2012-03-20,12.22,12.29,12.06,12.13,667000,12.13
2012-03-19,12.55,12.60,12.25,12.28,857900,12.28
2012-03-16,12.02,12.55,12.00,12.54,2235900,12.54
2012-03-15,11.88,12.24,11.85,12.12,753000,12.12
2012-03-14,11.95,12.02,11.79,11.94,875700,11.94
2012-03-13,11.82,12.00,11.59,11.94,1309200,11.94
2012-03-12,11.90,12.01,11.53,11.80,1040200,11.80
2012-03-09,11.90,12.06,11.73,11.92,1074100,11.92
2012-03-08,11.95,12.00,11.52,11.91,1598900,11.91
2012-03-07,11.35,12.10,11.30,11.91,2132100,11.91
2012-03-06,12.45,12.50,11.00,11.26,3811200,11.26
2012-03-05,12.81,12.90,12.49,12.58,1582300,12.58
2012-03-02,12.95,12.99,12.75,12.87,923500,12.87
2012-03-01,12.59,13.09,12.50,12.93,1284700,12.93
2012-02-29,12.86,13.00,12.52,12.53,1159300,12.53
2012-02-28,12.73,12.89,12.60,12.85,1287300,12.85
2012-02-27,12.66,12.71,12.46,12.61,729000,12.61
2012-02-24,12.43,12.78,12.42,12.72,1105900,12.72
2012-02-23,12.00,12.91,11.96,12.82,1553600,12.82
2012-02-22,11.88,11.97,11.74,11.89,874500,11.89
2012-02-21,12.34,12.51,11.64,11.98,2032700,11.98
2012-02-17,12.60,12.60,12.22,12.31,836300,12.31
2012-02-16,12.21,12.60,12.16,12.58,1099400,12.58
2012-02-15,12.59,12.60,12.18,12.25,1428500,12.25
2012-02-14,12.79,12.80,12.32,12.54,2360300,12.54
2012-02-13,12.64,12.88,12.59,12.78,9739800,12.78
2012-02-10,12.38,12.50,12.03,12.48,2673200,12.48
2012-02-09,11.99,12.12,11.79,11.96,730400,11.96
2012-02-08,11.82,12.01,11.70,12.01,854700,12.01
2012-02-07,12.03,12.03,11.69,11.80,726100,11.80
2012-02-06,12.09,12.25,11.90,11.98,831200,11.98
2012-02-03,11.77,12.25,11.61,12.09,1414900,12.09
2012-02-02,11.75,11.87,11.38,11.64,1332600,11.64
2012-02-01,11.50,11.97,11.46,11.72,1580000,11.72
2012-01-31,11.16,11.55,10.90,11.46,1227600,11.46
2012-01-30,11.05,11.13,10.99,11.08,631400,11.08
2012-01-27,10.99,11.27,10.98,11.12,542100,11.12
2012-01-26,11.06,11.19,10.85,11.03,991000,11.03
2012-01-25,11.29,11.31,10.98,11.05,1442700,11.05
2012-01-24,10.92,11.37,10.89,11.23,1014400,11.23
2012-01-23,10.93,10.99,10.80,10.94,873100,10.94
2012-01-20,11.18,11.33,10.89,10.92,986200,10.92
2012-01-19,11.65,11.65,11.16,11.17,819000,11.17
2012-01-18,10.88,11.61,10.82,11.56,1975300,11.56
2012-01-17,11.04,11.14,10.71,10.78,1530100,10.78
2012-01-13,10.58,11.00,10.57,10.94,537200,10.94
2012-01-12,11.07,11.11,10.52,10.74,1382500,10.74
2012-01-11,11.27,11.40,10.92,11.04,679000,11.04
2012-01-10,11.18,11.50,11.06,11.30,1355300,11.30
2012-01-09,11.00,11.13,10.95,11.08,850200,11.08
2012-01-06,11.18,11.25,10.88,10.91,863500,10.91
2012-01-05,11.02,11.11,10.85,11.08,1219700,11.08
2012-01-04,11.05,11.25,10.99,11.01,973500,11.01
2012-01-03,11.31,11.31,10.91,11.05,2377300,11.05
2011-12-30,11.25,11.27,11.07,11.12,755200,11.12
2011-12-29,11.22,11.25,11.09,11.22,764500,11.22
2011-12-28,11.46,11.46,11.14,11.14,561800,11.14
2011-12-27,11.50,11.58,11.39,11.46,511600,11.46
2011-12-23,11.58,11.73,11.12,11.49,1797000,11.49
2011-12-22,10.96,11.77,10.93,11.48,2271400,11.48
2011-12-21,11.10,11.10,10.72,10.99,803100,10.99
2011-12-20,10.99,11.23,10.86,11.16,994700,11.16
2011-12-19,11.00,11.39,10.84,10.89,1272400,10.89
2011-12-16,10.50,10.97,10.46,10.94,1770200,10.94
2011-12-15,10.11,10.62,10.10,10.47,1780600,10.47
2011-12-14,10.68,10.75,9.47,9.97,3222800,9.97
2011-12-13,10.76,11.14,10.64,10.70,1278600,10.70
2011-12-12,10.86,10.95,10.53,10.66,990500,10.66
2011-12-09,10.46,10.96,10.40,10.90,1484100,10.90
2011-12-08,10.71,10.86,10.31,10.38,1334500,10.38
2011-12-07,10.77,10.87,10.52,10.80,911900,10.80
2011-12-06,10.77,10.83,10.55,10.77,912600,10.77
2011-12-05,10.93,11.14,10.69,10.79,1457900,10.79
2011-12-02,10.95,10.99,10.78,10.83,1188000,10.83
2011-12-01,10.75,10.90,10.56,10.85,1154700,10.85
2011-11-30,10.52,10.85,10.40,10.76,2593600,10.76
2011-11-29,9.90,10.40,9.84,10.36,2106700,10.36
2011-11-28,9.57,10.07,9.49,10.07,1471000,10.07
2011-11-25,9.40,9.48,9.20,9.30,250700,9.30
2011-11-23,9.53,9.63,9.27,9.43,964500,9.43
2011-11-22,8.93,9.68,8.90,9.63,1407700,9.63
2011-11-21,8.76,9.01,8.75,8.97,977400,8.97
2011-11-18,9.18,9.23,8.98,9.02,530700,9.02
2011-11-17,9.14,9.33,9.03,9.19,668200,9.19
2011-11-16,9.26,9.34,9.10,9.11,555800,9.11
2011-11-15,9.23,9.36,9.05,9.33,539600,9.33
2011-11-14,9.29,9.37,9.03,9.24,825000,9.24
2011-11-11,9.11,9.36,9.11,9.28,514700,9.28
2011-11-10,8.99,9.17,8.75,9.00,855100,9.00
2011-11-09,9.24,9.29,8.74,8.85,1037600,8.85
2011-11-08,9.29,9.43,9.12,9.40,851400,9.40
2011-11-07,9.37,9.49,9.15,9.21,949100,9.21
2011-11-04,9.75,9.78,9.31,9.39,1048000,9.39
2011-11-03,9.90,9.90,9.61,9.80,911300,9.80
2011-11-02,9.93,10.00,9.48,9.83,1880900,9.83
2011-11-01,8.99,10.35,8.85,9.89,5710200,9.89
2011-10-31,9.36,9.48,8.98,8.99,1556900,8.99
2011-10-28,9.06,9.50,8.99,9.42,1506800,9.42
2011-10-27,9.24,9.35,8.99,9.07,1439300,9.07
2011-10-26,9.01,9.19,8.76,9.02,918400,9.02
2011-10-25,8.90,9.16,8.51,8.88,1583500,8.88
2011-10-24,8.82,9.04,8.67,8.97,1302300,8.97
2011-10-21,8.16,8.67,8.11,8.67,1136900,8.67
2011-10-20,8.08,8.12,7.84,8.04,550400,8.04
2011-10-19,8.39,8.48,7.98,8.05,581300,8.05
2011-10-18,8.43,8.49,8.16,8.36,738500,8.36
2011-10-17,8.86,8.86,8.41,8.44,605600,8.44
2011-10-14,8.96,8.97,8.75,8.88,961800,8.88
2011-10-13,8.18,8.91,8.18,8.88,1482500,8.88
2011-10-12,8.25,8.31,8.09,8.19,687700,8.19
2011-10-11,7.84,8.23,7.78,8.17,895500,8.17
2011-10-10,7.63,8.10,7.63,7.86,899800,7.86
2011-10-07,7.81,7.85,7.55,7.57,1060600,7.57
2011-10-06,7.58,7.85,7.54,7.77,710500,7.77
2011-10-05,7.45,7.77,7.31,7.58,1078400,7.58
2011-10-04,7.43,7.60,7.10,7.45,1204800,7.45
2011-10-03,7.72,7.92,7.50,7.55,1645700,7.55
2011-09-30,8.10,8.21,7.77,7.80,797800,7.80
2011-09-29,8.28,8.31,7.96,8.22,871000,8.22
2011-09-28,8.39,8.48,8.05,8.09,906200,8.09
2011-09-27,8.72,8.88,8.36,8.40,1656300,8.40
2011-09-26,9.07,9.22,8.31,8.60,1116500,8.60
2011-09-23,8.90,9.10,8.85,9.01,716400,9.01
2011-09-22,8.89,9.02,8.65,8.85,1481500,8.85
2011-09-21,9.23,9.30,8.96,8.98,1043600,8.98
2011-09-20,9.25,9.50,9.07,9.22,1257000,9.22
2011-09-19,8.92,9.34,8.65,9.19,1401400,9.19
2011-09-16,8.59,9.14,8.59,9.06,2597600,9.06
2011-09-15,8.63,8.81,8.35,8.48,573400,8.48
2011-09-14,8.25,8.61,8.17,8.60,1078300,8.60
2011-09-13,8.01,8.22,7.85,8.19,735200,8.19
2011-09-12,7.86,8.08,7.75,7.94,591200,7.94
2011-09-09,8.25,8.29,7.91,8.01,714800,8.01
2011-09-08,8.24,8.42,8.15,8.32,726200,8.32
2011-09-07,8.17,8.46,8.13,8.32,1116400,8.32
2011-09-06,7.82,8.07,7.70,8.06,1099700,8.06
2011-09-02,8.05,8.22,7.91,7.99,765100,7.99
2011-09-01,8.05,8.39,7.97,8.18,1502000,8.18
2011-08-31,7.91,8.04,7.81,8.04,1337500,8.04
2011-08-30,7.76,7.91,7.55,7.85,1670000,7.85
2011-08-29,7.81,7.90,7.72,7.76,785300,7.76
2011-08-26,7.68,7.84,7.50,7.74,690900,7.74
2011-08-25,8.06,8.10,7.66,7.74,955100,7.74
2011-08-24,8.01,8.18,7.90,8.03,910300,8.03
2011-08-23,7.85,8.04,7.68,8.03,1120400,8.03
2011-08-22,7.98,8.00,7.62,7.79,754700,7.79
2011-08-19,7.39,7.85,7.29,7.65,676400,7.65
2011-08-18,7.73,7.74,7.45,7.53,842000,7.53
2011-08-17,8.05,8.16,7.75,7.87,758500,7.87
2011-08-16,8.05,8.10,7.90,8.01,725200,8.01
2011-08-15,7.75,8.10,7.72,8.09,1147200,8.09
2011-08-12,7.70,7.85,7.57,7.66,1060500,7.66
2011-08-11,7.66,7.83,7.47,7.62,959600,7.62
2011-08-10,7.55,7.87,7.30,7.61,830800,7.61
2011-08-09,7.22,7.68,7.02,7.66,1829400,7.66
2011-08-08,7.26,7.38,7.05,7.18,2153400,7.18
2011-08-05,7.30,7.63,7.00,7.44,1288500,7.44
2011-08-04,7.87,8.00,7.17,7.27,1498800,7.27
2011-08-03,7.67,8.05,7.53,7.98,1363400,7.98
2011-08-02,7.43,8.20,7.43,7.67,2739300,7.67
2011-08-01,7.01,7.25,6.86,7.23,909600,7.23
2011-07-29,6.82,7.00,6.63,6.93,696900,6.93
2011-07-28,6.76,7.05,6.76,6.91,751100,6.91
2011-07-27,7.34,7.35,6.72,6.75,1714100,6.75
2011-07-26,7.34,7.41,7.19,7.40,543700,7.40
2011-07-25,7.39,7.49,7.28,7.31,226800,7.31
2011-07-22,7.35,7.55,7.34,7.46,514100,7.46
2011-07-21,7.33,7.38,7.26,7.35,642300,7.35
2011-07-20,7.31,7.42,7.10,7.31,351700,7.31
2011-07-19,7.26,7.35,7.20,7.30,675800,7.30
2011-07-18,7.47,7.47,7.16,7.21,473900,7.21
2011-07-15,7.40,7.55,7.34,7.48,429600,7.48
2011-07-14,7.47,7.62,7.26,7.39,898600,7.39
2011-07-13,7.25,7.47,7.21,7.44,943400,7.44
2011-07-12,7.06,7.28,7.06,7.24,1101100,7.24
2011-07-11,7.15,7.18,7.01,7.08,506600,7.08
2011-07-08,7.13,7.22,6.95,7.19,618100,7.19
2011-07-07,7.26,7.33,7.05,7.20,953000,7.20
2011-07-06,7.21,7.29,7.08,7.22,1765800,7.22
2011-07-05,6.93,7.31,6.87,7.23,1482700,7.23
2011-07-01,6.99,7.02,6.88,6.89,1053200,6.89
2011-06-30,7.06,7.15,6.90,7.00,734600,7.00
2011-06-29,7.02,7.15,7.01,7.06,848700,7.06
2011-06-28,6.91,7.01,6.86,6.98,1820100,6.98
2011-06-27,6.83,6.91,6.62,6.90,757800,6.90
2011-06-24,6.49,6.87,6.49,6.85,1700800,6.85
2011-06-23,6.41,6.55,6.30,6.48,428200,6.48
2011-06-22,6.50,6.63,6.43,6.47,411600,6.47
2011-06-21,6.57,6.70,6.44,6.54,504500,6.54
2011-06-20,6.20,6.55,6.18,6.54,752100,6.54
2011-06-17,6.69,6.69,6.18,6.19,1977200,6.19
2011-06-16,6.59,6.73,6.47,6.66,891300,6.66
2011-06-15,6.82,6.89,6.57,6.60,643200,6.60
2011-06-14,6.92,7.00,6.81,6.89,740200,6.89
2011-06-13,6.56,6.91,6.56,6.86,998500,6.86
2011-06-10,6.70,6.74,6.45,6.55,430400,6.55
2011-06-09,6.70,6.82,6.65,6.74,395200,6.74
2011-06-08,6.73,6.82,6.62,6.68,393500,6.68
2011-06-07,6.46,6.83,6.45,6.76,946400,6.76
2011-06-06,6.65,6.78,6.42,6.42,976300,6.42
2011-06-03,6.47,6.60,6.30,6.49,644200,6.49
2011-06-02,6.74,6.78,6.52,6.55,1091900,6.55
2011-06-01,6.79,6.85,6.66,6.76,1421900,6.76
2011-05-31,6.70,6.85,6.60,6.81,1954000,6.81
2011-05-27,6.60,6.74,6.60,6.63,1053200,6.63
2011-05-26,6.69,6.72,6.33,6.56,3736000,6.56
2011-05-25,6.64,6.92,6.42,6.74,2543900,6.74
2011-05-24,6.84,7.08,6.76,7.03,1046200,7.03
2011-05-23,6.73,6.87,6.65,6.83,660500,6.83
2011-05-20,6.81,6.84,6.70,6.81,300000,6.81
2011-05-19,6.94,6.97,6.76,6.84,312800,6.84
2011-05-18,6.88,6.95,6.74,6.89,496900,6.89
2011-05-17,6.56,6.86,6.54,6.85,545000,6.85
2011-05-16,6.75,6.82,6.57,6.61,407400,6.61
2011-05-13,6.80,6.94,6.65,6.82,373900,6.82
2011-05-12,6.61,6.79,6.50,6.79,378000,6.79
2011-05-11,6.76,6.76,6.54,6.67,311800,6.67
2011-05-10,6.75,6.77,6.67,6.76,456600,6.76
2011-05-09,6.51,6.69,6.48,6.69,386800,6.69
2011-05-06,6.36,6.61,6.25,6.50,607900,6.50
2011-05-05,6.10,6.43,6.00,6.31,562600,6.31
2011-05-04,6.56,6.56,6.05,6.16,662700,6.16
2011-05-03,6.43,6.58,6.26,6.53,569300,6.53
2011-05-02,6.67,6.88,6.50,6.54,577300,6.54
2011-04-29,6.67,6.68,6.44,6.62,356000,6.62
2011-04-28,6.61,6.67,6.52,6.64,345300,6.64
2011-04-27,6.59,6.64,6.45,6.61,237000,6.61
2011-04-26,6.77,6.77,6.57,6.60,699800,6.60
2011-04-25,6.60,6.76,6.50,6.74,504300,6.74
2011-04-21,6.53,6.60,6.25,6.59,562600,6.59
2011-04-20,6.75,6.78,6.33,6.49,820500,6.49
2011-04-19,6.57,6.74,6.47,6.69,770700,6.69
2011-04-18,6.39,6.64,6.14,6.53,795700,6.53
2011-04-15,6.07,6.55,6.07,6.45,1249800,6.45
2011-04-14,5.70,6.14,5.70,6.05,370400,6.05
2011-04-13,5.90,5.93,5.74,5.77,304500,5.77
2011-04-12,5.72,5.88,5.67,5.87,255200,5.87
2011-04-11,5.83,5.90,5.66,5.77,265800,5.77
2011-04-08,6.08,6.15,5.83,5.89,254400,5.89
2011-04-07,6.23,6.23,6.02,6.02,244000,6.02
2011-04-06,6.34,6.36,6.07,6.20,370800,6.20
2011-04-05,6.01,6.36,6.01,6.30,604000,6.30
2011-04-04,5.89,6.13,5.88,6.02,624300,6.02
2011-04-01,5.82,5.88,5.70,5.87,468100,5.87
2011-03-31,5.82,5.84,5.74,5.77,211100,5.77
2011-03-30,5.78,5.95,5.75,5.82,341700,5.82
2011-03-29,5.45,5.78,5.40,5.78,1399400,5.78
2011-03-28,5.34,5.52,5.32,5.47,300200,5.47
2011-03-25,5.38,5.42,5.27,5.34,490400,5.34
2011-03-24,5.47,5.53,5.34,5.38,511300,5.38
2011-03-23,5.34,5.46,5.30,5.46,632300,5.46
2011-03-22,5.44,5.54,5.29,5.37,284500,5.37
2011-03-21,5.69,5.75,5.33,5.45,589600,5.45
2011-03-18,5.19,5.71,5.17,5.63,719700,5.63
2011-03-17,5.34,5.36,5.13,5.14,377800,5.14
2011-03-16,5.26,5.37,5.21,5.24,473900,5.24
2011-03-15,5.10,5.43,4.97,5.29,606900,5.29
2011-03-14,5.35,5.39,5.19,5.22,343600,5.22
2011-03-11,5.32,5.34,5.19,5.26,459600,5.26
2011-03-10,5.44,5.48,5.22,5.38,675200,5.38
2011-03-09,5.86,5.86,5.49,5.54,367700,5.54
2011-03-08,5.72,5.91,5.63,5.89,424300,5.89
2011-03-07,5.71,5.73,5.48,5.70,308600,5.70
2011-03-04,5.69,5.70,5.53,5.70,267500,5.70
2011-03-03,5.88,5.88,5.67,5.70,444300,5.70
2011-03-02,5.52,5.86,5.52,5.83,505200,5.83
2011-03-01,5.96,6.00,5.43,5.51,1241100,5.51
2011-02-28,5.54,5.59,5.41,5.59,497200,5.59
2011-02-25,5.16,5.54,5.16,5.47,333600,5.47
2011-02-24,5.19,5.19,5.07,5.16,544900,5.16
2011-02-23,5.50,5.53,5.15,5.20,537400,5.20
2011-02-22,5.50,5.59,5.39,5.51,424400,5.51
2011-02-18,5.38,5.64,5.30,5.56,754400,5.56
2011-02-17,5.33,5.40,5.30,5.35,348700,5.35
2011-02-16,5.22,5.37,5.19,5.32,301800,5.32
2011-02-15,5.08,5.27,5.05,5.25,352600,5.25
2011-02-14,5.11,5.13,5.06,5.10,314500,5.10
2011-02-11,5.12,5.21,5.08,5.15,137600,5.15
2011-02-10,5.09,5.23,5.04,5.16,304600,5.16
2011-02-09,5.16,5.20,5.00,5.14,400600,5.14
2011-02-08,5.27,5.29,5.14,5.19,362300,5.19
2011-02-07,5.31,5.34,5.22,5.29,245000,5.29
2011-02-04,5.23,5.37,5.21,5.32,312800,5.32
2011-02-03,5.15,5.27,5.00,5.25,445200,5.25
2011-02-02,5.28,5.39,5.14,5.17,249300,5.17
2011-02-01,5.20,5.48,5.20,5.34,554100,5.34
2011-01-31,4.92,5.04,4.87,5.00,555600,5.00
2011-01-28,5.21,5.21,4.95,4.99,353500,4.99
2011-01-27,5.18,5.27,5.09,5.20,231700,5.20
2011-01-26,5.29,5.33,5.15,5.21,755200,5.21
2011-01-25,5.37,5.39,5.07,5.25,962000,5.25
2011-01-24,5.24,5.49,5.23,5.38,232700,5.38
2011-01-21,5.44,5.50,5.23,5.25,676800,5.25
2011-01-20,5.33,5.42,5.21,5.42,467800,5.42
2011-01-19,5.47,5.54,4.96,5.39,1817600,5.39
2011-01-18,5.73,5.82,5.47,5.47,526200,5.47
2011-01-14,5.83,5.83,5.69,5.74,275100,5.74
2011-01-13,5.75,5.84,5.61,5.82,256300,5.82
2011-01-12,5.78,5.80,5.71,5.77,191500,5.77
2011-01-11,5.73,5.84,5.61,5.70,175400,5.70
2011-01-10,5.59,5.81,5.58,5.74,268900,5.74
2011-01-07,5.75,5.77,5.47,5.64,365000,5.64
2011-01-06,5.80,5.87,5.69,5.72,489000,5.72
2011-01-05,5.65,5.81,5.60,5.77,568700,5.77
2011-01-04,5.76,5.84,5.47,5.65,1127200,5.65
2011-01-03,6.11,6.20,5.77,5.77,623700,5.77
2010-12-31,6.16,6.22,5.92,6.07,494300,6.07
2010-12-30,6.48,6.50,6.19,6.19,461300,6.19
2010-12-29,6.21,6.49,6.20,6.39,807100,6.39
2010-12-28,6.13,6.14,6.05,6.10,157200,6.10
2010-12-27,6.06,6.17,6.03,6.10,187200,6.10
2010-12-23,6.21,6.21,6.02,6.10,220000,6.10
2010-12-22,6.16,6.24,6.02,6.19,246400,6.19
2010-12-21,6.03,6.28,6.03,6.13,392200,6.13
2010-12-20,6.25,6.29,5.91,6.03,457500,6.03
2010-12-17,6.16,6.29,6.04,6.25,671100,6.25
2010-12-16,6.04,6.25,5.87,6.17,1001000,6.17
2010-12-15,5.41,6.14,5.38,6.04,2600000,6.04
2010-12-14,5.42,5.42,5.30,5.33,243800,5.33
2010-12-13,5.43,5.50,5.35,5.40,283200,5.40
2010-12-10,5.35,5.46,5.33,5.43,525100,5.43
2010-12-09,5.39,5.42,5.29,5.33,234500,5.33
2010-12-08,5.30,5.34,5.21,5.31,139900,5.31
2010-12-07,5.39,5.48,5.24,5.26,336100,5.26
2010-12-06,5.28,5.44,5.17,5.33,365000,5.33
2010-12-03,5.20,5.29,5.16,5.29,246900,5.29
2010-12-02,5.22,5.36,5.19,5.22,375200,5.22
2010-12-01,5.38,5.40,5.20,5.24,495100,5.24
2010-11-30,5.28,5.39,5.26,5.31,785900,5.31
2010-11-29,5.47,5.53,5.30,5.36,491500,5.36
2010-11-26,5.49,5.54,5.43,5.50,146200,5.50
2010-11-24,5.35,5.51,5.35,5.50,373500,5.50
2010-11-23,5.45,5.47,5.26,5.28,353800,5.28
2010-11-22,5.42,5.54,5.30,5.51,718600,5.51
2010-11-19,5.25,5.28,5.12,5.26,412200,5.26
2010-11-18,5.11,5.28,5.04,5.24,346800,5.24
2010-11-17,5.09,5.14,5.02,5.05,419400,5.05
2010-11-16,5.10,5.20,5.00,5.06,1082200,5.06
2010-11-15,5.12,5.28,5.08,5.11,316700,5.11
2010-11-12,5.16,5.22,5.08,5.10,449300,5.10
2010-11-11,5.30,5.30,5.19,5.23,390700,5.23
2010-11-10,5.25,5.32,5.19,5.30,539600,5.30
2010-11-09,5.38,5.39,5.24,5.26,503100,5.26
2010-11-08,5.35,5.37,5.28,5.35,598300,5.35
2010-11-05,5.23,5.32,5.23,5.29,755000,5.29
2010-11-04,5.16,5.21,5.09,5.20,924700,5.20
2010-11-03,5.07,5.08,4.95,5.08,965100,5.08
2010-11-02,4.59,5.09,4.59,5.08,1678200,5.08
2010-11-01,4.46,4.58,4.37,4.44,298100,4.44
2010-10-29,4.45,4.50,4.39,4.47,220200,4.47
2010-10-28,4.50,4.54,4.44,4.48,188100,4.48
2010-10-27,4.49,4.53,4.41,4.47,238400,4.47
2010-10-26,4.48,4.55,4.48,4.53,177000,4.53
2010-10-25,4.40,4.55,4.40,4.52,344900,4.52
2010-10-22,4.50,4.50,4.27,4.36,636900,4.36
2010-10-21,4.55,4.57,4.32,4.50,852800,4.50
2010-10-20,4.58,4.58,4.51,4.52,366000,4.52
2010-10-19,4.66,4.66,4.50,4.55,730800,4.55
2010-10-18,4.68,4.77,4.67,4.72,759000,4.72
2010-10-15,4.46,4.70,4.43,4.66,1062400,4.66
2010-10-14,4.31,4.42,4.23,4.40,1229200,4.40
2010-10-13,4.45,4.45,4.25,4.29,746700,4.29
2010-10-12,4.30,4.33,4.22,4.32,859300,4.32
2010-10-11,4.32,4.39,4.30,4.32,362200,4.32
2010-10-08,4.20,4.35,4.16,4.31,791400,4.31
2010-10-07,4.15,4.22,4.11,4.18,663200,4.18
2010-10-06,4.07,4.13,3.98,4.10,1833300,4.10
2010-10-05,3.98,4.08,3.90,4.05,373800,4.05
2010-10-04,4.02,4.10,3.86,3.93,509000,3.93
2010-10-01,4.08,4.08,3.92,4.04,249900,4.04
2010-09-30,3.95,4.07,3.90,4.04,1503700,4.04
2010-09-29,3.89,3.94,3.82,3.91,199600,3.91
2010-09-28,3.90,3.91,3.82,3.91,197100,3.91
2010-09-27,3.87,3.92,3.83,3.90,166800,3.90
2010-09-24,3.87,3.94,3.83,3.88,1253800,3.88
2010-09-23,3.81,3.92,3.76,3.81,774000,3.81
2010-09-22,3.90,3.92,3.76,3.82,406400,3.82
2010-09-21,3.91,3.97,3.86,3.91,470600,3.91
2010-09-20,3.95,3.99,3.86,3.90,435400,3.90
2010-09-17,4.00,4.01,3.93,3.94,1156300,3.94
2010-09-16,3.91,4.02,3.87,3.94,612500,3.94
2010-09-15,3.82,3.90,3.72,3.89,320500,3.89
2010-09-14,3.76,3.96,3.75,3.82,1144300,3.82
2010-09-13,3.75,3.80,3.68,3.79,381000,3.79
2010-09-10,3.53,3.76,3.53,3.70,409600,3.70
2010-09-09,3.59,3.64,3.50,3.57,145600,3.57
2010-09-08,3.69,3.72,3.51,3.53,232200,3.53
2010-09-07,3.74,3.76,3.58,3.66,347700,3.66
2010-09-03,3.79,3.80,3.70,3.74,625100,3.74
2010-09-02,3.44,3.77,3.32,3.68,944600,3.68
2010-09-01,3.46,3.46,3.32,3.40,467300,3.40
2010-08-31,3.34,3.43,3.27,3.40,896300,3.40
2010-08-30,3.36,3.43,3.29,3.35,403400,3.35
2010-08-27,3.24,3.38,3.16,3.38,325500,3.38
2010-08-26,3.26,3.35,3.16,3.20,261700,3.20
2010-08-25,3.14,3.27,3.07,3.26,240400,3.26
2010-08-24,3.16,3.20,3.09,3.13,324600,3.13
2010-08-23,3.22,3.26,3.14,3.19,293700,3.19
2010-08-20,3.31,3.34,3.19,3.21,514100,3.21
2010-08-19,3.34,3.41,3.27,3.32,616300,3.32
2010-08-18,3.26,3.39,3.19,3.33,360300,3.33
2010-08-17,3.11,3.26,3.05,3.25,464100,3.25
2010-08-16,2.97,3.08,2.95,3.03,377400,3.03
2010-08-13,3.05,3.10,2.97,2.99,485900,2.99
2010-08-12,3.01,3.16,3.00,3.05,1298800,3.05
2010-08-11,3.26,3.26,3.04,3.06,871200,3.06
2010-08-10,3.37,3.41,3.30,3.31,195600,3.31
2010-08-09,3.32,3.44,3.32,3.42,410400,3.42
2010-08-06,3.39,3.46,3.26,3.32,420400,3.32
2010-08-05,3.52,3.57,3.43,3.43,302500,3.43
2010-08-04,3.60,3.60,3.39,3.55,792400,3.55
2010-08-03,3.57,3.67,3.29,3.60,2097800,3.60
2010-08-02,3.71,3.80,3.67,3.74,720300,3.74
2010-07-30,3.56,3.70,3.49,3.64,379200,3.64
2010-07-29,3.53,3.63,3.45,3.62,564800,3.62
2010-07-28,3.64,3.64,3.50,3.52,780200,3.52
2010-07-27,3.72,3.75,3.53,3.57,538300,3.57
2010-07-26,3.60,3.70,3.50,3.66,845800,3.66
2010-07-23,3.29,3.58,3.22,3.55,1360500,3.55
2010-07-22,3.15,3.29,3.15,3.27,376500,3.27
2010-07-21,3.24,3.28,3.10,3.10,363100,3.10
2010-07-20,3.32,3.37,3.15,3.23,569100,3.23
2010-07-19,3.26,3.40,3.24,3.37,441700,3.37
2010-07-16,3.43,3.48,3.23,3.24,553300,3.24
2010-07-15,3.19,3.50,3.19,3.47,2385800,3.47
2010-07-14,3.15,3.18,3.12,3.15,350100,3.15
2010-07-13,3.14,3.18,3.08,3.15,610400,3.15
2010-07-12,3.13,3.14,3.02,3.08,328000,3.08
2010-07-09,3.10,3.13,2.90,3.12,549000,3.12
2010-07-08,3.15,3.15,3.05,3.10,383100,3.10
2010-07-07,3.12,3.15,3.03,3.13,417800,3.13
2010-07-06,3.10,3.15,3.10,3.12,602900,3.12
2010-07-02,3.08,3.12,2.96,3.08,223000,3.08
2010-07-01,2.96,3.10,2.80,3.07,587300,3.07
2010-06-30,2.87,3.06,2.85,2.97,316100,2.97
2010-06-29,3.14,3.14,2.85,2.87,447500,2.87
2010-06-28,3.20,3.20,3.14,3.20,354300,3.20
2010-06-25,3.14,3.21,3.08,3.21,1460000,3.21
2010-06-24,3.04,3.20,2.94,3.13,797800,3.13
2010-06-23,3.08,3.15,3.05,3.07,332500,3.07
2010-06-22,3.17,3.19,3.06,3.08,529400,3.08
2010-06-21,3.09,3.28,3.04,3.14,1055400,3.14
2010-06-18,3.05,3.06,2.96,3.00,594500,3.00
2010-06-17,3.00,3.07,2.90,3.03,1078600,3.03
2010-06-16,3.05,3.05,2.91,2.98,343100,2.98
2010-06-15,3.12,3.14,3.02,3.07,419500,3.07
2010-06-14,3.06,3.15,3.00,3.09,658000,3.09
2010-06-11,3.00,3.04,2.90,3.00,371500,3.00
2010-06-10,2.97,3.10,2.95,3.00,1294600,3.00
2010-06-09,2.85,3.05,2.80,2.91,644600,2.91
2010-06-08,2.62,2.85,2.60,2.83,398500,2.83
2010-06-07,2.88,2.91,2.59,2.60,703600,2.60
2010-06-04,3.11,3.15,2.85,2.87,1050700,2.87
2010-06-03,3.15,3.31,3.08,3.19,1575300,3.19
2010-06-02,2.95,3.15,2.95,3.14,845300,3.14
2010-06-01,2.86,3.05,2.81,2.95,730300,2.95
2010-05-28,2.90,2.94,2.79,2.89,526800,2.89
2010-05-27,2.72,3.00,2.72,2.89,754600,2.89
2010-05-26,2.79,2.85,2.65,2.65,840000,2.65
2010-05-25,2.53,2.78,2.42,2.76,796200,2.76
2010-05-24,2.62,2.73,2.60,2.60,403300,2.60
2010-05-21,2.70,2.83,2.51,2.61,808200,2.61
2010-05-20,2.78,2.80,2.48,2.75,1209000,2.75
2010-05-19,2.84,2.88,2.59,2.86,492600,2.86
2010-05-18,2.99,3.04,2.77,2.86,443200,2.86
2010-05-17,2.93,2.97,2.90,2.94,615000,2.94
2010-05-14,2.97,2.99,2.86,2.95,892000,2.95
2010-05-13,3.01,3.02,2.81,3.00,1184800,3.00
2010-05-12,2.81,3.01,2.60,2.95,2752000,2.95
2010-05-11,2.59,2.80,2.56,2.76,570700,2.76
2010-05-10,2.43,2.73,2.43,2.61,802000,2.61
2010-05-07,2.50,2.60,2.36,2.39,656800,2.39
2010-05-06,2.55,2.70,2.41,2.44,953500,2.44
2010-05-05,2.60,2.90,2.51,2.54,1798800,2.54
2010-05-04,2.28,2.76,2.25,2.75,3678900,2.75
2010-05-03,2.14,2.22,2.11,2.13,309600,2.13
2010-04-30,2.09,2.24,2.08,2.10,924900,2.10
2010-04-29,2.08,2.12,2.06,2.09,391700,2.09
2010-04-28,2.01,2.07,2.01,2.06,148500,2.06
2010-04-27,2.00,2.10,1.99,2.00,228500,2.00
2010-04-26,2.00,2.20,2.00,2.01,264200,2.01
2010-04-23,2.10,2.10,1.99,2.03,692600,2.03
2010-04-22,2.05,2.12,1.95,2.11,745200,2.11
2010-04-21,2.22,2.30,1.97,2.12,1793300,2.12
2010-04-20,1.70,1.95,1.70,1.90,1273600,1.90
2010-04-19,1.70,1.74,1.59,1.59,351100,1.59
2010-04-16,1.76,1.78,1.62,1.71,506300,1.71
2010-04-15,1.43,1.78,1.43,1.73,2428400,1.73
2010-04-14,1.42,1.43,1.36,1.42,282300,1.42
2010-04-13,1.39,1.43,1.39,1.42,130000,1.42
2010-04-12,1.41,1.42,1.36,1.38,340100,1.38
2010-04-09,1.44,1.46,1.40,1.41,238200,1.41
2010-04-08,1.48,1.54,1.41,1.44,230800,1.44
2010-04-07,1.58,1.58,1.45,1.49,249200,1.49
2010-04-06,1.51,1.58,1.51,1.58,173700,1.58
2010-04-05,1.50,1.55,1.46,1.55,126400,1.55
2010-04-01,1.54,1.55,1.48,1.50,65700,1.50
2010-03-31,1.51,1.55,1.47,1.53,140200,1.53
2010-03-30,1.47,1.53,1.46,1.52,202200,1.52
2010-03-29,1.51,1.54,1.43,1.45,700000,1.45
2010-03-26,1.49,1.53,1.40,1.51,260800,1.51
2010-03-25,1.52,1.52,1.48,1.48,217900,1.48
2010-03-24,1.63,1.63,1.50,1.50,166700,1.50
2010-03-23,1.60,1.61,1.55,1.58,174100,1.58
2010-03-22,1.53,1.59,1.50,1.59,126900,1.59
2010-03-19,1.59,1.61,1.51,1.54,234500,1.54
2010-03-18,1.64,1.66,1.57,1.58,133300,1.58
2010-03-17,1.66,1.69,1.62,1.64,213200,1.64
2010-03-16,1.63,1.72,1.61,1.66,183300,1.66
2010-03-15,1.57,1.64,1.56,1.63,162000,1.63
2010-03-12,1.57,1.61,1.54,1.57,148400,1.57
2010-03-11,1.63,1.64,1.54,1.59,202300,1.59
2010-03-10,1.61,1.65,1.58,1.64,105600,1.64
2010-03-09,1.72,1.74,1.59,1.61,156500,1.61
2010-03-08,1.60,1.74,1.60,1.72,126200,1.72
2010-03-05,1.58,1.60,1.58,1.60,140700,1.60
2010-03-04,1.57,1.57,1.46,1.57,153100,1.57
2010-03-03,1.50,1.57,1.49,1.56,146200,1.56
2010-03-02,1.53,1.56,1.49,1.50,133200,1.50
2010-03-01,1.53,1.55,1.49,1.53,143900,1.53
2010-02-26,1.58,1.58,1.49,1.52,107900,1.52
2010-02-25,1.45,1.56,1.45,1.55,84100,1.55
2010-02-24,1.46,1.53,1.44,1.48,73300,1.48
2010-02-23,1.46,1.53,1.42,1.45,171000,1.45
2010-02-22,1.55,1.57,1.41,1.46,267400,1.46
2010-02-19,1.63,1.64,1.54,1.55,284200,1.55
2010-02-18,1.65,1.67,1.59,1.63,269900,1.63
2010-02-17,1.59,1.67,1.56,1.66,187600,1.66
2010-02-16,1.53,1.60,1.53,1.59,149300,1.59
2010-02-12,1.47,1.51,1.45,1.51,105400,1.51
2010-02-11,1.46,1.51,1.43,1.48,146900,1.48
2010-02-10,1.48,1.52,1.42,1.47,122100,1.47
2010-02-09,1.39,1.53,1.39,1.49,142600,1.49
2010-02-08,1.33,1.45,1.27,1.36,222900,1.36
2010-02-05,1.44,1.45,1.32,1.33,323900,1.33
2010-02-04,1.52,1.53,1.36,1.45,579800,1.45
2010-02-03,1.56,1.57,1.49,1.50,271100,1.50
2010-02-02,1.56,1.58,1.56,1.56,202800,1.56
2010-02-01,1.59,1.61,1.48,1.56,397800,1.56
2010-01-29,1.66,1.67,1.59,1.59,246000,1.59
2010-01-28,1.67,1.67,1.61,1.63,191400,1.63
2010-01-27,1.62,1.67,1.62,1.66,132500,1.66
2010-01-26,1.65,1.65,1.61,1.63,124000,1.63
2010-01-25,1.65,1.70,1.62,1.66,135300,1.66
2010-01-22,1.70,1.72,1.62,1.63,187300,1.63
2010-01-21,1.77,1.78,1.70,1.70,254500,1.70
2010-01-20,1.74,1.80,1.74,1.77,165400,1.77
2010-01-19,1.75,1.78,1.72,1.75,419200,1.75
2010-01-15,1.80,1.80,1.72,1.75,285300,1.75
2010-01-14,1.79,1.79,1.72,1.79,370500,1.79
2010-01-13,1.77,1.80,1.74,1.79,168900,1.79
2010-01-12,1.71,1.78,1.70,1.75,257200,1.75
2010-01-11,1.67,1.75,1.66,1.73,228700,1.73
2010-01-08,1.70,1.72,1.56,1.65,721100,1.65
2010-01-07,1.78,1.81,1.71,1.72,337200,1.72
2010-01-06,1.81,1.83,1.77,1.78,356600,1.78
2010-01-05,1.87,1.89,1.81,1.82,125100,1.82
2010-01-04,1.82,1.88,1.81,1.87,213700,1.87
2009-12-31,1.85,1.88,1.79,1.79,145600,1.79
2009-12-30,1.80,1.85,1.77,1.85,174600,1.85
2009-12-29,1.84,1.85,1.79,1.82,92000,1.82
2009-12-28,1.88,1.88,1.81,1.84,138000,1.84
2009-12-24,1.88,1.88,1.84,1.87,23700,1.87
2009-12-23,1.99,1.99,1.83,1.86,261100,1.86
2009-12-22,1.88,1.91,1.85,1.91,307100,1.91
2009-12-21,1.82,1.92,1.70,1.87,350600,1.87
2009-12-18,1.89,1.95,1.72,1.81,1331900,1.81
2009-12-17,1.86,1.88,1.85,1.87,146200,1.87
2009-12-16,1.84,1.89,1.84,1.87,168300,1.87
2009-12-15,1.88,1.90,1.84,1.85,218300,1.85
2009-12-14,1.89,1.90,1.83,1.88,150600,1.88
2009-12-11,1.82,1.89,1.80,1.87,242400,1.87
2009-12-10,1.81,1.94,1.81,1.85,221500,1.85
2009-12-09,1.87,1.87,1.82,1.84,217000,1.84
2009-12-08,1.78,2.00,1.74,1.87,584400,1.87
2009-12-07,1.70,1.79,1.65,1.79,231200,1.79
2009-12-04,1.65,1.79,1.60,1.71,402300,1.71
2009-12-03,1.67,1.70,1.61,1.61,208500,1.61
2009-12-02,1.68,1.70,1.63,1.67,168900,1.67
2009-12-01,1.64,1.68,1.61,1.68,270800,1.68
2009-11-30,1.58,1.62,1.54,1.62,310200,1.62
2009-11-27,1.52,1.60,1.52,1.58,210600,1.58
2009-11-25,1.63,1.63,1.58,1.58,402300,1.58
2009-11-24,1.62,1.64,1.58,1.61,261300,1.61
2009-11-23,1.65,1.70,1.60,1.61,360700,1.61
2009-11-20,1.58,1.64,1.58,1.61,207600,1.61
2009-11-19,1.65,1.65,1.59,1.60,318300,1.60
2009-11-18,1.74,1.75,1.65,1.67,192100,1.67
2009-11-17,1.60,1.79,1.58,1.72,556500,1.72
2009-11-16,1.59,1.63,1.59,1.62,321500,1.62
2009-11-13,1.60,1.62,1.53,1.58,450500,1.58
2009-11-12,1.58,1.65,1.58,1.60,307800,1.60
2009-11-11,1.62,1.67,1.56,1.58,206100,1.58
2009-11-10,1.55,1.64,1.49,1.61,441200,1.61
2009-11-09,1.55,1.59,1.51,1.55,268800,1.55
2009-11-06,1.58,1.60,1.51,1.54,190000,1.54
2009-11-05,1.68,1.68,1.57,1.61,243800,1.61
2009-11-04,1.54,1.72,1.52,1.66,996000,1.66
2009-11-03,1.49,1.53,1.46,1.53,389500,1.53
2009-11-02,1.46,1.51,1.45,1.50,558600,1.50
2009-10-30,1.47,1.53,1.43,1.45,531400,1.45
2009-10-29,1.46,1.53,1.43,1.49,495100,1.49
2009-10-28,1.50,1.51,1.44,1.45,574200,1.45
2009-10-27,1.51,1.51,1.49,1.51,370200,1.51
2009-10-26,1.51,1.55,1.49,1.51,504500,1.51
2009-10-23,1.54,1.54,1.49,1.51,471400,1.51
2009-10-22,1.46,1.54,1.45,1.54,469300,1.54
2009-10-21,1.55,1.55,1.40,1.46,489800,1.46
2009-10-20,1.60,1.60,1.54,1.54,458800,1.54
2009-10-19,1.55,1.59,1.51,1.56,792400,1.56
2009-10-16,1.41,1.64,1.40,1.55,2149700,1.55
2009-10-15,1.42,1.45,1.39,1.43,865000,1.43
2009-10-14,1.33,1.44,1.31,1.44,1165200,1.44
2009-10-13,1.30,1.32,1.29,1.30,213700,1.30
2009-10-12,1.29,1.34,1.28,1.30,427000,1.30
2009-10-09,1.27,1.30,1.27,1.30,220000,1.30
2009-10-08,1.34,1.36,1.27,1.27,321100,1.27
2009-10-07,1.27,1.37,1.27,1.33,637400,1.33
2009-10-06,1.24,1.31,1.23,1.26,454900,1.26
2009-10-05,1.27,1.28,1.22,1.23,417600,1.23
2009-10-02,1.32,1.33,1.27,1.27,652700,1.27
2009-10-01,1.35,1.41,1.34,1.37,1492300,1.37
2009-09-30,1.40,1.40,1.33,1.37,655600,1.37
2009-09-29,1.43,1.43,1.36,1.40,1065300,1.40
2009-09-28,1.35,1.42,1.33,1.42,1285000,1.42
2009-09-25,1.31,1.35,1.29,1.35,728000,1.35
2009-09-24,1.26,1.35,1.25,1.32,2337100,1.32
2009-09-23,1.35,1.37,1.26,1.26,1081900,1.26
2009-09-22,1.37,1.38,1.30,1.34,1192100,1.34
2009-09-21,1.31,1.36,1.31,1.32,488900,1.32
2009-09-18,1.38,1.41,1.31,1.32,838800,1.32
2009-09-17,1.34,1.54,1.30,1.37,2773000,1.37
2009-09-16,1.37,1.37,1.32,1.34,471000,1.34
2009-09-15,1.37,1.39,1.33,1.36,480800,1.36
2009-09-14,1.32,1.39,1.28,1.37,731200,1.37
2009-09-11,1.39,1.39,1.31,1.33,669800,1.33
2009-09-10,1.32,1.48,1.29,1.39,1388400,1.39
2009-09-09,1.44,1.47,1.29,1.32,3251900,1.32
2009-09-08,1.26,1.65,1.14,1.54,9258600,1.54
2009-09-04,1.24,1.29,1.19,1.22,1201200,1.22
2009-09-03,1.30,1.32,1.22,1.25,1192100,1.25
2009-09-02,1.28,1.29,1.23,1.29,450700,1.29
2009-09-01,1.29,1.36,1.22,1.28,747900,1.28
2009-08-31,1.27,1.31,1.25,1.31,840900,1.31
2009-08-28,1.34,1.38,1.29,1.29,349700,1.29
2009-08-27,1.39,1.39,1.28,1.32,528800,1.32
2009-08-26,1.41,1.41,1.36,1.37,368500,1.37
2009-08-25,1.41,1.45,1.39,1.41,396100,1.41
2009-08-24,1.45,1.49,1.35,1.40,830900,1.40
2009-08-21,1.30,1.40,1.26,1.38,1075800,1.38
2009-08-20,1.27,1.29,1.23,1.27,508500,1.27
2009-08-19,1.21,1.31,1.20,1.26,875800,1.26
2009-08-18,1.16,1.22,1.12,1.22,469600,1.22
2009-08-17,1.09,1.17,1.09,1.15,843800,1.15
2009-08-14,1.25,1.25,1.15,1.16,555000,1.16
2009-08-13,1.23,1.24,1.20,1.22,395000,1.22
2009-08-12,1.16,1.24,1.07,1.24,1342600,1.24
2009-08-11,1.25,1.27,1.14,1.18,1662000,1.18
2009-08-10,1.35,1.35,1.25,1.32,929600,1.32
2009-08-07,1.35,1.40,1.32,1.34,765600,1.34
2009-08-06,1.46,1.47,1.33,1.33,970900,1.33
2009-08-05,1.60,1.60,1.25,1.45,3583000,1.45
2009-08-04,1.52,1.55,1.45,1.51,2117200,1.51
2009-08-03,1.42,1.50,1.35,1.48,2477300,1.48
2009-07-31,1.40,1.41,1.27,1.35,1039500,1.35
2009-07-30,1.50,1.75,1.32,1.37,3956800,1.37
2009-07-29,1.23,1.38,1.22,1.34,3000400,1.34
2009-07-28,1.22,1.24,1.20,1.21,465800,1.21
2009-07-27,1.20,1.25,1.18,1.23,501900,1.23
2009-07-24,1.19,1.24,1.18,1.21,764900,1.21
2009-07-23,1.26,1.27,1.18,1.23,1056000,1.23
2009-07-22,1.32,1.37,1.18,1.22,3190300,1.22
2009-07-21,1.13,1.31,1.13,1.25,6773400,1.25
2009-07-20,1.08,1.11,1.05,1.07,296900,1.07
2009-07-17,1.08,1.08,1.02,1.08,327200,1.08
2009-07-16,1.03,1.05,1.01,1.05,129200,1.05
2009-07-15,1.00,1.07,0.99,1.03,835600,1.03
2009-07-14,0.99,1.00,0.97,0.99,216400,0.99
2009-07-13,0.95,1.00,0.95,1.00,177600,1.00
2009-07-10,0.97,1.00,0.94,0.95,187000,0.95
2009-07-09,0.99,1.03,0.96,0.96,154200,0.96
2009-07-08,1.01,1.04,0.97,0.97,494300,0.97
2009-07-07,1.10,1.13,1.03,1.04,300500,1.04
2009-07-06,1.08,1.12,1.04,1.10,405200,1.10
2009-07-02,1.15,1.17,0.92,1.13,1635800,1.13
2009-07-01,1.22,1.22,1.16,1.18,519500,1.18
2009-06-30,1.20,1.25,1.16,1.21,1131900,1.21
2009-06-29,1.12,1.21,1.10,1.18,1201000,1.18
2009-06-26,1.11,1.12,1.03,1.10,1201000,1.10
2009-06-25,1.05,1.10,0.99,1.10,2768000,1.10
2009-06-24,0.94,0.97,0.94,0.95,487000,0.95
2009-06-23,0.94,0.98,0.92,0.94,922300,0.94
2009-06-22,0.99,1.00,0.94,0.94,487200,0.94
2009-06-19,1.00,1.00,0.97,0.99,857100,0.99
2009-06-18,1.00,1.00,0.98,1.00,386200,1.00
2009-06-17,0.96,1.01,0.92,0.97,529300,0.97
2009-06-16,0.97,1.00,0.95,0.96,1023400,0.96
2009-06-15,1.00,1.01,0.97,0.99,409400,0.99
2009-06-12,0.99,1.01,0.97,1.00,403600,1.00
2009-06-11,0.98,1.01,0.96,0.99,601500,0.99
2009-06-10,1.00,1.00,0.84,0.97,1396000,0.97
2009-06-09,1.03,1.03,0.96,1.00,936400,1.00
2009-06-08,1.03,1.04,0.98,1.00,843100,1.00
2009-06-05,1.08,1.08,1.01,1.03,685700,1.03
2009-06-04,1.01,1.04,0.97,1.03,761700,1.03
2009-06-03,0.98,1.04,0.92,1.01,2044000,1.01
2009-06-02,1.04,1.04,0.98,0.99,846900,0.99
2009-06-01,1.12,1.12,1.02,1.04,848700,1.04
2009-05-29,1.06,1.11,1.04,1.08,2118700,1.08
2009-05-28,1.01,1.06,0.95,1.03,16523600,1.03
2009-05-27,1.16,1.20,0.98,1.00,2484300,1.00
2009-05-26,1.00,1.26,0.97,1.11,1932300,1.11
2009-05-22,0.96,1.01,0.95,1.01,390900,1.01
2009-05-21,0.89,0.97,0.88,0.95,620300,0.95
2009-05-20,1.01,1.04,0.86,0.89,867900,0.89
2009-05-19,0.97,1.05,0.96,0.99,297500,0.99
2009-05-18,0.89,0.94,0.86,0.94,199400,0.94
2009-05-15,0.85,0.90,0.84,0.88,181200,0.88
2009-05-14,0.93,0.93,0.80,0.85,266500,0.85
2009-05-13,1.00,1.05,0.92,0.92,381000,0.92
2009-05-12,1.06,1.17,0.96,1.05,1008900,1.05
2009-05-11,0.87,1.02,0.87,0.99,811800,0.99
2009-05-08,0.83,0.89,0.83,0.87,297600,0.87
2009-05-07,0.85,0.85,0.80,0.81,220200,0.81
2009-05-06,0.85,0.89,0.79,0.81,280100,0.81
2009-05-05,0.93,0.94,0.82,0.85,261400,0.85
2009-05-04,0.89,0.93,0.87,0.93,360500,0.93
2009-05-01,0.84,0.86,0.80,0.85,241200,0.85
2009-04-30,0.92,0.97,0.84,0.84,558800,0.84
2009-04-29,0.77,0.89,0.75,0.87,271300,0.87
2009-04-28,0.75,0.81,0.73,0.75,271600,0.75
2009-04-27,0.84,0.91,0.76,0.76,281000,0.76
2009-04-24,0.89,0.93,0.85,0.87,178500,0.87
2009-04-23,0.90,0.92,0.86,0.87,181600,0.87
2009-04-22,0.96,1.00,0.83,0.89,491000,0.89
2009-04-21,0.93,0.99,0.93,0.96,216900,0.96
2009-04-20,1.07,1.07,0.92,0.93,311900,0.93
2009-04-17,0.98,1.06,0.97,1.02,364600,1.02
2009-04-16,0.98,1.02,0.94,0.97,245000,0.97
2009-04-15,0.94,1.00,0.93,0.97,187900,0.97
2009-04-14,1.07,1.11,0.92,0.97,2136100,0.97
2009-04-13,1.11,1.12,1.07,1.12,169200,1.12
2009-04-09,1.10,1.15,1.04,1.12,302800,1.12
2009-04-08,1.06,1.10,1.06,1.10,67200,1.10
2009-04-07,1.10,1.15,1.04,1.05,147900,1.05
2009-04-06,1.17,1.17,1.09,1.09,300100,1.09
2009-04-03,0.99,1.17,0.98,1.10,1712900,1.10
2009-04-02,0.97,1.29,0.94,0.99,472600,0.99
2009-04-01,1.00,1.03,0.87,0.94,993400,0.94
2009-03-31,0.99,1.00,0.86,0.86,503400,0.86
2009-03-30,1.20,1.22,0.96,0.97,369800,0.97
2009-03-27,1.24,1.26,1.19,1.19,158400,1.19
2009-03-26,1.24,1.29,1.23,1.27,298000,1.27
2009-03-25,1.33,1.41,1.20,1.25,685000,1.25
2009-03-24,1.38,1.42,1.28,1.29,97000,1.29
2009-03-23,1.29,1.42,1.29,1.40,180900,1.40
2009-03-20,1.41,1.41,1.25,1.25,177000,1.25
2009-03-19,1.38,1.42,1.29,1.39,143600,1.39
2009-03-18,1.40,1.42,1.29,1.35,159500,1.35
2009-03-17,1.38,1.41,1.29,1.40,157700,1.40
2009-03-16,1.58,1.66,1.36,1.39,305400,1.39
2009-03-13,1.69,1.69,1.60,1.63,125600,1.63
2009-03-12,1.30,1.73,1.20,1.67,358700,1.67
2009-03-11,1.46,1.50,1.28,1.30,111600,1.30
2009-03-10,1.33,1.45,1.30,1.45,186800,1.45
2009-03-09,1.50,1.50,1.26,1.29,147800,1.29
2009-03-06,1.29,1.56,1.23,1.53,360300,1.53
2009-03-05,1.25,1.31,1.18,1.26,412500,1.26
2009-03-04,1.20,1.32,1.18,1.30,237900,1.30
2009-03-03,1.20,1.35,1.16,1.18,263600,1.18
2009-03-02,1.35,1.40,1.00,1.20,394100,1.20
2009-02-27,1.38,1.48,1.31,1.40,326200,1.40
2009-02-26,1.97,1.97,1.15,1.40,2631900,1.40
2009-02-25,2.13,2.13,1.88,1.95,283000,1.95
2009-02-24,2.01,2.19,1.94,2.14,228500,2.14
2009-02-23,2.02,2.24,1.84,1.98,323200,1.98
2009-02-20,1.90,2.07,1.80,2.00,616100,2.00
2009-02-19,2.10,2.13,1.92,1.95,308100,1.95
2009-02-18,2.07,2.16,2.01,2.07,267800,2.07
2009-02-17,2.20,2.22,2.02,2.05,242800,2.05
2009-02-13,2.31,2.34,2.24,2.29,165800,2.29
2009-02-12,2.30,2.35,2.21,2.30,181100,2.30
2009-02-11,2.37,2.37,2.27,2.30,120500,2.30
2009-02-10,2.38,2.42,2.35,2.36,330000,2.36
2009-02-09,2.21,2.44,2.21,2.39,517300,2.39
2009-02-06,2.25,2.42,2.17,2.19,369400,2.19
2009-02-05,2.24,2.32,2.20,2.25,296500,2.25
2009-02-04,2.36,2.49,2.24,2.27,252500,2.27
2009-02-03,2.36,2.48,2.26,2.35,239200,2.35
2009-02-02,2.20,2.36,2.12,2.34,209000,2.34
2009-01-30,2.45,2.45,2.22,2.23,335500,2.23
2009-01-29,2.49,2.50,2.26,2.41,409900,2.41
2009-01-28,2.33,2.66,2.33,2.60,3040200,2.60
2009-01-27,2.17,2.35,2.15,2.27,192600,2.27
2009-01-26,2.11,2.19,2.10,2.15,150200,2.15
2009-01-23,2.03,2.17,2.01,2.10,156100,2.10
2009-01-22,2.18,2.23,2.08,2.11,179100,2.11
2009-01-21,2.15,2.25,2.09,2.25,195100,2.25
2009-01-20,2.15,2.21,2.01,2.16,376700,2.16
2009-01-16,2.25,2.28,2.13,2.20,162600,2.20
2009-01-15,2.15,2.24,2.05,2.22,321000,2.22
2009-01-14,2.16,2.26,2.10,2.15,253000,2.15
2009-01-13,2.20,2.33,2.15,2.22,143800,2.22
2009-01-12,2.28,2.35,2.18,2.21,257100,2.21
2009-01-09,2.58,2.59,2.27,2.28,190700,2.28
2009-01-08,2.44,2.59,2.44,2.57,244100,2.57
2009-01-07,2.47,2.51,2.38,2.46,177600,2.46
2009-01-06,2.60,2.64,2.27,2.52,1592600,2.52
2009-01-05,2.65,2.65,2.42,2.56,215500,2.56
2009-01-02,2.38,2.69,2.21,2.64,781300,2.64
2008-12-31,2.65,2.99,2.29,2.30,3691900,2.30
2008-12-30,1.94,1.98,1.87,1.95,138800,1.95
2008-12-29,2.00,2.00,1.87,1.91,152100,1.91
2008-12-26,1.97,2.07,1.72,2.04,144500,2.04
2008-12-24,1.98,2.03,1.89,1.95,96300,1.95
2008-12-23,1.77,2.08,1.77,1.97,262100,1.97
2008-12-22,1.91,2.04,1.73,1.77,418100,1.77
2008-12-19,2.25,2.50,1.89,1.91,5672800,1.91
2008-12-18,2.48,2.53,2.29,2.39,113100,2.39
2008-12-17,2.52,2.52,2.29,2.48,276800,2.48
2008-12-16,2.61,2.65,2.42,2.54,293100,2.54
2008-12-15,2.70,2.86,2.40,2.54,924300,2.54
2008-12-12,2.18,2.78,2.04,2.69,806800,2.69
2008-12-11,2.01,2.47,2.01,2.11,182900,2.11
2008-12-10,1.88,2.19,1.86,2.04,128500,2.04
2008-12-09,1.74,1.93,1.68,1.85,971200,1.85
2008-12-08,1.32,1.91,1.27,1.83,327200,1.83
2008-12-05,1.20,1.39,1.12,1.33,248200,1.33
2008-12-04,1.28,1.31,1.20,1.21,200500,1.21
2008-12-03,1.38,1.39,1.25,1.31,337500,1.31
2008-12-02,1.50,1.53,1.29,1.36,509900,1.36
2008-12-01,1.58,1.61,1.40,1.46,815500,1.46
2008-11-28,1.58,1.68,1.57,1.64,48700,1.64
2008-11-26,1.65,1.66,1.56,1.60,441900,1.60
2008-11-25,1.51,1.70,1.47,1.70,334600,1.70
2008-11-24,1.43,1.51,1.35,1.49,316800,1.49
2008-11-21,1.38,1.41,1.11,1.40,427800,1.40
2008-11-20,1.62,1.62,1.36,1.36,339000,1.36
2008-11-19,1.83,1.83,1.54,1.55,556000,1.55
2008-11-18,1.81,1.94,1.76,1.83,408700,1.83
2008-11-17,1.93,2.01,1.79,1.81,223100,1.81
2008-11-14,2.18,2.23,1.94,1.94,182600,1.94
2008-11-13,1.97,2.24,1.92,2.23,310900,2.23
2008-11-12,2.35,2.39,1.95,1.96,385400,1.96
2008-11-11,2.54,2.54,2.32,2.32,450000,2.32
2008-11-10,2.72,2.72,2.49,2.55,180400,2.55
2008-11-07,2.38,2.64,2.38,2.64,402200,2.64
2008-11-06,2.29,2.54,2.29,2.35,555000,2.35
2008-11-05,3.10,3.22,2.20,2.30,734600,2.30
2008-11-04,3.64,3.64,3.10,3.12,352100,3.12
2008-11-03,3.23,3.42,3.04,3.11,501600,3.11
2008-10-31,2.66,3.11,2.42,3.11,419300,3.11
2008-10-30,2.44,2.58,2.38,2.58,295800,2.58
2008-10-29,2.43,2.60,2.34,2.35,341900,2.35
2008-10-28,2.41,2.70,2.37,2.43,363300,2.43
2008-10-27,2.76,2.90,2.36,2.36,272600,2.36
2008-10-24,2.82,2.88,2.60,2.79,158300,2.79
2008-10-23,3.01,3.03,2.81,2.98,198000,2.98
2008-10-22,3.19,3.28,2.95,2.99,220200,2.99
2008-10-21,3.43,3.50,3.25,3.27,169700,3.27
2008-10-20,3.56,3.67,3.25,3.50,379100,3.50
2008-10-17,3.35,3.87,3.35,3.48,302800,3.48
2008-10-16,3.25,3.52,3.11,3.45,302100,3.45
2008-10-15,3.57,3.62,3.19,3.22,248000,3.22
2008-10-14,4.09,4.09,3.51,3.63,330400,3.63
2008-10-13,3.15,4.00,3.15,4.00,360000,4.00
2008-10-10,3.31,3.39,3.02,3.25,607500,3.25
2008-10-09,3.94,4.40,3.41,3.41,341800,3.41
2008-10-08,3.92,4.10,3.46,3.85,726400,3.85
2008-10-07,4.35,4.69,3.59,3.61,455300,3.61
2008-10-06,4.60,4.61,4.04,4.27,336800,4.27
2008-10-03,4.89,5.10,4.71,4.71,157400,4.71
2008-10-02,5.10,5.22,4.71,4.81,283000,4.81
2008-10-01,5.10,5.22,5.06,5.11,172400,5.11
2008-09-30,5.13,5.33,5.03,5.13,253400,5.13
2008-09-29,5.08,5.37,5.04,5.09,368500,5.09
2008-09-26,4.93,5.20,4.81,5.15,296100,5.15
2008-09-25,4.84,5.10,4.84,5.00,331200,5.00
2008-09-24,4.90,5.10,4.80,4.81,369600,4.81
2008-09-23,4.95,5.22,4.86,4.90,265400,4.90
2008-09-22,5.38,5.41,4.90,4.95,300900,4.95
2008-09-19,5.41,5.63,4.91,5.51,1213900,5.51
2008-09-18,4.75,5.20,4.65,5.10,1099200,5.10
2008-09-17,4.96,5.06,4.69,4.69,405800,4.69
2008-09-16,4.75,5.03,4.66,5.03,293000,5.03
2008-09-15,4.90,4.99,4.72,4.76,146100,4.76
2008-09-12,5.03,5.06,4.99,5.04,159300,5.04
2008-09-11,5.07,5.10,4.80,5.06,485000,5.06
2008-09-10,4.97,5.10,4.76,5.07,178800,5.07
2008-09-09,5.02,5.25,4.82,4.82,286200,4.82
2008-09-08,4.99,5.33,4.83,4.99,143100,4.99
2008-09-05,4.91,4.91,4.58,4.87,163100,4.87
2008-09-04,4.93,4.99,4.80,4.91,111400,4.91
2008-09-03,4.75,5.00,4.65,4.97,172400,4.97
2008-09-02,4.96,5.49,4.66,4.75,224000,4.75
2008-08-29,4.78,4.93,4.75,4.85,123300,4.85
2008-08-28,4.59,4.78,4.53,4.77,122200,4.77
2008-08-27,4.72,4.72,4.51,4.59,165200,4.59
2008-08-26,4.70,4.80,4.60,4.71,83200,4.71
2008-08-25,4.80,4.84,4.60,4.70,77800,4.70
2008-08-22,4.88,5.00,4.75,4.80,103700,4.80
2008-08-21,4.68,4.87,4.47,4.86,210100,4.86
2008-08-20,4.89,4.89,4.66,4.70,108800,4.70
2008-08-19,4.86,4.91,4.66,4.88,171600,4.88
2008-08-18,4.99,5.08,4.81,4.93,139600,4.93
2008-08-15,5.19,5.23,4.82,5.00,315300,5.00
2008-08-14,5.06,5.23,4.92,5.03,351200,5.03
2008-08-13,5.36,5.40,5.08,5.09,597500,5.09
2008-08-12,5.38,5.45,5.28,5.33,399200,5.33
2008-08-11,5.16,5.50,5.09,5.41,437200,5.41
2008-08-08,4.83,5.18,4.72,5.17,252700,5.17
2008-08-07,5.43,5.49,4.81,4.82,470300,4.82
2008-08-06,5.05,5.57,4.96,5.47,330400,5.47
2008-08-05,5.18,5.18,4.99,5.07,314200,5.07
2008-08-04,5.17,5.19,4.95,5.13,313300,5.13
2008-08-01,5.20,5.20,4.89,5.16,219900,5.16
2008-07-31,4.89,5.23,4.89,5.12,260300,5.12
2008-07-30,5.19,5.30,4.83,5.10,242700,5.10
2008-07-29,4.86,5.23,4.77,5.08,416000,5.08
2008-07-28,4.85,5.00,4.78,4.83,264000,4.83
2008-07-25,4.66,4.89,4.55,4.87,293900,4.87
2008-07-24,4.67,4.70,4.59,4.61,208600,4.61
2008-07-23,4.43,4.69,4.37,4.66,1009600,4.66
2008-07-22,4.22,4.46,4.22,4.45,185100,4.45
2008-07-21,4.42,4.56,4.23,4.26,172700,4.26
2008-07-18,4.46,4.50,4.36,4.41,403900,4.41
2008-07-17,4.24,4.47,4.22,4.44,342500,4.44
2008-07-16,4.05,4.26,3.99,4.22,685900,4.22
2008-07-15,3.76,4.00,3.76,3.99,599300,3.99
2008-07-14,3.87,3.93,3.78,3.81,268700,3.81
2008-07-11,3.73,3.85,3.67,3.85,281800,3.85
2008-07-10,3.76,3.86,3.69,3.77,436200,3.77
2008-07-09,3.61,4.00,3.60,3.77,509100,3.77
2008-07-08,3.38,3.68,3.35,3.62,480300,3.62
2008-07-07,3.41,3.41,3.29,3.34,263600,3.34
2008-07-03,3.23,3.39,3.18,3.38,192600,3.38
2008-07-02,3.26,3.28,3.16,3.22,237100,3.22
2008-07-01,3.29,3.35,3.14,3.27,280800,3.27
2008-06-30,3.50,3.75,3.30,3.31,1084100,3.31
2008-06-27,3.62,3.76,3.52,3.53,779400,3.53
2008-06-26,3.80,4.01,3.55,3.64,367500,3.64
2008-06-25,3.54,3.83,3.46,3.77,709000,3.77
2008-06-24,3.51,3.58,3.40,3.55,492500,3.55
2008-06-23,3.39,3.54,3.26,3.50,853600,3.50
2008-06-20,3.83,3.92,3.33,3.38,1011100,3.38
2008-06-19,3.86,3.89,3.75,3.84,212900,3.84
2008-06-18,4.03,4.07,3.74,3.86,274200,3.86
2008-06-17,4.10,4.14,4.04,4.09,282600,4.09
2008-06-16,4.01,4.12,3.96,4.10,212300,4.10
2008-06-13,4.10,4.15,3.95,4.00,105300,4.00
2008-06-12,3.98,4.12,3.96,3.98,224500,3.98
2008-06-11,4.09,4.14,3.94,3.94,282100,3.94
2008-06-10,4.23,4.23,4.05,4.12,154900,4.12
2008-06-09,4.48,4.55,4.22,4.25,238200,4.25
2008-06-06,4.57,4.59,4.45,4.49,134400,4.49
2008-06-05,4.48,4.72,4.41,4.61,304500,4.61
2008-06-04,4.60,4.62,4.38,4.44,253200,4.44
2008-06-03,4.59,4.77,4.39,4.39,177600,4.39
2008-06-02,4.73,4.94,4.44,4.58,177100,4.58
2008-05-30,4.90,5.01,4.73,4.75,472500,4.75
2008-05-29,4.47,4.95,4.47,4.91,428800,4.91
2008-05-28,4.52,4.52,4.34,4.49,263200,4.49
2008-05-27,4.40,4.53,4.30,4.53,311100,4.53
2008-05-23,4.39,4.49,4.22,4.39,308500,4.39
2008-05-22,4.02,4.34,4.00,4.34,286100,4.34
2008-05-21,4.07,4.08,3.95,4.01,207400,4.01
2008-05-20,4.12,4.17,4.00,4.05,159400,4.05
2008-05-19,4.25,4.25,4.11,4.16,239800,4.16
2008-05-16,4.42,4.42,4.23,4.26,211100,4.26
2008-05-15,4.18,4.38,4.04,4.37,529800,4.37
2008-05-14,4.30,4.36,4.15,4.19,197400,4.19
2008-05-13,4.41,4.41,4.10,4.21,289300,4.21
2008-05-12,4.39,4.50,4.35,4.45,139700,4.45
2008-05-09,4.28,4.37,4.25,4.37,156700,4.37
2008-05-08,4.39,4.56,4.31,4.36,270700,4.36
2008-05-07,4.65,4.74,4.30,4.34,245200,4.34
2008-05-06,4.61,4.67,4.52,4.64,193200,4.64
2008-05-05,4.59,4.70,4.54,4.63,190000,4.63
2008-05-02,4.75,4.82,4.55,4.62,310000,4.62
2008-05-01,4.52,4.71,4.52,4.69,113300,4.69
2008-04-30,4.54,4.72,4.42,4.50,188600,4.50
2008-04-29,4.77,4.77,4.60,4.63,147400,4.63
2008-04-28,4.79,4.82,4.71,4.76,77300,4.76
2008-04-25,4.88,4.90,4.60,4.82,178800,4.82
2008-04-24,4.81,4.88,4.60,4.88,141300,4.88
2008-04-23,4.67,4.80,4.64,4.65,135400,4.65
2008-04-22,4.94,4.94,4.55,4.64,139700,4.64
2008-04-21,4.98,5.06,4.89,4.97,184900,4.97
2008-04-18,4.88,5.24,4.83,5.03,418200,5.03
2008-04-17,4.86,4.94,4.75,4.80,196000,4.80
2008-04-16,4.74,4.94,4.65,4.87,572400,4.87
2008-04-15,4.44,4.77,4.44,4.60,484400,4.60
2008-04-14,4.36,4.51,4.33,4.40,293800,4.40
2008-04-11,4.29,4.38,4.25,4.35,281400,4.35
2008-04-10,4.38,4.50,4.32,4.35,207200,4.35
2008-04-09,4.54,4.60,4.30,4.40,304200,4.40
2008-04-08,4.49,4.58,4.29,4.54,1127200,4.54
2008-04-07,4.57,4.60,4.38,4.54,200100,4.54
2008-04-04,4.58,4.59,4.50,4.56,204400,4.56
2008-04-03,4.60,4.73,4.54,4.55,248300,4.55
2008-04-02,4.70,4.72,4.53,4.71,233900,4.71
2008-04-01,4.64,4.76,4.64,4.72,307300,4.72
2008-03-31,4.74,4.76,4.63,4.73,254700,4.73
2008-03-28,4.92,5.16,4.73,4.74,259700,4.74
2008-03-27,4.77,4.91,4.76,4.89,590300,4.89
2008-03-26,4.76,4.80,4.69,4.74,395900,4.74
2008-03-25,4.77,4.82,4.65,4.80,356400,4.80
2008-03-24,4.75,4.86,4.63,4.78,331700,4.78
2008-03-20,4.81,4.81,4.59,4.76,950100,4.76
2008-03-19,4.89,4.89,4.56,4.69,485700,4.69
2008-03-18,4.51,4.82,4.51,4.79,354800,4.79
2008-03-17,4.69,4.69,4.40,4.59,761900,4.59
2008-03-14,4.75,4.91,4.49,4.85,473000,4.85
2008-03-13,4.55,4.75,4.54,4.75,611500,4.75
2008-03-12,5.18,5.18,4.37,4.75,868800,4.75
2008-03-11,5.08,5.30,4.87,5.20,499800,5.20
2008-03-10,5.37,5.41,4.87,4.98,569000,4.98
2008-03-07,5.75,5.75,5.26,5.36,526300,5.36
2008-03-06,5.96,6.07,5.89,5.97,303800,5.97
2008-03-05,6.09,6.11,5.92,6.02,223400,6.02
2008-03-04,6.06,6.09,5.85,6.05,398900,6.05
2008-03-03,6.35,6.36,6.03,6.19,466800,6.19
2008-02-29,6.45,6.64,6.31,6.36,309400,6.36
2008-02-28,6.66,6.81,6.44,6.51,357800,6.51
2008-02-27,6.64,6.87,6.49,6.58,223900,6.58
2008-02-26,6.72,7.07,6.57,6.84,403500,6.84
2008-02-25,6.56,6.75,6.35,6.75,314900,6.75
2008-02-22,6.46,6.57,6.30,6.55,531600,6.55
2008-02-21,6.55,6.60,6.30,6.46,765900,6.46
2008-02-20,6.79,6.79,6.44,6.49,308900,6.49
2008-02-19,6.83,6.99,6.68,6.82,133000,6.82
2008-02-15,6.85,6.90,6.59,6.75,434400,6.75
2008-02-14,7.00,7.05,6.81,6.90,260500,6.90
2008-02-13,6.73,7.09,6.71,7.00,287500,7.00
2008-02-12,6.58,6.71,6.55,6.68,167300,6.68
2008-02-11,6.63,6.64,6.55,6.62,165900,6.62
2008-02-08,6.59,6.64,6.52,6.62,395600,6.62
2008-02-07,6.90,6.90,6.54,6.64,465800,6.64
2008-02-06,7.24,7.27,6.88,6.90,240000,6.90
2008-02-05,7.27,7.35,7.05,7.17,324100,7.17
2008-02-04,7.43,7.45,7.19,7.40,238000,7.40
2008-02-01,7.55,7.60,7.19,7.44,196200,7.44
2008-01-31,7.20,7.51,7.06,7.50,227200,7.50
2008-01-30,7.27,7.50,7.25,7.32,564600,7.32
2008-01-29,7.73,7.78,7.30,7.31,1092800,7.31
2008-01-28,7.48,7.81,7.44,7.73,241100,7.73
2008-01-25,7.39,7.49,7.16,7.48,400900,7.48
2008-01-24,7.45,7.45,7.28,7.34,563000,7.34
2008-01-23,7.34,7.51,7.08,7.50,522500,7.50
2008-01-22,7.46,7.75,7.18,7.53,758800,7.53
2008-01-18,7.87,8.15,7.69,7.85,636700,7.85
2008-01-17,8.09,8.12,7.91,7.98,430700,7.98
2008-01-16,7.82,8.19,7.82,8.07,893500,8.07
2008-01-15,7.61,7.84,7.52,7.82,322800,7.82
2008-01-14,7.69,7.75,7.46,7.72,1484600,7.72
2008-01-11,7.67,7.70,7.53,7.66,714500,7.66
2008-01-10,7.40,7.71,7.27,7.70,541400,7.70
2008-01-09,7.35,7.50,7.21,7.50,347100,7.50
2008-01-08,7.34,7.44,7.23,7.38,273500,7.38
2008-01-07,7.44,7.45,7.22,7.32,363900,7.32
2008-01-04,7.24,7.40,7.19,7.39,344000,7.39
2008-01-03,7.25,7.40,7.20,7.35,303300,7.35
2008-01-02,7.23,7.46,7.08,7.30,230600,7.30
2007-12-31,7.32,7.50,7.16,7.34,300100,7.34
2007-12-28,7.37,7.43,7.20,7.34,124700,7.34
2007-12-27,7.45,7.51,7.25,7.32,170600,7.32
2007-12-26,7.20,7.47,7.06,7.44,175600,7.44
2007-12-24,7.22,7.28,7.02,7.21,192900,7.21
2007-12-21,6.72,7.24,6.62,7.16,705300,7.16
2007-12-20,6.62,6.63,6.25,6.62,140600,6.62
2007-12-19,6.54,6.68,6.33,6.53,169600,6.53
2007-12-18,6.40,6.77,5.82,6.52,950200,6.52
2007-12-17,6.38,6.52,6.17,6.33,242100,6.33
2007-12-14,6.70,6.72,6.41,6.43,460000,6.43
2007-12-13,6.78,6.85,6.58,6.77,326000,6.77
2007-12-12,6.94,7.06,6.77,6.84,444400,6.84
2007-12-11,7.03,7.07,6.76,6.78,153500,6.78
2007-12-10,7.20,7.20,6.92,6.99,167300,6.99
2007-12-07,7.20,7.21,6.98,7.21,169800,7.21
2007-12-06,7.06,7.22,6.92,7.21,703600,7.21
2007-12-05,7.50,7.50,7.04,7.06,264300,7.06
2007-12-04,7.58,7.58,7.31,7.34,74000,7.34
2007-12-03,7.64,7.71,7.54,7.64,120000,7.64
2007-11-30,7.67,7.80,7.49,7.64,345200,7.64
2007-11-29,7.40,7.61,7.34,7.59,229400,7.59
2007-11-28,7.10,7.49,7.02,7.38,352300,7.38
2007-11-27,7.02,7.22,6.92,7.04,325100,7.04
2007-11-26,6.85,7.14,6.85,7.01,993200,7.01
2007-11-23,6.65,6.91,6.50,6.87,51700,6.87
2007-11-21,6.70,6.70,6.51,6.59,459300,6.59
2007-11-20,6.88,6.94,6.33,6.71,715200,6.71
2007-11-19,6.87,6.95,6.74,6.91,205000,6.91
2007-11-16,7.02,7.14,6.82,6.93,398900,6.93
2007-11-15,6.97,7.06,6.89,7.03,203000,7.03
2007-11-14,7.14,7.14,6.89,7.01,138400,7.01
2007-11-13,6.88,7.13,6.71,7.09,169200,7.09
2007-11-12,6.94,7.16,6.81,6.84,169000,6.84
2007-11-09,6.94,7.03,6.63,6.93,185200,6.93
2007-11-08,6.80,7.10,6.74,7.02,247000,7.02
2007-11-07,7.04,7.19,6.80,6.81,287000,6.81
2007-11-06,7.08,7.18,6.91,7.12,270600,7.12
2007-11-05,7.14,7.24,6.86,7.08,470900,7.08
2007-11-02,7.34,7.58,7.09,7.27,1026000,7.27
2007-11-01,7.38,7.40,7.04,7.22,344200,7.22
2007-10-31,7.24,7.45,7.10,7.39,287300,7.39
2007-10-30,7.04,7.40,7.04,7.29,300200,7.29
2007-10-29,7.10,7.42,7.10,7.39,261600,7.39
2007-10-26,7.16,7.43,7.03,7.09,203500,7.09
2007-10-25,7.05,7.39,6.90,7.08,399700,7.08
2007-10-24,7.14,7.14,6.85,7.04,179400,7.04
2007-10-23,7.03,7.16,6.86,7.14,196100,7.14
2007-10-22,6.85,7.10,6.80,6.95,217000,6.95
2007-10-19,7.21,7.27,6.89,6.92,247100,6.92
2007-10-18,7.39,7.45,7.18,7.21,148200,7.21
2007-10-17,7.52,7.59,7.28,7.42,98500,7.42
2007-10-16,7.52,7.56,7.37,7.46,82700,7.46
2007-10-15,7.47,7.65,7.30,7.51,128900,7.51
2007-10-12,7.48,7.62,7.40,7.50,113900,7.50
2007-10-11,7.70,7.73,7.30,7.48,292400,7.48
2007-10-10,7.90,7.95,7.62,7.70,846700,7.70
2007-10-09,7.74,7.95,7.70,7.90,91200,7.90
2007-10-08,7.84,7.84,7.64,7.70,172000,7.70
2007-10-05,7.68,7.90,7.57,7.88,291600,7.88
2007-10-04,7.70,7.86,7.55,7.60,305600,7.60
2007-10-03,7.65,7.80,7.62,7.72,174600,7.72
2007-10-02,7.79,7.79,7.50,7.70,73600,7.70
2007-10-01,7.50,7.75,7.38,7.65,142100,7.65
2007-09-28,7.63,7.70,7.32,7.49,243300,7.49
2007-09-27,7.79,7.80,7.59,7.66,128100,7.66
2007-09-26,7.59,7.80,7.51,7.80,273200,7.80
2007-09-25,7.30,7.57,7.23,7.54,125100,7.54
2007-09-24,7.42,7.48,7.26,7.35,142200,7.35
2007-09-21,7.51,7.51,7.35,7.45,280400,7.45
2007-09-20,7.51,7.58,7.29,7.44,182100,7.44
2007-09-19,7.63,7.67,7.43,7.53,205500,7.53
2007-09-18,7.31,7.63,7.19,7.54,207300,7.54
2007-09-17,7.32,7.34,7.12,7.29,138800,7.29
2007-09-14,7.40,7.43,7.23,7.36,211700,7.36
2007-09-13,7.49,7.58,7.37,7.42,293100,7.42
2007-09-12,7.45,7.70,7.40,7.46,169600,7.46
2007-09-11,7.58,7.60,7.40,7.50,167000,7.50
2007-09-10,7.63,7.69,7.39,7.53,377400,7.53
2007-09-07,7.70,7.70,7.55,7.61,136300,7.61
2007-09-06,7.67,7.76,7.62,7.69,376100,7.69
2007-09-05,7.70,7.73,7.55,7.63,216100,7.63
2007-09-04,7.55,7.78,7.47,7.70,227500,7.70
2007-08-31,7.68,7.68,7.45,7.60,179900,7.60
2007-08-30,7.49,7.72,7.41,7.55,136500,7.55
2007-08-29,7.56,7.69,7.42,7.59,97500,7.59
2007-08-28,7.59,7.62,7.40,7.53,179300,7.53
2007-08-27,7.70,7.75,7.50,7.63,95200,7.63
2007-08-24,7.68,7.70,7.38,7.65,118400,7.65
2007-08-23,7.57,7.66,7.35,7.66,183300,7.66
2007-08-22,7.53,7.72,7.53,7.62,226600,7.62
2007-08-21,7.65,7.65,7.45,7.52,102300,7.52
2007-08-20,7.67,7.80,7.41,7.60,179200,7.60
2007-08-17,7.94,7.96,7.58,7.67,398800,7.67
2007-08-16,7.40,7.64,7.25,7.49,380900,7.49
2007-08-15,7.30,7.55,7.20,7.41,354600,7.41
2007-08-14,7.29,7.40,7.16,7.25,391600,7.25
2007-08-13,7.50,7.50,7.06,7.31,598000,7.31
2007-08-10,7.54,7.98,6.96,7.42,1091100,7.42
2007-08-09,7.50,8.00,7.26,7.80,1390500,7.80
2007-08-08,7.07,7.75,6.96,7.45,1262000,7.45
2007-08-07,7.07,7.17,6.91,7.06,479900,7.06
2007-08-06,6.95,7.13,6.69,7.11,434600,7.11
2007-08-03,7.02,7.02,6.79,6.93,459300,6.93
2007-08-02,6.81,7.10,6.51,7.04,663000,7.04
2007-08-01,6.75,6.86,6.53,6.81,582300,6.81
2007-07-31,6.84,6.89,6.66,6.78,363000,6.78
2007-07-30,6.86,6.86,6.63,6.80,260000,6.80
2007-07-27,6.56,6.84,6.48,6.76,897100,6.76
2007-07-26,6.80,6.85,6.42,6.64,379700,6.64
2007-07-25,7.09,7.13,6.75,6.87,295700,6.87
2007-07-24,7.15,7.24,6.90,7.01,414400,7.01
2007-07-23,7.35,7.35,7.14,7.25,137100,7.25
2007-07-20,7.36,7.36,7.11,7.33,479300,7.33
2007-07-19,7.25,7.40,7.18,7.38,342400,7.38
2007-07-18,7.09,7.16,7.02,7.14,250400,7.14
2007-07-17,7.12,7.24,7.00,7.14,257100,7.14
2007-07-16,6.95,7.11,6.91,7.11,472300,7.11
2007-07-13,7.00,7.00,6.93,6.99,269400,6.99
2007-07-12,6.94,6.98,6.84,6.98,110100,6.98
2007-07-11,6.88,6.97,6.76,6.88,213900,6.88
2007-07-10,7.00,7.10,6.85,6.91,433300,6.91
2007-07-09,7.00,7.03,6.82,7.00,162900,7.00
2007-07-06,6.98,7.01,6.94,7.00,584700,7.00
2007-07-05,6.80,7.01,6.78,7.00,265800,7.00
2007-07-03,6.80,7.10,6.80,6.93,86800,6.93
2007-07-02,6.91,7.34,6.75,6.94,522500,6.94
2007-06-29,6.46,7.25,6.40,6.99,2094900,6.99
2007-06-28,6.37,6.49,6.29,6.47,212800,6.47
2007-06-27,6.31,6.43,6.10,6.34,426700,6.34
2007-06-26,6.28,6.48,6.25,6.37,287500,6.37
2007-06-25,6.27,6.59,6.11,6.27,331900,6.27
2007-06-22,6.37,6.43,6.16,6.29,478900,6.29
2007-06-21,6.35,6.64,6.28,6.42,312200,6.42
2007-06-20,6.57,6.82,6.33,6.39,298300,6.39
2007-06-19,6.73,6.89,6.54,6.58,267600,6.58
2007-06-18,6.67,6.92,6.55,6.67,234100,6.67
2007-06-15,6.93,6.93,6.55,6.69,356700,6.69
2007-06-14,6.78,6.90,6.66,6.77,173300,6.77
2007-06-13,6.77,6.84,6.69,6.72,240800,6.72
2007-06-12,6.79,7.00,6.56,6.73,312300,6.73
2007-06-11,6.36,7.00,6.36,6.80,356100,6.80
2007-06-08,6.29,6.66,6.29,6.37,189400,6.37
2007-06-07,6.63,7.01,6.23,6.43,485600,6.43
2007-06-06,6.73,6.96,6.45,6.68,429500,6.68
2007-06-05,6.83,7.00,6.60,6.79,282900,6.79
2007-06-04,7.05,7.10,6.76,6.87,203200,6.87
2007-06-01,7.09,7.17,6.95,7.01,252900,7.01
2007-05-31,6.94,7.10,6.83,7.00,1134900,7.00
2007-05-30,6.84,6.98,6.66,6.86,310200,6.86
2007-05-29,6.84,7.05,6.71,6.87,247700,6.87
2007-05-25,6.71,7.00,6.56,6.86,295000,6.86
2007-05-24,6.61,7.00,6.43,6.67,313600,6.67
2007-05-23,6.85,6.85,6.53,6.64,265600,6.64
2007-05-22,6.77,6.85,6.67,6.73,318000,6.73
2007-05-21,6.77,6.99,6.60,6.80,432200,6.80
2007-05-18,6.70,6.92,6.48,6.77,1526800,6.77
2007-05-17,6.62,6.80,6.48,6.67,333000,6.67
2007-05-16,6.66,7.35,6.36,6.65,281800,6.65
2007-05-15,6.59,7.00,6.16,6.63,835900,6.63
2007-05-14,7.05,7.05,6.50,6.62,637400,6.62
2007-05-11,7.05,7.20,6.81,7.00,455400,7.00
2007-05-10,7.32,7.39,7.00,7.05,543700,7.05
2007-05-09,7.10,7.71,7.00,7.37,355800,7.37
2007-05-08,7.24,7.24,6.86,7.12,387700,7.12
2007-05-07,7.30,7.40,7.26,7.32,255500,7.32
2007-05-04,7.26,7.41,7.26,7.32,303600,7.32
2007-05-03,7.36,7.42,7.27,7.31,198400,7.31
2007-05-02,6.95,7.52,6.95,7.38,205300,7.38
2007-05-01,7.22,7.40,7.00,7.35,281300,7.35
2007-04-30,7.30,7.50,7.15,7.24,352300,7.24
2007-04-27,7.25,7.35,7.25,7.30,275700,7.30
2007-04-26,7.20,7.33,7.20,7.32,216500,7.32
2007-04-25,7.35,7.36,7.27,7.30,163300,7.30
2007-04-24,7.24,7.38,7.24,7.33,300100,7.33
2007-04-23,7.24,7.37,7.24,7.30,228000,7.30
2007-04-20,7.51,7.55,7.31,7.38,258100,7.38
2007-04-19,7.24,7.56,7.24,7.39,487600,7.39
2007-04-18,7.39,7.73,7.20,7.45,167600,7.45
2007-04-17,7.57,7.59,7.16,7.44,412600,7.44
2007-04-16,7.21,7.59,7.21,7.50,436400,7.50
2007-04-13,7.19,7.47,7.06,7.35,1010400,7.35
2007-04-12,6.63,7.17,6.60,7.15,593700,7.15
2007-04-11,6.61,6.69,6.50,6.69,124700,6.69
2007-04-10,6.60,6.75,6.50,6.65,106000,6.65
2007-04-09,6.59,6.75,6.44,6.69,175500,6.69
2007-04-05,6.53,6.63,6.50,6.63,101200,6.63
2007-04-04,6.53,6.75,6.49,6.57,267100,6.57
2007-04-03,6.38,6.63,6.38,6.50,560000,6.50
2007-04-02,6.66,6.66,6.27,6.47,517600,6.47
2007-03-30,6.40,6.83,6.40,6.75,705900,6.75
2007-03-29,6.65,6.85,6.43,6.66,672800,6.66
2007-03-28,6.75,7.00,6.56,6.62,738000,6.62
2007-03-27,6.61,6.79,6.23,6.60,1817300,6.60
2007-03-26,5.92,5.99,5.88,5.97,72100,5.97
2007-03-23,5.93,5.99,5.88,5.95,75600,5.95
2007-03-22,5.99,6.03,5.87,5.90,163300,5.90
2007-03-21,5.70,6.00,5.59,5.95,181700,5.95
2007-03-20,5.33,5.71,5.29,5.68,255500,5.68
2007-03-19,5.40,5.50,5.25,5.29,135800,5.29
2007-03-16,5.45,5.51,5.30,5.38,294200,5.38
2007-03-15,5.56,5.61,5.36,5.44,155800,5.44
2007-03-14,5.47,5.59,5.29,5.56,167700,5.56
2007-03-13,5.87,5.91,5.38,5.49,175100,5.49
2007-03-12,5.85,6.00,5.77,5.93,122100,5.93
2007-03-09,6.08,6.08,5.84,5.95,133200,5.95
2007-03-08,6.02,6.02,5.83,6.00,167500,6.00
2007-03-07,5.80,6.03,5.71,5.98,235200,5.98
2007-03-06,5.68,5.83,5.53,5.82,144900,5.82
2007-03-05,5.70,5.93,5.30,5.75,204500,5.75
2007-03-02,5.85,5.88,5.65,5.84,193300,5.84
2007-03-01,5.95,5.95,5.73,5.90,111200,5.90
2007-02-28,5.72,6.16,5.56,5.91,172600,5.91
2007-02-27,5.65,5.82,5.50,5.76,206000,5.76
2007-02-26,6.04,6.04,5.64,5.76,221800,5.76
2007-02-23,5.97,6.04,5.87,5.99,204200,5.99
2007-02-22,5.92,6.00,5.85,5.99,101100,5.99
2007-02-21,5.95,6.02,5.85,5.89,76200,5.89
2007-02-20,6.00,6.05,5.87,6.00,296100,6.00
2007-02-16,5.91,6.11,5.81,6.03,449700,6.03
2007-02-15,5.89,5.96,5.81,5.91,122000,5.91
2007-02-14,5.96,5.97,5.80,5.94,82500,5.94
2007-02-13,5.90,6.04,5.81,5.92,85100,5.92
2007-02-12,6.20,6.20,5.85,5.92,105200,5.92
2007-02-09,5.96,6.00,5.81,5.95,115800,5.95
2007-02-08,5.90,5.98,5.74,5.93,117200,5.93
2007-02-07,5.93,6.00,5.71,5.92,42700,5.92
2007-02-06,5.96,6.00,5.70,5.95,173700,5.95
2007-02-05,6.00,6.01,5.85,5.98,98300,5.98
2007-02-02,6.09,6.10,5.85,5.98,110000,5.98
2007-02-01,6.14,6.14,6.00,6.09,88500,6.09
2007-01-31,6.17,6.25,6.02,6.13,157300,6.13
2007-01-30,6.00,6.24,5.95,6.17,644500,6.17
2007-01-29,6.00,6.10,5.90,5.95,276300,5.95
2007-01-26,6.10,6.25,5.95,6.02,425100,6.02
2007-01-25,6.24,6.25,5.94,6.10,176300,6.10
2007-01-24,6.30,6.31,6.07,6.24,76700,6.24
2007-01-23,6.18,6.33,6.10,6.30,220200,6.30
2007-01-22,6.10,6.20,5.97,6.17,200500,6.17
2007-01-19,6.00,6.20,5.90,6.20,170700,6.20
2007-01-18,5.80,6.04,5.75,6.00,171300,6.00
2007-01-17,6.15,6.18,5.97,5.99,229900,5.99
2007-01-16,6.00,6.08,5.96,6.02,408400,6.02
2007-01-12,5.95,6.04,5.85,6.00,112500,6.00
2007-01-11,5.97,6.00,5.72,5.95,224600,5.95
2007-01-10,5.90,5.99,5.75,5.95,192700,5.95
2007-01-09,5.60,5.98,5.50,5.94,371300,5.94
2007-01-08,5.55,5.60,5.25,5.60,152100,5.60
2007-01-05,5.55,5.70,5.40,5.56,202800,5.56
2007-01-04,5.82,5.85,5.00,5.60,492800,5.60
2007-01-03,6.45,6.48,5.78,5.89,289700,5.89
2006-12-29,6.15,6.25,6.00,6.25,218500,6.25
2006-12-28,6.25,6.28,6.00,6.15,123800,6.15
2006-12-27,6.30,6.30,6.19,6.25,80400,6.25
2006-12-26,6.15,6.20,6.11,6.20,80500,6.20
2006-12-22,6.23,6.23,6.00,6.15,192300,6.15
2006-12-21,6.20,6.23,6.07,6.16,144200,6.16
2006-12-20,6.26,6.26,6.00,6.20,105600,6.20
2006-12-19,6.30,6.40,6.13,6.26,278000,6.26
2006-12-18,6.24,6.61,6.20,6.31,233200,6.31
2006-12-15,6.20,6.35,6.15,6.24,530600,6.24
2006-12-14,6.19,6.20,6.11,6.19,138400,6.19
2006-12-13,6.20,6.20,6.10,6.16,194700,6.16
2006-12-12,6.25,6.25,6.04,6.16,509600,6.16
2006-12-11,5.95,6.25,5.92,6.20,265500,6.20
2006-12-08,5.97,5.99,5.83,5.90,88800,5.90
2006-12-07,5.92,5.93,5.81,5.93,113800,5.93
2006-12-06,5.80,5.95,5.65,5.86,262500,5.86
2006-12-05,5.64,5.90,5.51,5.82,365700,5.82
2006-12-04,5.75,5.75,5.50,5.64,529600,5.64
2006-12-01,5.30,5.75,5.15,5.75,351400,5.75
2006-11-30,5.12,5.30,5.10,5.26,445800,5.26
2006-11-29,5.09,5.15,5.03,5.14,290500,5.14
2006-11-28,5.07,5.09,4.95,5.08,103200,5.08
2006-11-27,5.25,5.25,4.89,5.09,452100,5.09
2006-11-24,5.01,5.09,5.01,5.08,106700,5.08
2006-11-22,5.10,5.11,5.00,5.06,86400,5.06
2006-11-21,5.08,5.10,4.97,5.10,126500,5.10
2006-11-20,5.20,5.20,4.97,5.05,209100,5.05
2006-11-17,4.98,5.15,4.95,5.10,333600,5.10
2006-11-16,5.08,5.09,4.91,5.00,593200,5.00
2006-11-15,4.94,5.15,4.80,5.06,382100,5.06
2006-11-14,4.63,4.82,4.60,4.80,552200,4.80
2006-11-13,4.50,4.58,4.40,4.58,108400,4.58
2006-11-10,4.40,4.45,4.25,4.45,99900,4.45
2006-11-09,4.50,4.50,4.25,4.40,155400,4.40
2006-11-08,4.25,4.49,4.25,4.40,70200,4.40
2006-11-07,4.05,4.30,3.99,4.26,122200,4.26
2006-11-06,4.16,4.20,4.00,4.05,116600,4.05
2006-11-03,4.03,4.19,3.98,4.06,46600,4.06
2006-11-02,4.11,4.15,4.00,4.01,225200,4.01
2006-11-01,4.39,4.39,4.05,4.15,152900,4.15
2006-10-31,4.50,4.57,4.30,4.38,47300,4.38
2006-10-30,4.59,4.64,4.25,4.45,120700,4.45
2006-10-27,4.65,4.67,4.40,4.52,81200,4.52
2006-10-26,4.59,4.65,4.30,4.65,102300,4.65
2006-10-25,4.58,4.58,4.25,4.49,43700,4.49
2006-10-24,4.62,4.69,4.35,4.51,67300,4.51
2006-10-23,4.69,4.69,4.60,4.65,65300,4.65
2006-10-20,4.43,4.75,4.40,4.65,121600,4.65
2006-10-19,4.24,4.49,4.16,4.40,153700,4.40
2006-10-18,4.29,4.29,4.17,4.19,62500,4.19
2006-10-17,4.23,4.25,4.15,4.23,62000,4.23
2006-10-16,4.15,4.25,4.12,4.24,101300,4.24
2006-10-13,4.09,4.15,4.09,4.11,117900,4.11
2006-10-12,3.99,4.10,3.95,4.06,101300,4.06
2006-10-11,4.08,4.08,3.85,3.89,87100,3.89
2006-10-10,4.07,4.08,3.91,3.99,50500,3.99
2006-10-09,4.08,4.18,4.01,4.05,111900,4.05
2006-10-06,3.89,4.10,3.85,3.98,81300,3.98
2006-10-05,3.62,3.89,3.62,3.89,161100,3.89
2006-10-04,3.50,3.65,3.45,3.60,65600,3.60
2006-10-03,3.50,3.55,3.40,3.51,99300,3.51
2006-10-02,3.60,3.75,3.40,3.51,148200,3.51
2006-09-29,3.74,3.79,3.56,3.61,102200,3.61
2006-09-28,3.79,3.80,3.60,3.74,350600,3.74
2006-09-27,3.62,3.80,3.62,3.79,45400,3.79
2006-09-26,3.67,3.75,3.60,3.65,60000,3.65
2006-09-25,3.75,3.75,3.60,3.66,57700,3.66
2006-09-22,3.55,3.60,3.50,3.53,51300,3.53
2006-09-21,3.62,3.88,3.49,3.54,324600,3.54
2006-09-20,3.55,3.85,3.55,3.58,131300,3.58
2006-09-19,3.63,3.64,3.45,3.51,119000,3.51
2006-09-18,3.75,3.85,3.60,3.63,87400,3.63
2006-09-15,3.64,3.77,3.47,3.77,210000,3.77
2006-09-14,3.63,3.72,3.58,3.61,72200,3.61
2006-09-13,3.63,3.72,3.55,3.65,331400,3.65
2006-09-12,3.50,3.64,3.41,3.61,282500,3.61
2006-09-11,3.65,3.77,3.53,3.54,40800,3.54
2006-09-08,3.62,3.85,3.55,3.67,205100,3.67
2006-09-07,3.58,3.63,3.53,3.56,22900,3.56
2006-09-06,3.83,3.84,3.61,3.61,47100,3.61
2006-09-05,3.78,3.89,3.71,3.86,25600,3.86
2006-09-01,3.94,3.96,3.76,3.76,58600,3.76
2006-08-31,3.80,4.00,3.80,3.90,152700,3.90
2006-08-30,3.75,3.85,3.70,3.78,92600,3.78
2006-08-29,3.88,3.88,3.56,3.75,106200,3.75
2006-08-28,3.80,3.85,3.74,3.81,62500,3.81
2006-08-25,3.69,3.80,3.68,3.79,23000,3.79
2006-08-24,3.71,3.78,3.60,3.70,16600,3.70
2006-08-23,3.85,3.93,3.69,3.69,21700,3.69
2006-08-22,3.78,3.80,3.76,3.80,9000,3.80
2006-08-21,3.82,3.84,3.70,3.79,35100,3.79
2006-08-18,3.98,3.98,3.76,3.84,20800,3.84
2006-08-17,3.90,3.96,3.84,3.89,52800,3.89
2006-08-16,3.83,3.83,3.63,3.79,250200,3.79
2006-08-15,3.75,3.86,3.70,3.81,53300,3.81
2006-08-14,3.80,3.80,3.65,3.73,62500,3.73
2006-08-11,3.83,3.83,3.63,3.68,23400,3.68
2006-08-10,3.75,3.84,3.60,3.81,96000,3.81
2006-08-09,3.90,3.95,3.73,3.75,79000,3.75
2006-08-08,3.92,3.92,3.70,3.75,66100,3.75
2006-08-07,3.78,4.01,3.74,3.90,88600,3.90
2006-08-04,4.09,4.18,3.78,3.88,59000,3.88
2006-08-03,3.95,4.10,3.90,4.05,28200,4.05
2006-08-02,4.08,4.10,3.90,4.00,46500,4.00
2006-08-01,4.00,4.09,3.90,4.03,118200,4.03
2006-07-31,4.00,4.05,3.91,4.01,47600,4.01
2006-07-28,3.83,4.25,3.82,4.05,88700,4.05
2006-07-27,4.03,4.03,3.66,3.73,122700,3.73
2006-07-26,3.79,4.04,3.62,3.93,118200,3.93
2006-07-25,3.56,3.80,3.55,3.79,106800,3.79
2006-07-24,3.38,3.60,3.38,3.58,50000,3.58
2006-07-21,3.25,3.40,3.02,3.28,179100,3.28
2006-07-20,3.60,3.65,3.31,3.34,70900,3.34
2006-07-19,3.35,3.63,3.30,3.60,118200,3.60
2006-07-18,3.30,3.40,3.10,3.35,56300,3.35
2006-07-17,3.31,3.39,3.01,3.24,202300,3.24
2006-07-14,3.45,3.51,3.30,3.30,99600,3.30
2006-07-13,3.65,3.65,3.40,3.43,142900,3.43
2006-07-12,3.70,3.80,3.65,3.70,65500,3.70
2006-07-11,3.55,3.70,3.55,3.70,147000,3.70
2006-07-10,3.56,3.96,3.45,3.60,138400,3.60
2006-07-07,3.61,3.62,3.40,3.55,199400,3.55
2006-07-06,3.85,3.93,3.52,3.61,220000,3.61
2006-07-05,3.96,4.08,3.85,3.86,140700,3.86
2006-07-03,4.03,4.18,4.00,4.06,153300,4.06
2006-06-30,4.45,4.45,3.98,3.98,2284600,3.98
2006-06-29,4.24,4.48,4.20,4.40,280900,4.40
2006-06-28,4.29,4.29,4.13,4.24,113600,4.24
2006-06-27,4.40,4.40,4.13,4.19,125600,4.19
2006-06-26,4.25,4.41,4.20,4.39,132700,4.39
2006-06-23,4.20,4.25,4.07,4.20,115000,4.20
2006-06-22,4.29,4.30,4.15,4.20,65300,4.20
2006-06-21,4.25,4.29,4.18,4.25,106800,4.25
2006-06-20,4.22,4.30,4.10,4.20,73100,4.20
2006-06-19,4.35,4.38,4.13,4.29,118300,4.29
2006-06-16,4.20,4.30,4.01,4.29,93000,4.29
2006-06-15,4.15,4.27,4.15,4.23,95600,4.23
2006-06-14,4.15,4.16,4.00,4.10,59000,4.10
2006-06-13,4.01,4.17,4.00,4.09,81700,4.09
2006-06-12,4.15,4.30,4.01,4.05,65500,4.05
2006-06-09,4.25,4.34,4.15,4.23,36700,4.23
2006-06-08,4.33,4.34,4.05,4.34,170000,4.34
2006-06-07,4.30,4.41,4.18,4.27,143600,4.27
2006-06-06,4.15,4.45,4.00,4.29,204000,4.29
2006-06-05,4.20,4.33,4.19,4.20,159000,4.20
2006-06-02,4.15,4.20,4.15,4.19,65400,4.19
2006-06-01,4.10,4.19,4.02,4.16,195800,4.16
2006-05-31,4.12,4.20,4.00,4.01,101100,4.01
2006-05-30,4.15,4.16,4.00,4.05,64300,4.05
2006-05-26,4.05,4.22,4.00,4.12,84000,4.12
2006-05-25,4.00,4.23,3.91,4.00,130700,4.00
2006-05-24,4.00,4.09,3.61,3.93,425100,3.93
2006-05-23,4.07,4.25,3.90,3.92,138100,3.92
2006-05-22,4.25,4.25,4.06,4.11,232200,4.11
2006-05-19,4.35,4.65,4.12,4.50,146700,4.50
2006-05-18,4.65,4.66,4.41,4.45,56100,4.45
2006-05-17,4.60,4.65,4.39,4.60,109600,4.60
2006-05-16,4.77,4.77,4.60,4.62,31300,4.62
2006-05-15,4.70,4.70,4.39,4.62,109800,4.62
2006-05-12,4.80,4.80,4.50,4.62,146700,4.62
2006-05-11,4.65,4.72,4.61,4.71,64000,4.71
2006-05-10,4.77,4.78,4.65,4.70,97600,4.70
2006-05-09,4.85,4.86,4.75,4.80,66100,4.80
2006-05-08,5.00,5.01,4.76,4.80,54000,4.80
2006-05-05,4.97,4.99,4.75,4.97,119800,4.97
2006-05-04,4.80,4.95,4.80,4.91,127700,4.91
2006-05-03,5.09,5.09,4.74,4.83,141900,4.83
2006-05-02,5.15,5.22,4.90,4.99,234800,4.99
2006-05-01,5.20,5.35,5.07,5.10,101600,5.10
2006-04-28,5.20,5.25,5.06,5.25,117800,5.25
2006-04-27,5.26,5.26,5.09,5.20,196600,5.20
2006-04-26,4.94,5.32,4.80,5.25,340600,5.25
2006-04-25,5.05,5.10,4.91,5.00,104100,5.00
2006-04-24,5.20,5.20,4.97,5.06,72200,5.06
2006-04-21,5.10,5.37,5.08,5.17,90600,5.17
2006-04-20,5.10,5.15,5.00,5.05,46100,5.05
2006-04-19,5.00,5.10,4.90,5.00,51700,5.00
2006-04-18,4.90,4.99,4.87,4.95,35500,4.95
2006-04-17,5.10,5.19,4.90,4.92,60700,4.92
2006-04-13,4.99,5.15,4.87,5.00,34300,5.00
2006-04-12,4.95,5.10,4.87,4.99,54200,4.99
2006-04-11,5.20,5.24,5.05,5.10,69500,5.10
2006-04-10,5.02,5.34,5.02,5.20,131500,5.20
2006-04-07,5.20,5.25,5.00,5.03,59500,5.03
2006-04-06,5.22,5.30,5.17,5.30,236700,5.30
2006-04-05,4.92,5.10,4.92,5.06,42300,5.06
2006-04-04,4.87,5.20,4.87,4.92,68500,4.92
2006-04-03,4.80,4.97,4.75,4.97,25500,4.97
2006-03-31,4.70,4.91,4.70,4.86,76500,4.86
2006-03-30,4.88,4.92,4.86,4.88,43900,4.88
2006-03-29,5.10,5.10,4.87,4.92,90800,4.92
2006-03-28,4.88,5.02,4.80,4.92,213000,4.92
2006-03-27,4.88,4.88,4.76,4.77,18200,4.77
2006-03-24,4.81,4.85,4.80,4.80,89800,4.80
2006-03-23,4.90,4.96,4.81,4.86,142000,4.86
2006-03-22,5.25,5.25,5.04,5.05,44200,5.05
2006-03-21,5.20,5.37,5.08,5.20,177200,5.20
2006-03-20,5.35,5.55,5.21,5.22,316800,5.22
2006-03-17,4.65,5.35,4.61,5.20,271300,5.20
2006-03-16,4.76,4.76,4.62,4.62,17400,4.62
2006-03-15,4.79,4.79,4.72,4.72,24700,4.72
2006-03-14,4.70,4.79,4.70,4.79,91800,4.79
2006-03-13,4.69,4.74,4.61,4.71,92000,4.71
2006-03-10,4.45,4.70,4.36,4.62,172400,4.62
2006-03-09,4.80,4.86,4.80,4.83,52000,4.83
2006-03-08,4.86,4.91,4.80,4.86,114300,4.86
2006-03-07,4.70,4.90,4.70,4.85,176800,4.85
2006-03-06,4.90,4.94,4.62,4.80,309600,4.80
2006-03-03,4.85,5.07,4.81,4.85,403600,4.85
2006-03-02,4.60,4.80,4.55,4.75,538300,4.75
2006-03-01,4.55,4.56,4.50,4.52,141800,4.52
2006-02-28,4.38,4.65,4.30,4.65,158300,4.65
2006-02-27,4.32,4.40,4.32,4.40,3600,4.40
2006-02-24,4.32,4.44,4.32,4.35,36500,4.35
2006-02-23,4.35,4.35,4.25,4.32,14500,4.32
2006-02-22,4.28,4.44,4.25,4.39,26700,4.39
2006-02-21,4.14,4.30,4.12,4.26,207200,4.26
2006-02-17,4.12,4.23,4.12,4.19,7900,4.19
2006-02-16,4.20,4.24,4.12,4.24,29000,4.24
2006-02-15,4.12,4.18,4.12,4.15,31400,4.15
2006-02-14,4.24,4.26,4.11,4.15,36600,4.15
2006-02-13,4.20,4.55,4.15,4.24,517800,4.24
2006-02-10,4.08,4.25,4.08,4.22,118100,4.22
2006-02-09,4.00,4.25,4.00,4.06,24900,4.06
2006-02-08,4.05,4.05,3.99,4.00,27300,4.00
2006-02-07,4.00,4.10,4.00,4.10,16800,4.10
2006-02-06,4.05,4.10,4.00,4.06,10000,4.06
2006-02-03,4.05,4.10,3.90,4.10,102500,4.10
2006-02-02,4.15,4.17,4.10,4.10,10500,4.10
2006-02-01,4.15,4.20,4.10,4.20,11000,4.20
2006-01-31,4.20,4.20,4.12,4.20,69400,4.20
2006-01-30,4.28,4.30,4.25,4.25,21300,4.25
2006-01-27,4.05,4.28,4.05,4.28,51400,4.28
2006-01-26,4.10,4.13,4.09,4.09,11500,4.09
2006-01-25,4.13,4.14,4.09,4.14,12000,4.14
2006-01-24,4.20,4.20,4.10,4.15,88400,4.15
2006-01-23,4.25,4.25,3.93,4.22,33000,4.22
2006-01-20,4.30,4.38,4.25,4.25,66400,4.25
2006-01-19,4.25,4.34,4.25,4.29,60200,4.29
2006-01-18,4.23,4.30,4.20,4.25,81000,4.25
2006-01-17,4.30,4.35,4.24,4.31,121600,4.31
2006-01-13,4.40,4.54,4.32,4.35,403400,4.35
2006-01-12,4.42,4.43,4.13,4.32,67500,4.32
2006-01-11,4.45,4.55,4.37,4.46,169500,4.46
2006-01-10,4.35,4.53,4.30,4.40,99800,4.40
2006-01-09,4.27,4.34,4.23,4.30,80400,4.30
2006-01-06,4.25,4.30,4.20,4.22,61800,4.22
2006-01-05,4.20,4.39,4.20,4.30,93800,4.30
2006-01-04,4.35,4.43,4.17,4.30,134100,4.30
2006-01-03,4.56,4.60,4.22,4.37,343800,4.37
2005-12-30,4.40,4.91,4.35,4.56,501300,4.56
2005-12-29,4.37,4.45,4.37,4.41,29000,4.41
2005-12-28,4.30,4.40,4.30,4.40,34500,4.40
2005-12-27,4.44,4.50,4.30,4.30,51100,4.30
2005-12-23,4.45,4.50,4.40,4.50,27900,4.50
2005-12-22,4.45,4.50,4.42,4.45,29500,4.45
2005-12-21,4.33,4.50,4.33,4.42,27700,4.42
2005-12-20,4.45,4.50,4.37,4.41,75000,4.41
2005-12-19,4.58,4.61,4.35,4.46,132000,4.46
2005-12-16,4.60,4.65,4.44,4.44,81200,4.44
2005-12-15,4.75,4.75,4.45,4.56,176600,4.56
2005-12-14,4.60,4.85,4.25,4.74,1203900,4.74
2005-12-13,3.40,3.85,3.40,3.84,36300,3.84
2005-12-12,3.60,3.60,3.44,3.44,37200,3.44
2005-12-09,3.69,3.75,3.56,3.62,52000,3.62
2005-12-08,3.77,3.80,3.71,3.75,30200,3.75
2005-12-07,3.84,3.84,3.66,3.80,32700,3.80
2005-12-06,4.03,4.03,3.80,3.85,82200,3.85
2005-12-05,4.03,4.03,3.87,3.89,74100,3.89
2005-12-02,4.05,4.07,3.95,3.98,22200,3.98
2005-12-01,4.10,4.10,3.90,4.07,37200,4.07
2005-11-30,4.02,4.10,3.99,4.10,38400,4.10
2005-11-29,4.02,4.05,3.90,4.05,32400,4.05
2005-11-28,4.09,4.09,3.85,4.02,82600,4.02
2005-11-25,4.00,4.10,4.00,4.10,25600,4.10
2005-11-23,4.15,4.15,3.95,4.04,57000,4.04
2005-11-22,4.00,4.05,3.90,4.00,40600,4.00
2005-11-21,4.15,4.15,3.92,4.07,82300,4.07
2005-11-18,4.18,4.21,4.14,4.14,25000,4.14
2005-11-17,4.14,4.20,4.10,4.15,23800,4.15
2005-11-16,4.27,4.32,4.20,4.23,74700,4.23
2005-11-15,4.18,4.50,4.15,4.39,260600,4.39
2005-11-14,4.08,4.18,4.08,4.13,103600,4.13
2005-11-11,4.07,4.10,4.00,4.10,163400,4.10
2005-11-10,3.80,4.05,3.80,4.00,329100,4.00
2005-11-09,3.89,3.93,3.81,3.85,16900,3.85
2005-11-08,3.85,4.05,3.80,3.89,35800,3.89
2005-11-07,3.90,3.90,3.75,3.90,60100,3.90
2005-11-04,3.94,4.05,3.84,4.00,45700,4.00
2005-11-03,4.07,4.07,3.90,4.04,22000,4.04
2005-11-02,4.10,4.10,4.00,4.10,74100,4.10
2005-11-01,4.00,4.03,3.92,3.95,19100,3.95
2005-10-31,3.94,4.10,3.85,4.10,52000,4.10
2005-10-28,3.95,4.00,3.91,3.94,58100,3.94
2005-10-27,3.90,4.00,3.90,3.98,59300,3.98
2005-10-26,3.95,3.95,3.80,3.85,21400,3.85
2005-10-25,3.98,4.02,3.93,3.94,49100,3.94
2005-10-24,3.83,4.05,3.83,3.98,169400,3.98
2005-10-21,3.75,3.84,3.62,3.78,43100,3.78
2005-10-20,3.85,3.88,3.65,3.69,64900,3.69
2005-10-19,3.95,4.00,3.83,3.90,139100,3.90
2005-10-18,4.23,4.33,3.90,4.06,245000,4.06
2005-10-17,4.00,4.30,4.00,4.18,286100,4.18
2005-10-14,3.70,4.00,3.70,3.97,165600,3.97
2005-10-13,3.68,3.85,3.68,3.75,70000,3.75
2005-10-12,3.70,3.75,3.66,3.75,58000,3.75
2005-10-11,3.45,3.90,3.45,3.75,103500,3.75
2005-10-10,3.47,3.79,3.47,3.55,207100,3.55
2005-10-07,3.19,3.25,3.17,3.25,11500,3.25
2005-10-06,3.24,3.25,3.12,3.19,48900,3.19
2005-10-05,3.23,3.35,3.20,3.27,30500,3.27
2005-10-04,3.19,3.39,3.17,3.33,19000,3.33
2005-10-03,3.40,3.40,3.15,3.29,7900,3.29
2005-09-30,3.38,3.40,3.29,3.40,31900,3.40
2005-09-29,3.45,3.49,3.36,3.40,20100,3.40
2005-09-28,3.16,3.41,3.16,3.40,39900,3.40
2005-09-27,3.18,3.20,3.12,3.13,35700,3.13
2005-09-26,3.30,3.40,3.13,3.20,59600,3.20
2005-09-23,3.30,3.30,3.18,3.24,4600,3.24
2005-09-22,3.40,3.40,3.07,3.29,59500,3.29
2005-09-21,3.42,3.48,3.25,3.39,46000,3.39
2005-09-20,3.46,3.50,3.35,3.45,77600,3.45
2005-09-19,3.47,3.50,3.45,3.45,23500,3.45
2005-09-16,3.64,3.80,3.43,3.47,243700,3.47
2005-09-15,3.30,3.64,3.30,3.64,323400,3.64
2005-09-14,3.18,3.18,3.01,3.05,406800,3.05
2005-09-13,3.20,3.23,3.14,3.15,61800,3.15
2005-09-12,3.05,3.23,3.05,3.15,29200,3.15
2005-09-09,3.10,3.14,2.98,3.06,51300,3.06
2005-09-08,3.00,3.07,2.95,3.04,91600,3.04
2005-09-07,2.81,3.12,2.81,2.99,250900,2.99
2005-09-06,2.78,2.95,2.60,2.73,87400,2.73
2005-09-02,2.70,2.78,2.68,2.78,6100,2.78
2005-09-01,2.70,2.70,2.61,2.68,17100,2.68
2005-08-31,2.71,2.76,2.56,2.76,20400,2.76
2005-08-30,2.58,2.68,2.51,2.68,29000,2.68
2005-08-29,2.66,2.66,2.58,2.58,49000,2.58
2005-08-26,2.65,2.67,2.54,2.62,18900,2.62
2005-08-25,2.68,2.68,2.68,2.68,000,2.68
2005-08-24,2.60,2.68,2.60,2.68,2900,2.68
2005-08-23,2.60,2.62,2.55,2.55,16100,2.55
2005-08-22,2.66,2.66,2.55,2.58,11400,2.58
2005-08-19,2.60,2.75,2.60,2.70,5600,2.70
2005-08-18,2.75,2.77,2.65,2.65,4600,2.65
2005-08-17,2.80,2.80,2.76,2.76,5700,2.76
2005-08-16,2.75,2.78,2.75,2.75,3900,2.75
2005-08-15,2.80,2.80,2.80,2.80,2000,2.80
2005-08-12,2.90,2.90,2.71,2.80,19900,2.80
2005-08-11,2.79,2.85,2.75,2.81,17800,2.81
2005-08-10,2.81,2.85,2.79,2.79,19300,2.79
2005-08-09,2.85,2.85,2.80,2.80,3600,2.80
2005-08-08,2.80,2.85,2.80,2.85,8100,2.85
2005-08-05,2.86,2.94,2.82,2.82,17500,2.82
2005-08-04,2.84,2.85,2.82,2.82,60400,2.82
2005-08-03,2.91,2.95,2.80,2.95,5200,2.95
2005-08-02,2.94,2.98,2.91,2.91,17000,2.91
2005-08-01,2.86,2.95,2.85,2.89,31400,2.89
2005-07-29,2.82,2.86,2.82,2.86,400,2.86
2005-07-28,2.84,2.86,2.81,2.84,32500,2.84
2005-07-27,2.90,3.00,2.90,2.94,48000,2.94
2005-07-26,3.00,3.08,2.95,3.08,36500,3.08
2005-07-25,3.10,3.10,2.95,3.00,7200,3.00
2005-07-22,3.10,3.15,3.01,3.15,52300,3.15
2005-07-21,2.96,3.25,2.96,3.10,8800,3.10
2005-07-20,2.95,3.05,2.93,3.01,6000,3.01
2005-07-19,2.95,3.15,2.95,3.04,18900,3.04
2005-07-18,2.97,2.97,2.94,2.97,2700,2.97
2005-07-15,2.90,3.00,2.90,2.97,4100,2.97
2005-07-14,2.82,2.85,2.81,2.84,4400,2.84
2005-07-13,2.83,2.90,2.79,2.83,1700,2.83
2005-07-12,2.96,2.96,2.75,2.85,28100,2.85
2005-07-11,2.92,2.97,2.87,2.97,32000,2.97
2005-07-08,2.95,3.05,2.86,2.94,72300,2.94
2005-07-07,2.60,3.00,2.60,2.98,81500,2.98
2005-07-06,2.53,2.67,2.53,2.67,56400,2.67
2005-07-05,2.44,2.60,2.40,2.60,48100,2.60
2005-07-01,2.59,2.59,2.17,2.58,57400,2.58
2005-06-30,2.35,2.54,2.35,2.54,60400,2.54
2005-06-29,2.49,2.49,2.32,2.40,72700,2.40
2005-06-28,2.55,2.60,2.50,2.51,45400,2.51
2005-06-27,2.56,2.56,2.51,2.52,29000,2.52
2005-06-24,2.51,2.59,2.51,2.52,8700,2.52
2005-06-23,2.53,2.54,2.51,2.51,10400,2.51
2005-06-22,2.54,2.58,2.49,2.55,30900,2.55
2005-06-21,2.54,2.58,2.54,2.57,800,2.57
2005-06-20,2.51,2.54,2.45,2.54,5300,2.54
2005-06-17,2.55,2.58,2.54,2.58,3800,2.58
2005-06-16,2.58,2.58,2.50,2.50,500,2.50
2005-06-15,2.54,2.65,2.49,2.55,8000,2.55
2005-06-14,2.63,2.63,2.53,2.54,6000,2.54
2005-06-13,2.75,2.75,2.60,2.68,7800,2.68
2005-06-10,2.56,2.67,2.47,2.67,45000,2.67
2005-06-09,2.55,2.65,2.55,2.58,6200,2.58
2005-06-08,2.55,2.59,2.50,2.50,2100,2.50
2005-06-07,2.60,2.60,2.50,2.50,24100,2.50
2005-06-06,2.56,2.65,2.55,2.65,14600,2.65
2005-06-03,2.65,2.73,2.62,2.71,4700,2.71
2005-06-02,2.79,2.85,2.65,2.75,10900,2.75
2005-06-01,2.95,2.95,2.81,2.81,6000,2.81
2005-05-31,2.94,2.95,2.94,2.94,3800,2.94
2005-05-27,2.95,2.95,2.93,2.95,11500,2.95
2005-05-26,2.80,2.97,2.70,2.97,45700,2.97
2005-05-25,2.90,3.09,2.85,2.95,39300,2.95
2005-05-24,2.46,2.90,2.46,2.90,56500,2.90
2005-05-23,2.50,2.53,2.46,2.46,6600,2.46
2005-05-20,2.61,2.62,2.52,2.53,7700,2.53
2005-05-19,2.70,2.75,2.50,2.51,14500,2.51
2005-05-18,2.60,2.74,2.53,2.74,21300,2.74
2005-05-17,2.50,2.60,2.50,2.60,17000,2.60
2005-05-16,2.49,2.50,2.41,2.45,3900,2.45
2005-05-13,2.45,2.45,2.34,2.45,11200,2.45
2005-05-12,2.51,2.55,2.50,2.50,1100,2.50
2005-05-11,2.55,2.55,2.50,2.50,8300,2.50
2005-05-10,2.53,2.60,2.51,2.60,16100,2.60
2005-05-09,2.60,2.60,2.56,2.56,1800,2.56
2005-05-06,2.59,2.60,2.55,2.60,10700,2.60
2005-05-05,2.64,2.65,2.60,2.65,17900,2.65
2005-05-04,2.73,2.73,2.64,2.70,19600,2.70
2005-05-03,2.58,2.65,2.53,2.65,4700,2.65
2005-05-02,2.65,2.65,2.59,2.62,6900,2.62
2005-04-29,2.50,2.66,2.50,2.66,9100,2.66
2005-04-28,2.50,2.52,2.49,2.52,34100,2.52
2005-04-27,2.61,2.64,2.46,2.51,32500,2.51
2005-04-26,2.61,2.61,2.61,2.61,200,2.61
2005-04-25,2.60,2.60,2.59,2.60,7000,2.60
2005-04-22,2.62,2.62,2.57,2.57,1200,2.57
2005-04-21,2.64,2.68,2.60,2.66,7500,2.66
2005-04-20,2.60,2.73,2.60,2.60,10100,2.60
2005-04-19,2.60,2.62,2.55,2.55,20300,2.55
2005-04-18,2.68,2.70,2.55,2.55,4500,2.55
2005-04-15,2.85,2.91,2.70,2.73,28600,2.73
2005-04-14,3.10,3.10,2.90,2.92,11400,2.92
2005-04-13,2.90,3.18,2.86,3.06,26800,3.06
2005-04-12,3.00,3.15,2.99,2.99,11800,2.99
2005-04-11,3.00,3.05,2.99,3.00,10000,3.00
2005-04-08,2.70,3.00,2.70,2.96,8400,2.96
2005-04-07,2.70,2.73,2.65,2.73,6300,2.73
2005-04-06,2.25,2.65,2.25,2.65,42800,2.65
2005-04-05,2.60,2.60,2.20,2.30,30300,2.30
2005-04-04,2.68,2.68,2.59,2.59,1400,2.59
2005-04-01,2.77,2.77,2.61,2.61,23700,2.61
2005-03-31,2.80,2.85,2.75,2.77,62100,2.77
2005-03-30,2.65,2.80,2.65,2.75,14200,2.75
2005-03-29,2.82,2.82,2.75,2.79,3000,2.79
2005-03-28,3.00,3.10,2.76,2.87,9500,2.87
2005-03-24,3.25,3.28,2.95,3.04,26200,3.04
2005-03-23,3.23,3.25,3.21,3.25,2700,3.25
2005-03-22,3.37,3.39,3.16,3.18,14900,3.18
2005-03-21,3.30,3.30,3.20,3.30,6400,3.30
2005-03-18,3.36,3.36,3.15,3.35,27400,3.35
2005-03-17,3.45,3.45,3.30,3.30,8500,3.30
2005-03-16,3.50,3.50,3.35,3.50,24900,3.50
2005-03-15,3.51,3.51,3.50,3.50,2000,3.50
2005-03-14,3.50,3.50,3.50,3.50,8600,3.50
2005-03-11,3.58,3.58,3.52,3.52,600,3.52
2005-03-10,3.42,3.59,3.11,3.55,67200,3.55
2005-03-09,3.40,3.40,3.37,3.39,2600,3.39
2005-03-08,3.46,3.46,3.27,3.45,10300,3.45
2005-03-07,3.25,3.75,3.25,3.55,5200,3.55
2005-03-04,3.75,3.75,3.64,3.65,42300,3.65
2005-03-03,3.50,3.52,3.50,3.51,39700,3.51
2005-03-02,3.40,3.40,3.40,3.40,200,3.40
2005-03-01,3.51,3.51,3.40,3.45,6600,3.45
2005-02-28,3.70,3.70,3.51,3.51,9000,3.51
2005-02-25,3.50,3.65,3.40,3.60,50600,3.60
2005-02-24,3.55,3.55,3.55,3.55,1000,3.55
2005-02-23,3.45,3.60,3.30,3.60,27300,3.60
2005-02-22,3.53,3.60,3.50,3.50,11400,3.50
2005-02-18,3.60,3.60,3.48,3.60,15200,3.60
2005-02-17,3.65,3.70,3.60,3.60,18800,3.60
2005-02-16,3.60,3.70,3.60,3.62,6100,3.62
2005-02-15,3.60,3.60,3.55,3.55,1600,3.55
2005-02-14,3.70,3.70,3.55,3.55,21600,3.55
2005-02-11,3.70,3.75,3.70,3.70,36200,3.70
2005-02-10,3.70,3.70,3.68,3.68,5900,3.68
2005-02-09,3.67,3.68,3.65,3.68,13700,3.68
2005-02-08,3.65,3.67,3.65,3.67,12500,3.67
2005-02-07,3.67,3.75,3.67,3.67,6700,3.67
2005-02-04,3.67,3.69,3.67,3.67,900,3.67
2005-02-03,3.70,3.70,3.70,3.70,2300,3.70
2005-02-02,3.60,3.70,3.60,3.70,15700,3.70
2005-02-01,3.65,3.68,3.65,3.68,4600,3.68
2005-01-31,3.60,3.70,3.50,3.70,35500,3.70
2005-01-28,3.70,3.70,3.45,3.68,14400,3.68
2005-01-27,3.69,3.69,3.55,3.65,37200,3.65
2005-01-26,3.75,3.75,3.70,3.75,95600,3.75
2005-01-25,3.78,3.78,3.70,3.70,4900,3.70
2005-01-24,3.70,3.75,3.70,3.74,40200,3.74
2005-01-21,3.69,3.80,3.69,3.69,39300,3.69
2005-01-20,3.75,3.90,3.70,3.70,73300,3.70
2005-01-19,3.75,3.75,3.75,3.75,5200,3.75
2005-01-18,3.88,3.88,3.77,3.88,9000,3.88
2005-01-14,3.77,3.77,3.75,3.75,1300,3.75
2005-01-13,3.80,3.80,3.78,3.80,21300,3.80
2005-01-12,3.70,3.76,3.70,3.76,4800,3.76
2005-01-11,3.53,3.65,3.45,3.65,13000,3.65
2005-01-10,3.80,3.80,3.63,3.63,8900,3.63
2005-01-07,3.90,3.90,3.72,3.80,14800,3.80
2005-01-06,3.85,3.90,3.73,3.90,33800,3.90
2005-01-05,3.92,3.92,3.85,3.88,5900,3.88
2005-01-04,3.80,3.87,3.75,3.87,22900,3.87
2005-01-03,3.83,3.95,3.83,3.90,9500,3.90
2004-12-31,3.74,3.83,3.65,3.83,20800,3.83
2004-12-30,3.80,3.80,3.65,3.79,18000,3.79
2004-12-29,3.80,3.80,3.62,3.78,14600,3.78
2004-12-28,3.80,3.95,3.70,3.77,24500,3.77
2004-12-27,3.75,3.80,3.73,3.80,15500,3.80
2004-12-23,3.72,3.77,3.68,3.75,24200,3.75
2004-12-22,3.73,3.75,3.60,3.75,10500,3.75
2004-12-21,3.75,3.80,3.65,3.65,42000,3.65
2004-12-20,3.75,3.80,3.75,3.75,25200,3.75
2004-12-17,3.67,3.79,3.60,3.76,37400,3.76
2004-12-16,3.63,3.92,3.60,3.77,36100,3.77
2004-12-15,3.52,3.70,3.52,3.70,17900,3.70
2004-12-14,3.77,3.80,3.60,3.67,14900,3.67
2004-12-13,3.89,3.89,3.75,3.79,10500,3.79
2004-12-10,3.80,3.85,3.80,3.85,19900,3.85
2004-12-09,3.75,4.00,3.70,3.95,27100,3.95
2004-12-08,3.68,3.85,3.68,3.85,9400,3.85
2004-12-07,3.75,3.75,3.68,3.70,4000,3.70
2004-12-06,3.80,3.80,3.75,3.80,5300,3.80
2004-12-03,3.96,3.96,3.85,3.85,16900,3.85
2004-12-02,3.90,4.00,3.90,3.90,22900,3.90
2004-12-01,4.00,4.05,3.95,4.02,64600,4.02
2004-11-30,3.80,4.16,3.80,4.16,54000,4.16
2004-11-29,3.70,4.00,3.70,3.90,37700,3.90
2004-11-26,3.85,3.96,3.60,3.65,17800,3.65
2004-11-24,3.86,4.00,3.86,3.90,22400,3.90
2004-11-23,3.95,3.95,3.75,3.83,10300,3.83
2004-11-22,4.15,4.15,3.90,3.90,62500,3.90
2004-11-19,4.01,4.30,3.76,4.23,161200,4.23
2004-11-18,3.85,4.05,3.75,4.00,88800,4.00
2004-11-17,3.75,3.85,3.73,3.85,2700,3.85
2004-11-16,3.96,3.97,3.70,3.85,89400,3.85
2004-11-15,4.00,4.01,3.96,3.99,124700,3.99
2004-11-12,3.90,3.95,3.88,3.94,84200,3.94
2004-11-11,3.75,3.99,3.75,3.90,30000,3.90
2004-11-10,3.80,3.95,3.80,3.95,60600,3.95
2004-11-09,3.89,3.89,3.70,3.81,30800,3.81
2004-11-08,3.78,3.85,3.68,3.80,22300,3.80
2004-11-05,3.80,3.90,3.80,3.80,8400,3.80
2004-11-04,3.86,3.93,3.86,3.90,12200,3.90
2004-11-03,3.92,4.00,3.88,3.94,29800,3.94
2004-11-02,4.00,4.03,3.90,3.90,22100,3.90
2004-11-01,4.08,4.08,3.94,3.99,31200,3.99
2004-10-29,4.10,4.10,4.08,4.10,10000,4.10
2004-10-28,4.05,4.10,3.95,4.10,72000,4.10
2004-10-27,3.95,4.05,3.91,4.00,78300,4.00
2004-10-26,3.79,4.00,3.79,3.88,95500,3.88
2004-10-25,3.95,3.95,3.70,3.70,35500,3.70
2004-10-22,4.15,4.15,3.85,3.95,54100,3.95
2004-10-21,4.10,4.15,4.05,4.15,55300,4.15
2004-10-20,3.85,4.15,3.85,4.10,147500,4.10
2004-10-19,3.85,3.85,3.67,3.85,32900,3.85
2004-10-18,3.92,3.92,3.70,3.80,217200,3.80
2004-10-15,3.50,4.00,3.47,3.95,553900,3.95
2004-10-14,3.45,3.50,3.40,3.40,97700,3.40
2004-10-13,3.45,3.49,3.40,3.45,23200,3.45
2004-10-12,3.40,3.50,3.25,3.40,41400,3.40
2004-10-11,3.50,3.50,3.40,3.40,10400,3.40
2004-10-08,3.49,3.50,3.45,3.48,41200,3.48
2004-10-07,3.30,3.48,3.30,3.48,31000,3.48
2004-10-06,3.13,3.40,3.13,3.39,34900,3.39
2004-10-05,3.15,3.20,3.10,3.15,52700,3.15
2004-10-04,3.10,3.10,3.00,3.10,22100,3.10
2004-10-01,3.00,3.10,3.00,3.05,16000,3.05
2004-09-30,3.00,3.15,3.00,3.00,10700,3.00
2004-09-29,3.05,3.15,3.00,3.00,14500,3.00
2004-09-28,3.10,3.10,3.10,3.10,500,3.10
2004-09-27,3.10,3.16,3.10,3.10,3300,3.10
2004-09-24,3.10,3.15,3.10,3.10,16800,3.10
2004-09-23,3.05,3.10,3.05,3.09,4000,3.09
2004-09-22,3.00,3.05,2.95,3.04,4100,3.04
2004-09-21,3.05,3.05,2.95,2.95,43000,2.95
2004-09-20,2.90,3.05,2.90,2.97,31500,2.97
2004-09-17,2.90,2.95,2.90,2.95,13100,2.95
2004-09-16,2.90,2.95,2.90,2.95,3200,2.95
2004-09-15,2.90,2.90,2.90,2.90,100,2.90
2004-09-14,2.90,2.90,2.90,2.90,5900,2.90
2004-09-13,3.00,3.00,2.95,2.95,3700,2.95
2004-09-10,2.90,3.00,2.90,2.95,8600,2.95
2004-09-09,2.90,3.00,2.90,3.00,2500,3.00
2004-09-08,3.00,3.00,2.90,2.90,4000,2.90
2004-09-07,2.90,3.00,2.90,3.00,15900,3.00
2004-09-03,2.80,2.80,2.80,2.80,800,2.80
2004-09-02,2.90,3.00,2.80,2.80,28500,2.80
2004-09-01,3.00,3.00,2.90,3.00,28500,3.00
2004-08-31,2.85,3.00,2.85,3.00,80500,3.00
2004-08-30,2.95,2.95,2.80,2.85,30200,2.85
2004-08-27,3.00,3.00,2.95,3.00,97100,3.00
2004-08-26,2.90,3.00,2.90,3.00,112400,3.00
2004-08-25,3.05,3.05,2.95,3.00,58200,3.00
2004-08-24,2.75,3.05,2.75,3.00,31800,3.00
2004-08-23,2.50,2.65,2.45,2.65,98500,2.65
2004-08-20,2.70,2.70,2.50,2.65,5100,2.65
2004-08-19,2.65,2.75,2.65,2.70,13800,2.70
2004-08-18,2.60,2.75,2.60,2.70,2600,2.70
2004-08-17,2.78,2.78,2.60,2.75,204000,2.75
2004-08-16,2.75,2.80,2.70,2.80,25200,2.80
2004-08-13,2.65,2.70,2.60,2.70,30200,2.70
2004-08-12,2.55,2.65,2.50,2.65,79200,2.65
2004-08-11,2.40,2.50,2.35,2.45,46500,2.45
2004-08-10,2.30,2.40,2.30,2.40,27800,2.40
2004-08-09,2.45,2.45,2.30,2.35,60900,2.35
2004-08-06,2.55,2.55,2.35,2.35,54900,2.35
2004-08-05,2.95,2.95,2.35,2.40,159000,2.40
2004-08-04,2.98,2.98,2.90,2.90,9300,2.90
2004-08-03,2.95,2.95,2.95,2.95,5200,2.95
2004-08-02,3.00,3.10,3.00,3.10,10900,3.10
2004-07-30,3.05,3.05,2.95,3.05,7100,3.05
2004-07-29,3.10,3.10,2.95,3.05,30100,3.05
2004-07-28,3.20,3.20,3.10,3.10,26000,3.10
2004-07-27,3.30,3.35,3.15,3.29,18000,3.29
2004-07-26,3.35,3.35,3.35,3.35,5600,3.35
2004-07-23,3.35,3.40,3.35,3.40,7700,3.40
2004-07-22,3.35,3.40,3.35,3.35,21700,3.35
2004-07-21,3.35,3.40,3.35,3.35,19800,3.35
2004-07-20,3.40,3.40,3.40,3.40,7500,3.40
2004-07-19,3.30,3.35,3.30,3.30,10800,3.30
2004-07-16,3.30,3.30,3.30,3.30,2800,3.30
2004-07-15,3.30,3.30,3.30,3.30,4000,3.30
2004-07-14,3.35,3.45,3.30,3.30,27500,3.30
2004-07-13,3.35,3.35,3.35,3.35,300,3.35
2004-07-12,3.45,3.50,3.35,3.35,14900,3.35
2004-07-09,3.55,3.55,3.47,3.48,66200,3.48
2004-07-08,3.50,3.58,3.50,3.55,77200,3.55
2004-07-07,3.40,3.55,3.40,3.50,27600,3.50
2004-07-06,3.60,3.60,3.40,3.59,10100,3.59
2004-07-02,3.70,3.70,3.60,3.60,16100,3.60
2004-07-01,3.51,3.76,3.50,3.76,359200,3.76
2004-06-30,3.40,3.50,3.40,3.50,130700,3.50
2004-06-29,3.35,3.40,3.30,3.35,28000,3.35
2004-06-28,3.25,3.25,3.25,3.25,2000,3.25
2004-06-25,3.33,3.35,3.25,3.25,2800,3.25
2004-06-24,3.33,3.40,3.33,3.36,500,3.36
2004-06-23,3.33,3.40,3.33,3.40,3600,3.40
2004-06-22,3.45,3.45,3.33,3.40,47800,3.40
2004-06-21,3.55,3.56,3.45,3.45,36700,3.45
2004-06-18,3.45,3.65,3.45,3.60,22900,3.60
2004-06-17,3.45,3.50,3.45,3.45,3100,3.45
2004-06-16,3.50,3.60,3.45,3.60,8900,3.60
2004-06-15,3.50,3.55,3.45,3.52,32000,3.52
2004-06-14,3.65,3.65,3.50,3.52,84200,3.52
2004-06-10,3.55,3.75,3.55,3.75,1300,3.75
2004-06-09,3.60,3.60,3.55,3.59,34100,3.59
2004-06-08,3.62,3.78,3.60,3.60,97900,3.60
2004-06-07,3.45,3.63,3.40,3.50,170300,3.50
2004-06-04,3.10,3.45,3.10,3.41,216000,3.41
2004-06-03,3.25,3.30,3.05,3.10,92800,3.10
2004-06-02,3.05,3.35,3.05,3.35,3800,3.35
2004-06-01,3.30,3.35,3.30,3.35,3100,3.35
2004-05-28,3.25,3.30,3.25,3.30,3800,3.30
2004-05-27,3.23,3.29,3.23,3.29,1700,3.29
2004-05-26,3.24,3.24,3.20,3.20,22500,3.20
2004-05-25,3.25,3.25,3.13,3.25,4600,3.25
2004-05-24,3.34,3.35,3.16,3.30,10500,3.30
2004-05-21,3.22,3.30,3.22,3.30,9900,3.30
2004-05-20,3.40,3.40,3.10,3.25,13200,3.25
2004-05-19,3.15,3.40,3.15,3.40,3000,3.40
2004-05-18,3.50,3.50,3.40,3.40,400,3.40
2004-05-17,3.00,3.50,3.00,3.50,8100,3.50
2004-05-14,3.45,3.55,3.45,3.50,55800,3.50
2004-05-13,2.90,3.50,2.90,3.49,55400,3.49
2004-05-12,3.40,3.40,3.40,3.40,9500,3.40
2004-05-11,3.53,3.53,2.91,3.53,1700,3.53
2004-05-10,3.10,3.40,2.90,3.40,75800,3.40
2004-05-07,3.10,3.30,3.00,3.30,12500,3.30
2004-05-06,3.34,3.40,3.10,3.40,16300,3.40
2004-05-05,3.35,3.40,3.10,3.40,900,3.40
2004-05-04,3.25,3.35,3.10,3.35,8900,3.35
2004-05-03,3.20,3.45,3.10,3.41,64100,3.41
2004-04-30,3.21,3.50,3.00,3.45,66400,3.45
2004-04-29,3.45,3.45,3.45,3.45,200,3.45
2004-04-28,3.30,3.45,3.05,3.45,6200,3.45
2004-04-27,3.35,3.52,3.35,3.35,37200,3.35
2004-04-26,3.47,3.51,3.35,3.50,86600,3.50
2004-04-23,3.45,3.50,3.45,3.48,64400,3.48
2004-04-22,3.47,3.53,3.45,3.48,37100,3.48
2004-04-21,3.49,3.50,3.10,3.45,29900,3.45
2004-04-20,3.00,3.50,2.75,3.50,61400,3.50
2004-04-19,3.50,3.60,3.20,3.45,31000,3.45
2004-04-16,3.00,3.55,3.00,3.55,92200,3.55
2004-04-15,3.20,3.50,2.00,3.50,82600,3.50
2004-04-14,2.00,3.05,2.00,3.05,45100,3.05
2004-04-13,3.10,3.10,3.00,3.05,12600,3.05
2004-04-12,3.05,3.10,3.00,3.10,8400,3.10
2004-04-08,3.05,3.05,3.05,3.05,700,3.05
2004-04-07,3.05,3.10,3.05,3.05,13500,3.05
2004-04-06,3.10,3.45,3.05,3.10,30800,3.10
2004-04-05,3.26,3.50,3.20,3.40,5400,3.40
2004-04-02,3.30,3.50,3.20,3.50,28100,3.50
2004-04-01,3.49,3.55,3.48,3.50,285200,3.50
2004-03-31,3.05,3.53,3.05,3.47,294600,3.47
2004-03-30,3.30,3.30,3.05,3.05,18900,3.05
2004-03-29,3.45,3.45,3.01,3.25,3100,3.25
2004-03-26,3.45,3.45,3.45,3.45,1200,3.45
2004-03-25,3.01,3.50,3.01,3.45,8800,3.45
2004-03-24,3.00,3.40,3.00,3.11,16000,3.11
2004-03-23,3.00,3.40,3.00,3.35,14900,3.35
2004-03-22,3.35,3.40,3.00,3.20,30600,3.20
2004-03-19,3.00,3.35,3.00,3.29,10500,3.29
2004-03-18,3.00,3.40,3.00,3.40,1300,3.40
2004-03-17,3.49,3.50,3.00,3.49,5700,3.49
2004-03-16,3.01,3.55,3.01,3.49,2600,3.49
2004-03-15,3.35,3.40,3.20,3.20,32800,3.20
2004-03-12,3.35,3.35,3.35,3.35,9700,3.35
2004-03-11,3.54,3.54,3.50,3.50,2000,3.50
2004-03-10,3.59,3.64,3.30,3.59,70100,3.59
2004-03-09,3.60,3.65,3.50,3.50,49400,3.50
2004-03-08,3.30,3.65,3.30,3.55,89000,3.55
2004-03-05,3.30,3.65,3.25,3.25,226900,3.25
2004-03-04,3.20,3.40,3.20,3.35,28100,3.35
2004-03-03,3.46,3.46,3.25,3.25,3100,3.25
2004-03-02,3.50,3.50,3.25,3.45,3200,3.45
2004-03-01,3.25,3.26,3.25,3.26,4900,3.26
2004-02-27,3.20,3.55,3.20,3.45,37000,3.45
2004-02-26,3.43,3.45,3.43,3.43,22800,3.43
2004-02-25,3.45,3.50,3.40,3.45,53000,3.45
2004-02-24,3.20,3.65,3.20,3.40,24000,3.40
2004-02-23,3.20,3.49,3.20,3.49,9000,3.49
2004-02-20,3.20,3.55,3.20,3.45,4100,3.45
2004-02-19,3.45,3.55,3.40,3.45,13700,3.45
2004-02-18,3.59,3.59,3.35,3.59,1200,3.59
2004-02-17,3.50,3.59,3.35,3.59,133500,3.59
2004-02-13,3.53,3.55,3.40,3.50,26400,3.50
2004-02-12,3.50,3.50,3.20,3.35,14200,3.35
2004-02-11,3.50,3.50,3.50,3.50,23100,3.50
2004-02-10,3.50,3.54,3.20,3.50,116200,3.50
2004-02-09,3.40,3.55,3.30,3.50,90600,3.50
2004-02-06,3.40,3.40,3.20,3.35,19800,3.35
2004-02-05,3.35,3.35,3.25,3.25,50000,3.25
2004-02-04,3.35,3.35,3.10,3.30,54400,3.30
2004-02-03,3.00,3.35,3.00,3.30,5200,3.30
2004-02-02,3.30,3.35,3.10,3.30,40700,3.30
2004-01-30,3.40,3.41,3.40,3.41,306200,3.41
2004-01-29,3.55,3.55,3.40,3.45,75400,3.45
2004-01-28,3.30,3.60,3.30,3.45,112600,3.45
2004-01-27,3.25,3.49,3.25,3.28,433100,3.28
2004-01-26,3.30,3.35,3.00,3.00,25100,3.00
2004-01-23,3.45,3.45,3.30,3.30,20400,3.30
2004-01-22,3.45,3.45,3.00,3.45,26200,3.45
2004-01-21,3.50,3.65,3.30,3.30,28600,3.30
2004-01-20,3.50,3.75,3.30,3.55,465600,3.55
2004-01-16,2.98,3.55,2.98,3.55,6600,3.55
2004-01-15,2.90,3.50,2.90,3.25,50500,3.25
2004-01-14,2.45,3.00,2.40,3.00,133300,3.00
2004-01-13,2.45,2.45,2.20,2.45,42400,2.45
2004-01-12,2.45,2.50,2.10,2.40,63000,2.40
2004-01-09,2.15,2.20,2.12,2.19,52900,2.19
2004-01-08,2.10,2.11,2.10,2.10,5500,2.10
2004-01-07,2.00,2.05,2.00,2.02,11400,2.02
2004-01-06,2.00,2.15,2.00,2.00,43700,2.00
2004-01-05,2.25,2.25,2.00,2.00,1500,2.00
2004-01-02,2.00,2.00,2.00,2.00,3000,2.00
2003-12-31,2.00,2.25,2.00,2.10,131600,2.10
2003-12-30,2.00,2.25,2.00,2.00,30900,2.00
2003-12-29,2.00,2.20,2.00,2.00,34500,2.00
2003-12-26,2.00,2.20,2.00,2.00,3100,2.00
2003-12-24,2.00,2.05,2.00,2.05,1300,2.05
2003-12-23,2.00,2.20,2.00,2.00,10900,2.00
2003-12-22,2.00,2.05,1.90,2.04,66100,2.04
2003-12-19,2.00,2.25,2.00,2.20,8300,2.20
2003-12-18,2.00,2.05,2.00,2.05,4200,2.05
2003-12-17,1.90,2.10,1.90,2.00,23700,2.00
2003-12-16,2.00,2.00,2.00,2.00,600,2.00
2003-12-15,2.00,2.00,2.00,2.00,700,2.00
2003-12-12,2.00,2.20,2.00,2.00,3800,2.00
2003-12-11,1.90,1.90,1.90,1.90,700,1.90
2003-12-10,2.00,2.00,2.00,2.00,3400,2.00
2003-12-09,2.05,2.05,2.00,2.00,800,2.00
2003-12-08,1.80,2.15,1.80,2.15,20400,2.15
2003-12-05,1.80,2.35,1.80,2.35,3700,2.35
2003-12-04,1.90,2.30,1.90,2.00,8300,2.00
2003-12-03,1.90,2.25,1.90,2.19,36400,2.19
2003-12-02,1.80,2.05,1.80,2.00,78800,2.00
2003-12-01,1.70,1.80,1.70,1.79,29500,1.79
2003-11-28,1.65,1.65,1.65,1.65,000,1.65
2003-11-26,1.90,2.00,1.65,1.65,65800,1.65
2003-11-25,1.85,2.00,1.85,1.90,33700,1.90
2003-11-24,1.85,1.90,1.83,1.87,14800,1.87
2003-11-21,1.95,1.95,1.85,1.85,5600,1.85
2003-11-20,1.90,1.90,1.90,1.90,000,1.90
2003-11-19,1.90,1.90,1.90,1.90,201400,1.90
2003-11-18,2.04,2.04,1.95,1.95,28000,1.95
2003-11-17,2.00,2.05,1.90,2.04,127800,2.04
2003-11-14,2.00,2.00,1.55,2.00,15300,2.00
2003-11-13,2.00,2.00,1.50,2.00,4900,2.00
2003-11-12,1.50,1.50,1.50,1.50,1400,1.50
2003-11-11,2.03,2.03,2.03,2.03,000,2.03
2003-11-10,1.50,2.03,1.50,2.03,2800,2.03
2003-11-07,2.05,2.05,1.50,2.02,6100,2.02
2003-11-06,1.50,2.05,1.50,1.50,23800,1.50
2003-11-05,1.95,2.05,1.65,2.01,13100,2.01
2003-11-04,1.95,1.95,1.90,1.93,63000,1.93
2003-11-03,1.98,1.98,1.90,1.95,35600,1.95
2003-10-31,2.00,2.00,1.90,1.90,2500,1.90
2003-10-30,1.90,1.95,1.90,1.95,4200,1.95
2003-10-29,1.90,1.95,1.90,1.95,2200,1.95
2003-10-28,1.50,1.95,1.50,1.95,10800,1.95
2003-10-27,1.85,1.95,1.85,1.85,9200,1.85
2003-10-24,1.85,2.00,1.85,1.85,8700,1.85
2003-10-23,1.85,1.85,1.85,1.85,000,1.85
2003-10-22,1.50,2.00,1.50,1.85,65000,1.85
2003-10-21,1.95,2.00,1.80,2.00,11500,2.00
2003-10-20,1.80,1.95,1.80,1.95,4200,1.95
2003-10-17,1.80,1.90,1.80,1.90,10800,1.90
2003-10-16,1.80,1.90,1.75,1.90,30700,1.90
2003-10-15,1.80,1.90,1.80,1.90,9700,1.90
2003-10-14,1.90,1.95,1.75,1.90,20200,1.90
2003-10-13,1.70,1.90,1.50,1.90,11700,1.90
2003-10-10,1.80,1.90,1.80,1.83,13600,1.83
2003-10-09,1.65,1.90,1.65,1.90,15800,1.90
2003-10-08,1.65,1.65,1.65,1.65,100,1.65
2003-10-07,1.60,1.90,1.60,1.70,25800,1.70
2003-10-06,1.75,1.80,1.50,1.75,19000,1.75
2003-10-03,1.50,1.80,1.37,1.50,41700,1.50
2003-10-02,1.36,1.50,1.35,1.50,36400,1.50
2003-10-01,1.26,1.35,1.26,1.35,9800,1.35
2003-09-30,1.20,1.50,1.16,1.22,42000,1.22
2003-09-29,0.95,1.25,0.95,1.19,22900,1.19
2003-09-26,1.10,1.20,0.90,1.05,64700,1.05
2003-09-25,0.95,0.95,0.90,0.90,59000,0.90
2003-09-24,0.90,0.95,0.85,0.85,113400,0.85
2003-09-23,0.30,0.95,0.30,0.90,21400,0.90
2003-09-22,0.70,0.99,0.70,0.90,38100,0.90
2003-09-19,0.70,0.70,0.70,0.70,200,0.70
2003-09-18,0.75,0.80,0.75,0.80,5300,0.80
2003-09-17,0.75,0.85,0.75,0.85,6400,0.85
2003-09-16,0.80,0.80,0.80,0.80,500,0.80
2003-09-15,0.70,0.80,0.70,0.80,6600,0.80
2003-09-12,0.75,0.75,0.75,0.75,600,0.75
2003-09-11,0.80,0.80,0.80,0.80,10100,0.80
2003-09-10,0.80,0.90,0.80,0.80,8400,0.80
2003-09-09,1.00,1.00,0.60,0.80,59800,0.80
2003-09-08,0.40,1.00,0.40,0.65,13200,0.65
2003-09-05,0.60,0.60,0.50,0.60,16800,0.60
2003-09-04,0.45,0.50,0.45,0.50,6500,0.50
2003-09-03,0.45,0.45,0.45,0.45,200,0.45
2003-09-02,0.45,0.70,0.45,0.50,9200,0.50
2003-08-29,0.50,0.60,0.25,0.50,7800,0.50
2003-08-28,0.55,0.60,0.50,0.57,15300,0.57
2003-08-27,0.55,0.70,0.55,0.61,7000,0.61
2003-08-26,0.55,0.66,0.55,0.60,16200,0.60
2003-08-25,0.55,0.65,0.55,0.65,900,0.65
2003-08-22,0.55,0.55,0.55,0.55,000,0.55
2003-08-21,0.55,0.75,0.55,0.55,2900,0.55
2003-08-20,0.55,0.55,0.55,0.55,100,0.55
2003-08-19,0.60,0.65,0.60,0.60,12400,0.60
2003-08-18,0.60,0.60,0.60,0.60,000,0.60
2003-08-15,0.60,0.60,0.60,0.60,1000,0.60
2003-08-14,0.60,0.60,0.60,0.60,000,0.60
2003-08-13,0.60,0.60,0.60,0.60,800,0.60
2003-08-12,0.60,0.75,0.60,0.75,400,0.75
2003-08-11,0.60,0.75,0.60,0.60,1900,0.60
2003-08-08,0.80,0.80,0.80,0.80,000,0.80
2003-08-07,0.60,0.80,0.60,0.80,4000,0.80
2003-08-06,0.60,0.60,0.60,0.60,000,0.60
2003-08-05,0.60,0.60,0.60,0.60,100,0.60
2003-08-04,1.00,1.00,0.60,0.75,9100,0.75
2003-08-01,0.65,0.65,0.65,0.65,000,0.65
2003-07-31,0.65,0.65,0.65,0.65,000,0.65
2003-07-30,0.65,0.65,0.65,0.65,1500,0.65
2003-07-29,0.65,0.90,0.65,0.90,2300,0.90
2003-07-28,0.70,0.75,0.70,0.75,2400,0.75
2003-07-25,0.75,0.75,0.70,0.75,5000,0.75
2003-07-24,0.58,0.80,0.55,0.80,4200,0.80
2003-07-23,0.99,0.99,0.55,0.55,1100,0.55
2003-07-22,0.55,0.80,0.55,0.80,5000,0.80
2003-07-21,0.58,0.58,0.55,0.55,6300,0.55
2003-07-18,1.10,1.10,0.55,0.60,10500,0.60
2003-07-17,0.55,1.00,0.55,0.95,15300,0.95
2003-07-16,0.55,0.55,0.55,0.55,100,0.55
2003-07-15,0.55,0.55,0.55,0.55,000,0.55
2003-07-14,0.55,0.85,0.55,0.55,9000,0.55
2003-07-11,1.00,1.00,0.90,0.95,13400,0.95
2003-07-10,0.85,1.00,0.80,1.00,27600,1.00
2003-07-09,0.85,0.90,0.85,0.90,2000,0.90
2003-07-08,0.80,1.00,0.80,1.00,3600,1.00
2003-07-07,0.95,1.00,0.65,1.00,17500,1.00
2003-07-03,0.95,1.00,0.95,0.95,1400,0.95
2003-07-02,0.65,0.65,0.65,0.65,100,0.65
2003-07-01,0.65,0.80,0.65,0.75,2700,0.75
2003-06-30,0.95,0.95,0.95,0.95,600,0.95
2003-06-27,0.65,1.00,0.65,0.90,15300,0.90
2003-06-26,0.90,0.90,0.70,0.70,1100,0.70
2003-06-25,0.70,0.80,0.70,0.80,6600,0.80
2003-06-24,0.76,0.76,0.70,0.75,900,0.75
2003-06-23,0.90,1.25,0.90,1.25,6100,1.25
2003-06-20,0.90,0.90,0.90,0.90,000,0.90
2003-06-19,0.90,0.90,0.90,0.90,200,0.90
2003-06-18,0.90,0.90,0.90,0.90,000,0.90
2003-06-17,1.25,1.25,0.90,0.90,4800,0.90
2003-06-16,0.90,0.90,0.90,0.90,100,0.90
2003-06-13,1.05,1.05,1.05,1.05,000,1.05
2003-06-12,0.90,1.10,0.90,1.05,14400,1.05
2003-06-11,0.90,1.10,0.90,1.10,14200,1.10
2003-06-10,0.80,0.90,0.80,0.90,300,0.90
2003-06-09,0.90,1.01,0.90,1.00,2500,1.00
2003-06-06,0.95,1.00,0.95,1.00,600,1.00
2003-06-05,0.97,0.97,0.97,0.97,000,0.97
2003-06-04,0.97,0.97,0.97,0.97,000,0.97
2003-06-03,0.95,1.05,0.95,0.97,32400,0.97
2003-06-02,0.95,1.05,0.95,1.05,1500,1.05
2003-05-30,0.85,1.00,0.85,1.00,3700,1.00
2003-05-29,0.70,1.05,0.70,1.05,17500,1.05
2003-05-28,1.05,1.05,0.70,0.70,1300,0.70
2003-05-27,0.80,1.05,0.80,1.05,2200,1.05
2003-05-23,0.80,0.85,0.80,0.80,2700,0.80
2003-05-22,0.80,0.80,0.80,0.80,1000,0.80
2003-05-21,1.00,1.00,1.00,1.00,000,1.00
2003-05-20,0.80,1.00,0.80,1.00,4500,1.00
2003-05-19,0.80,0.80,0.80,0.80,200,0.80
2003-05-16,0.80,0.80,0.80,0.80,1100,0.80
2003-05-15,0.75,0.75,0.75,0.75,1500,0.75
2003-05-14,0.80,1.00,0.80,1.00,9000,1.00
2003-05-13,0.75,1.10,0.75,1.10,9500,1.10
2003-05-12,1.40,1.40,0.75,0.75,1500,0.75
2003-05-09,1.00,1.40,0.40,0.56,32900,0.56
2003-05-08,0.55,0.55,0.55,0.55,000,0.55
2003-05-07,0.40,0.55,0.40,0.55,400,0.55
2003-05-06,0.95,0.95,0.95,0.95,1700,0.95
2003-05-05,0.56,0.56,0.50,0.55,5300,0.55
2003-05-02,0.90,0.99,0.50,0.81,7400,0.81
2003-05-01,0.80,0.90,0.56,0.81,35300,0.81
2003-04-30,1.19,1.19,0.70,0.70,5500,0.70
2003-04-29,0.50,1.30,0.50,0.81,18700,0.81
2003-04-28,0.50,1.30,0.50,0.50,2300,0.50
2003-04-25,1.30,1.30,1.00,1.15,4300,1.15
2003-04-24,1.30,1.30,1.10,1.19,4500,1.19
2003-04-23,1.30,1.30,0.75,0.75,8300,0.75
2003-04-22,1.30,1.30,0.75,1.00,2300,1.00
2003-04-21,1.30,1.30,0.75,0.75,6100,0.75
2003-04-17,0.52,1.30,0.52,0.53,13700,0.53
2003-04-16,0.52,1.30,0.52,1.25,7700,1.25
2003-04-15,1.30,1.30,0.52,1.30,5700,1.30
2003-04-14,1.30,1.30,0.50,0.50,600,0.50
2003-04-11,0.75,1.30,0.50,0.60,5200,0.60
2003-04-10,1.00,1.00,1.00,1.00,800,1.00
2003-04-09,1.00,1.00,0.75,0.75,3300,0.75
2003-04-08,0.50,1.25,0.50,1.25,2000,1.25
2003-04-07,0.50,0.50,0.50,0.50,100,0.50
2003-04-04,0.50,1.00,0.50,1.00,3200,1.00
2003-04-03,0.50,1.00,0.50,1.00,3800,1.00
2003-04-02,1.00,1.00,1.00,1.00,000,1.00
2003-04-01,1.00,1.00,0.75,1.00,10800,1.00
2003-03-31,0.50,1.00,0.50,0.75,700,0.75
2003-03-28,0.50,0.50,0.50,0.50,400,0.50
2003-03-27,0.99,1.00,0.50,1.00,4000,1.00
2003-03-26,1.00,1.00,0.50,1.00,800,1.00
2003-03-25,0.75,1.00,0.50,1.00,2600,1.00
2003-03-24,1.00,1.00,0.50,0.75,7200,0.75
2003-03-21,1.00,1.00,0.50,0.50,2800,0.50
2003-03-20,0.50,1.00,0.50,0.50,1500,0.50
2003-03-19,1.00,1.00,1.00,1.00,000,1.00
2003-03-18,0.50,1.00,0.50,1.00,800,1.00
2003-03-17,0.50,0.50,0.50,0.50,000,0.50
2003-03-14,0.50,0.50,0.50,0.50,000,0.50
2003-03-13,0.50,0.50,0.50,0.50,200,0.50
2003-03-12,0.50,0.50,0.50,0.50,100,0.50
2003-03-11,1.00,1.00,0.50,0.50,2500,0.50
2003-03-10,0.60,1.00,0.60,1.00,3000,1.00
2003-03-07,0.60,0.60,0.60,0.60,1100,0.60
2003-03-06,0.60,0.70,0.60,0.70,34900,0.70
2003-03-05,1.00,1.00,1.00,1.00,000,1.00
2003-03-04,1.00,1.00,0.75,1.00,2300,1.00
2003-03-03,0.60,0.60,0.60,0.60,000,0.60
2003-02-28,1.25,1.25,0.60,0.60,5400,0.60
2003-02-27,0.60,0.75,0.60,0.75,3700,0.75
2003-02-26,0.60,0.60,0.60,0.60,000,0.60
2003-02-25,0.60,0.60,0.60,0.60,200,0.60
2003-02-24,1.39,1.39,1.39,1.39,000,1.39
2003-02-21,0.60,1.39,0.60,1.39,1900,1.39
2003-02-20,0.75,1.39,0.75,1.00,4000,1.00
2003-02-19,0.90,0.90,0.90,0.90,000,0.90
2003-02-18,1.39,1.39,0.60,0.90,2900,0.90
2003-02-14,0.75,1.00,0.75,1.00,5800,1.00
2003-02-13,1.39,1.39,0.75,1.39,3800,1.39
2003-02-12,0.60,1.39,0.60,0.75,12000,0.75
2003-02-11,1.25,1.50,0.60,1.50,700,1.50
2003-02-10,0.75,0.75,0.75,0.75,000,0.75
2003-02-07,0.75,1.25,0.75,0.75,5900,0.75
2003-02-06,0.60,1.10,0.60,1.10,4100,1.10
2003-02-05,1.00,1.00,1.00,1.00,3500,1.00
2003-02-04,0.60,1.50,0.60,0.60,1500,0.60
2003-02-03,1.50,1.50,0.85,0.85,6500,0.85
2003-01-31,0.75,1.00,0.65,0.65,2700,0.65
2003-01-30,0.75,0.75,0.65,0.65,300,0.65
2003-01-29,0.60,1.50,0.60,0.75,3700,0.75
2003-01-28,1.50,1.50,0.60,1.25,3600,1.25
2003-01-27,0.60,0.60,0.60,0.60,000,0.60
2003-01-24,0.75,0.75,0.60,0.60,900,0.60
2003-01-23,0.60,0.60,0.60,0.60,000,0.60
2003-01-22,0.60,0.60,0.60,0.60,000,0.60
2003-01-21,0.70,1.50,0.60,0.60,3100,0.60
2003-01-17,1.00,1.00,0.80,0.80,300,0.80
2003-01-16,1.00,1.10,1.00,1.10,2400,1.10
2003-01-15,1.10,1.10,1.10,1.10,1000,1.10
2003-01-14,1.00,1.00,1.00,1.00,400,1.00
2003-01-13,1.00,1.00,1.00,1.00,1100,1.00
2003-01-10,1.25,1.25,1.25,1.25,000,1.25
2003-01-09,1.00,1.25,1.00,1.25,2400,1.25
2003-01-08,1.00,1.30,1.00,1.00,500,1.00
2003-01-07,1.00,1.30,1.00,1.00,8200,1.00
2003-01-06,1.55,1.55,1.00,1.00,1400,1.00
2003-01-03,1.55,1.55,1.55,1.55,500,1.55
2003-01-02,0.75,1.20,0.75,1.20,9100,1.20
2002-12-31,0.75,1.50,0.75,1.25,37500,1.25
2002-12-30,1.00,1.60,1.00,1.00,18200,1.00
2002-12-27,0.75,1.60,0.75,1.00,24700,1.00
2002-12-26,1.10,1.25,0.90,0.90,13300,0.90
2002-12-24,1.00,1.25,0.90,1.25,10100,1.25
2002-12-23,0.90,1.25,0.75,1.20,5900,1.20
2002-12-20,1.00,1.25,0.90,1.25,1500,1.25
2002-12-19,0.90,1.35,0.90,1.10,9900,1.10
2002-12-18,1.10,1.25,1.10,1.25,7500,1.25
2002-12-17,0.85,1.50,0.60,1.25,10100,1.25
2002-12-16,0.80,1.40,0.50,1.25,39900,1.25
2002-12-13,0.80,1.50,0.60,1.30,20100,1.30
2002-12-12,0.80,1.50,0.75,1.20,8200,1.20
2002-12-11,1.00,1.25,1.00,1.25,22600,1.25
2002-12-10,0.90,1.25,0.75,1.00,23000,1.00
2002-12-09,1.00,1.50,0.75,1.00,11000,1.00
2002-12-06,1.00,1.50,1.00,1.50,8500,1.50
2002-12-05,1.25,1.30,1.00,1.00,4800,1.00
2002-12-04,1.40,1.40,1.40,1.40,1200,1.40
2002-12-03,1.00,1.40,1.00,1.00,800,1.00
2002-12-02,0.90,2.50,0.90,1.10,33300,1.10
2002-11-29,0.95,0.95,0.95,0.95,000,0.95
2002-11-27,0.75,1.30,0.75,0.95,8000,0.95
2002-11-26,0.70,1.20,0.70,1.20,5000,1.20
2002-11-25,1.10,1.25,0.70,1.00,30800,1.00
2002-11-22,1.00,1.40,0.70,1.10,45700,1.10
2002-11-21,1.10,1.10,1.10,1.10,400,1.10
2002-11-20,1.00,1.50,1.00,1.25,8200,1.25
2002-11-19,1.10,1.40,1.10,1.10,6600,1.10
2002-11-18,1.20,1.30,1.20,1.30,12400,1.30
2002-11-15,1.00,1.40,1.00,1.20,24300,1.20
2002-11-14,0.60,1.35,0.60,1.30,4200,1.30
2002-11-13,1.10,1.30,1.10,1.30,5800,1.30
2002-11-12,1.00,1.30,1.00,1.30,9800,1.30
2002-11-11,0.75,1.25,0.75,1.25,15200,1.25
2002-11-08,1.00,1.25,1.00,1.25,6600,1.25
2002-11-07,1.00,1.24,0.75,1.00,4600,1.00
2002-11-06,0.75,1.25,0.75,0.75,24700,0.75
2002-11-05,1.10,1.10,1.10,1.10,000,1.10
2002-11-04,1.20,1.25,0.75,1.10,12300,1.10
2002-11-01,1.25,1.25,1.25,1.25,000,1.25
2002-10-31,1.00,1.25,1.00,1.25,6000,1.25
2002-10-30,0.90,1.25,0.90,1.25,3600,1.25
2002-10-29,0.75,1.25,0.75,1.25,200,1.25
2002-10-28,1.00,1.25,0.90,1.25,4200,1.25
2002-10-25,1.25,1.25,0.25,1.25,2700,1.25
2002-10-24,1.25,1.25,1.25,1.25,000,1.25
2002-10-23,1.25,1.25,1.25,1.25,1500,1.25
2002-10-22,0.60,0.60,0.60,0.60,400,0.60
2002-10-21,0.60,0.80,0.60,0.75,2000,0.75
2002-10-18,0.75,0.75,0.75,0.75,000,0.75
2002-10-17,0.90,0.90,0.75,0.75,3100,0.75
2002-10-16,0.80,0.80,0.80,0.80,100,0.80
2002-10-15,0.80,0.80,0.80,0.80,000,0.80
2002-10-14,0.80,0.80,0.80,0.80,1500,0.80
2002-10-11,0.70,0.70,0.70,0.70,4200,0.70
2002-10-10,0.70,0.80,0.70,0.80,600,0.80
2002-10-09,0.80,1.00,0.60,1.00,9100,1.00
2002-10-08,0.90,0.90,0.90,0.90,100,0.90
2002-10-07,1.00,1.00,0.90,0.90,5600,0.90
2002-10-04,1.20,1.20,1.00,1.03,26400,1.03
2002-10-03,1.00,1.20,1.00,1.20,2000,1.20
2002-10-02,1.25,1.25,1.25,1.25,500,1.25
2002-10-01,1.25,1.25,1.25,1.25,000,1.25
2002-09-30,1.25,1.25,1.25,1.25,100,1.25
2002-09-27,1.30,1.35,1.20,1.25,1900,1.25
2002-09-26,1.25,1.25,1.25,1.25,000,1.25
2002-09-25,1.23,1.25,1.23,1.25,4000,1.25
2002-09-24,1.00,1.30,1.00,1.30,1300,1.30
2002-09-23,1.25,1.26,1.25,1.26,7100,1.26
2002-09-20,1.21,1.25,1.21,1.25,9600,1.25
2002-09-19,1.21,1.60,1.21,1.60,6100,1.60
2002-09-18,1.20,1.21,1.20,1.21,4500,1.21
2002-09-17,1.00,1.25,1.00,1.25,11400,1.25
2002-09-16,1.20,1.20,1.20,1.20,100,1.20
2002-09-13,1.25,1.50,1.25,1.50,4400,1.50
2002-09-12,1.25,1.55,1.20,1.25,31800,1.25
2002-09-11,0.95,0.95,0.95,0.95,500,0.95
2002-09-10,1.25,1.50,1.20,1.50,2800,1.50
2002-09-09,1.00,1.00,1.00,1.00,500,1.00
2002-09-06,0.95,1.00,0.95,1.00,400,1.00
2002-09-05,1.00,1.00,1.00,1.00,3100,1.00
2002-09-04,0.75,1.10,0.75,1.10,900,1.10
2002-09-03,1.00,1.20,0.60,1.20,7400,1.20
2002-08-30,0.60,1.10,0.60,1.00,800,1.00
2002-08-29,1.60,1.60,1.01,1.01,3400,1.01
2002-08-28,1.00,1.00,1.00,1.00,200,1.00
2002-08-27,1.00,1.00,1.00,1.00,1000,1.00
2002-08-26,0.90,1.25,0.60,0.60,5100,0.60
2002-08-23,0.75,1.25,0.75,1.05,5400,1.05
2002-08-22,1.00,1.25,0.90,0.90,7500,0.90
2002-08-21,1.01,1.25,0.90,1.01,4600,1.01
2002-08-20,0.90,1.00,0.90,1.00,2400,1.00
2002-08-19,0.85,1.00,0.60,0.70,7000,0.70
2002-08-16,0.80,1.00,0.80,1.00,2000,1.00
2002-08-15,0.85,1.20,0.80,1.00,11700,1.00
2002-08-14,0.85,1.00,0.85,1.00,4600,1.00
2002-08-13,0.80,1.00,0.80,1.00,2500,1.00
2002-08-12,0.76,1.00,0.76,0.76,2500,0.76
2002-08-09,0.66,1.00,0.66,1.00,5600,1.00
2002-08-08,0.66,1.00,0.66,1.00,1000,1.00
2002-08-07,0.70,1.54,0.66,1.10,4200,1.10
2002-08-06,1.00,1.15,0.70,0.85,12900,0.85
2002-08-05,1.00,1.00,0.75,1.00,4800,1.00
2002-08-02,0.70,0.70,0.70,0.70,300,0.70
