Date,Open,High,Low,Close,Volume,Adj_Close
2016-04-01,47.439999,48.32,47.040001,48.27,673000,48.27
2016-03-31,48.080002,48.50,47.68,47.98,980200,47.98
2016-03-30,48.66,48.700001,47.720001,48.16,711300,48.16
2016-03-29,47.139999,48.07,46.68,48.00,1505300,48.00
2016-03-28,46.959999,47.290001,46.43,47.110001,523800,47.110001
2016-03-24,45.84,46.830002,45.419998,46.779999,748200,46.779999
2016-03-23,47.369999,47.50,45.939999,46.130001,1089900,46.130001
2016-03-22,46.869999,47.959999,46.849998,47.73,1380500,47.73
2016-03-21,47.139999,47.48,46.790001,47.220001,954700,47.220001
2016-03-18,46.799999,48.220001,46.720001,47.150002,1463300,47.150002
2016-03-17,45.23,46.869999,44.970001,46.580002,1395900,46.580002
2016-03-16,43.990002,45.59,43.849998,45.279999,781800,45.279999
2016-03-15,44.610001,44.630001,43.82,44.029999,523600,44.029999
2016-03-14,44.790001,45.68,44.689999,44.939999,894700,44.939999
2016-03-11,44.41,45.459999,44.23,45.040001,1311700,45.040001
2016-03-10,43.619999,44.029999,43.00,43.619999,945200,43.619999
2016-03-09,42.98,43.540001,42.48,43.459999,1048800,43.459999
2016-03-08,45.009998,45.009998,42.630001,42.720001,1200000,42.720001
2016-03-07,44.59,45.360001,44.48,45.009998,993000,45.009998
2016-03-04,44.509998,45.07,44.00,44.91,1120100,44.91
2016-03-03,44.360001,44.57,43.73,44.540001,818200,44.540001
2016-03-02,43.889999,44.619999,43.310001,44.490002,1292600,44.490002
2016-03-01,43.009998,44.189999,42.599998,44.18,1130200,44.18
2016-02-29,42.610001,43.169998,42.52,42.540001,829400,42.540001
2016-02-26,42.919998,43.27,42.220001,42.540001,1402900,42.540001
2016-02-25,41.939999,42.48,41.68,42.48,1104800,42.48
2016-02-24,41.990002,42.009998,40.759998,41.73,2036000,41.73
2016-02-23,43.82,44.380001,42.709999,42.860001,1100400,42.860001
2016-02-22,42.779999,44.130001,42.740002,44.040001,1566700,44.040001
2016-02-19,41.98,42.32,41.439999,42.220001,928000,42.220001
2016-02-18,43.009998,43.110001,41.869999,42.290001,1547900,42.14
2016-02-17,40.41,42.959999,40.080002,42.779999,2199600,42.62826
2016-02-16,40.139999,40.330002,39.549999,39.959999,2025800,39.818263
2016-02-12,39.299999,39.970001,38.93,39.580002,1359000,39.439613
2016-02-11,38.560001,38.98,38.080002,38.50,1618300,38.363442
2016-02-10,38.869999,40.349998,38.709999,39.540001,1796500,39.399754
2016-02-09,38.34,39.200001,38.119999,38.66,1447500,38.522875
2016-02-08,38.900002,39.189999,37.849998,38.720001,1719100,38.582663
2016-02-05,40.080002,40.990002,39.48,39.919998,2433300,39.778404
2016-02-04,38.50,40.549999,38.50,40.41,3414400,40.266667
2016-02-03,38.84,39.00,37.310001,38.470001,2399000,38.33355
2016-02-02,39.09,39.189999,37.990002,38.34,1872600,38.20401
2016-02-01,39.369999,39.57,38.639999,39.299999,1992400,39.160604
2016-01-29,39.950001,40.32,38.549999,39.849998,4188400,39.708652
2016-01-28,43.279999,44.799999,38.470001,39.950001,3790100,39.8083
2016-01-27,42.68,43.259998,41.91,42.16,1436200,42.01046
2016-01-26,43.080002,43.139999,41.919998,42.259998,1827400,42.110104
2016-01-25,42.23,42.900002,41.84,42.189999,1364400,42.040353
2016-01-22,42.50,43.459999,41.400002,42.23,1573800,42.080212
2016-01-21,41.779999,42.610001,40.650002,41.459999,3753800,41.312942
2016-01-20,37.419998,38.900002,36.049999,38.490002,2351200,38.353479
2016-01-19,38.419998,39.369999,37.860001,38.060001,1804200,37.925004
2016-01-15,39.869999,39.869999,36.889999,37.98,4409900,37.845286
2016-01-14,42.93,43.02,40.720001,40.990002,3732700,40.844612
2016-01-13,45.549999,45.650002,42.869999,42.93,1658000,42.77773
2016-01-12,44.84,45.720001,44.48,45.459999,1733900,45.298755
2016-01-11,45.080002,45.349998,43.43,44.52,2111500,44.36209
2016-01-08,46.720001,46.740002,45.43,45.50,1345800,45.338614
2016-01-07,47.290001,47.59,46.450001,46.459999,1165800,46.295208
2016-01-06,48.57,49.130001,47.950001,48.130001,1128000,47.959286
2016-01-05,49.919998,50.310001,49.049999,49.310001,1011100,49.135101
2016-01-04,49.650002,50.09,48.869999,49.919998,1107600,49.742934
2015-12-31,51.119999,51.200001,50.490002,50.509998,534300,50.330842
2015-12-30,51.119999,51.389999,51.029999,51.209999,1043900,51.02836
2015-12-29,50.310001,51.349998,50.130001,51.310001,1092200,51.128007
2015-12-28,49.599998,49.970001,49.080002,49.869999,385200,49.693112
2015-12-24,49.68,50.279999,49.419998,49.810001,312100,49.633328
2015-12-23,49.689999,50.099998,49.389999,49.720001,540900,49.543647
2015-12-22,48.779999,49.369999,48.279999,49.169998,635900,48.995594
2015-12-21,48.099998,48.84,47.709999,48.639999,812300,48.467476
2015-12-18,48.59,48.610001,47.509998,47.630001,2452100,47.46106
2015-12-17,50.990002,51.09,48.950001,48.959999,1174100,48.78634
2015-12-16,51.369999,52.540001,50.650002,51.400002,1194800,51.217688
2015-12-15,50.240002,50.84,49.990002,50.25,850400,50.071766
2015-12-14,49.900002,50.220001,48.59,49.740002,1070000,49.563576
2015-12-11,50.389999,50.639999,49.75,49.950001,617000,49.77283
2015-12-10,51.18,51.57,50.889999,50.970001,621100,50.789213
2015-12-09,51.869999,52.619999,51.00,51.18,696800,50.998467
2015-12-08,51.48,52.419998,51.130001,52.040001,847000,51.855417
2015-12-07,51.619999,52.029999,51.169998,51.98,805300,51.795629
2015-12-04,51.630001,52.209999,51.41,51.84,597600,51.656126
2015-12-03,52.68,52.68,51.02,51.389999,778700,51.207721
2015-12-02,53.369999,53.580002,52.220001,52.450001,780100,52.263963
2015-12-01,52.849998,53.439999,52.470001,53.209999,1184600,53.021266
2015-11-30,54.389999,54.59,52.34,52.630001,2523700,52.443325
2015-11-27,55.389999,55.650002,55.080002,55.400002,251500,55.2035
2015-11-25,55.169998,55.509998,55.119999,55.330002,476800,55.133749
2015-11-24,54.509998,55.220001,54.169998,54.959999,533200,54.765059
2015-11-23,54.759998,55.529999,54.630001,54.880001,527600,54.685344
2015-11-20,54.790001,55.549999,54.580002,54.66,664900,54.466123
2015-11-19,54.27,54.66,54.080002,54.599998,819900,54.256866
2015-11-18,53.02,54.330002,52.73,54.259998,581200,53.919003
2015-11-17,53.43,53.450001,52.619999,52.639999,626700,52.309185
2015-11-16,52.209999,53.529999,52.119999,53.41,758000,53.074346
2015-11-13,53.259998,53.419998,52.369999,52.400002,942700,52.070695
2015-11-12,54.16,54.52,53.299999,53.349998,695900,53.014722
2015-11-11,55.450001,55.52,54.459999,54.549999,987900,54.207181
2015-11-10,53.950001,55.540001,53.830002,55.490002,1147300,55.141276
2015-11-09,54.889999,55.200001,53.669998,54.060001,717500,53.720263
2015-11-06,54.919998,55.330002,54.57,54.959999,518200,54.614604
2015-11-05,53.93,54.91,53.740002,54.869999,755500,54.52517
2015-11-04,54.450001,54.720001,53.580002,53.77,1060200,53.432084
2015-11-03,54.990002,55.209999,54.119999,54.169998,881900,53.829568
2015-11-02,53.810001,55.119999,53.720001,55.110001,1201200,54.763663
2015-10-30,53.939999,54.73,53.73,53.810001,1347000,53.471834
2015-10-29,50.240002,53.810001,49.50,53.639999,1854700,53.3029
2015-10-28,49.009998,50.259998,48.900002,49.77,1065000,49.457222
2015-10-27,49.52,49.75,48.599998,48.98,761100,48.672186
2015-10-26,49.34,50.27,48.950001,49.75,573400,49.437347
2015-10-23,48.779999,49.380001,48.09,49.32,1079800,49.010049
2015-10-22,48.779999,49.119999,48.16,48.349998,1872700,48.046144
2015-10-21,50.860001,50.860001,48.599998,48.68,1426800,48.374072
2015-10-20,51.049999,51.240002,50.259998,50.709999,693600,50.391313
2015-10-19,51.150002,51.709999,50.98,51.310001,730500,50.987545
2015-10-16,50.630001,51.369999,50.57,51.299999,548500,50.977606
2015-10-15,50.209999,50.630001,49.709999,50.599998,731700,50.282004
2015-10-14,50.060001,50.490002,49.68,50.130001,701400,49.81496
2015-10-13,50.259998,50.959999,50.02,50.060001,539700,49.745401
2015-10-12,50.610001,50.93,50.389999,50.450001,378200,50.132949
2015-10-09,50.560001,51.040001,50.290001,50.66,560100,50.341628
2015-10-08,50.029999,50.810001,49.810001,50.540001,516800,50.222384
2015-10-07,49.549999,50.369999,49.400002,50.029999,686400,49.715586
2015-10-06,49.119999,49.490002,48.849998,49.07,416000,48.76162
2015-10-05,48.189999,49.330002,48.060001,49.16,856500,48.851055
2015-10-02,46.75,47.939999,46.27,47.900002,838700,47.598975
2015-10-01,47.869999,48.18,46.66,47.27,792700,46.972933
2015-09-30,47.049999,48.049999,46.869999,47.889999,1011000,47.589036
2015-09-29,46.639999,47.099998,46.080002,46.950001,893100,46.654945
2015-09-28,47.77,47.77,46.41,46.630001,776000,46.336956
2015-09-25,49.18,49.200001,47.900002,48.139999,905100,47.837465
2015-09-24,48.560001,49.029999,48.09,48.810001,1006800,48.503256
2015-09-23,49.23,49.259998,48.73,49.139999,582800,48.83118
2015-09-22,48.919998,50.110001,48.599998,49.18,1480800,48.87093
2015-09-21,49.130001,50.16,48.98,49.630001,824500,49.318103
2015-09-18,49.169998,49.43,48.439999,48.580002,1254100,48.274702
2015-09-17,50.299999,51.290001,49.990002,50.080002,885300,49.765275
2015-09-16,49.23,50.299999,49.02,50.23,728900,49.91433
2015-09-15,47.720001,49.240002,47.43,49.110001,754400,48.80137
2015-09-14,48.189999,48.209999,47.450001,47.549999,575300,47.251172
2015-09-11,47.93,48.279999,47.330002,48.189999,608900,47.88715
2015-09-10,48.32,49.040001,48.169998,48.310001,609800,48.006398
2015-09-09,49.59,49.709999,48.189999,48.330002,555200,48.026273
2015-09-08,48.509998,49.330002,48.060001,49.220001,823800,48.910679
2015-09-04,48.049999,48.439999,47.380001,47.580002,778400,47.280986
2015-09-03,48.630001,49.110001,48.290001,48.700001,519800,48.393947
2015-09-02,48.439999,48.689999,47.32,48.299999,719900,47.996459
2015-09-01,48.82,48.860001,47.400002,47.68,960200,47.380357
2015-08-31,49.639999,50.41,49.169998,49.709999,582300,49.397598
2015-08-28,49.259998,49.900002,48.990002,49.799999,682000,49.487032
2015-08-27,48.279999,49.59,48.240002,49.34,781200,49.029924
2015-08-26,47.68,48.080002,46.150002,47.799999,1323000,47.499601
2015-08-25,48.919998,48.970001,46.450001,46.50,1353900,46.207772
2015-08-24,48.099998,49.32,47.02,47.59,1311700,47.290922
2015-08-21,51.040001,51.43,50.139999,50.18,866700,49.864645
2015-08-20,52.68,52.869999,51.799999,51.799999,667700,51.350249
2015-08-19,53.740002,53.740002,52.919998,53.169998,942700,52.708353
2015-08-18,55.189999,55.759998,54.00,54.130001,1004200,53.660021
2015-08-17,53.740002,55.369999,53.540001,55.27,896100,54.790123
2015-08-14,53.040001,54.130001,53.00,54.110001,622800,53.640194
2015-08-13,52.900002,53.630001,52.540001,53.220001,497400,52.757922
2015-08-12,52.959999,53.349998,52.009998,52.889999,626400,52.430786
2015-08-11,53.049999,53.689999,53.049999,53.490002,669600,53.025578
2015-08-10,52.860001,53.66,52.57,53.619999,719000,53.154447
2015-08-07,52.23,52.689999,51.91,52.290001,538500,51.835997
2015-08-06,53.34,53.689999,52.130001,52.279999,857400,51.826081
2015-08-05,52.720001,53.380001,52.619999,53.119999,977200,52.658788
2015-08-04,52.349998,53.119999,52.139999,52.34,762500,51.885562
2015-08-03,52.91,53.139999,52.110001,52.369999,685000,51.9153
2015-07-31,52.389999,53.740002,51.889999,53.09,1860100,52.62905
2015-07-30,52.299999,53.970001,51.669998,51.919998,1504000,51.469206
2015-07-29,51.419998,53.200001,51.41,53.080002,1087200,52.619138
2015-07-28,51.369999,52.099998,50.77,51.630001,875200,51.181727
2015-07-27,51.52,51.740002,50.880001,51.150002,801000,50.705895
2015-07-24,52.630001,52.709999,51.700001,51.98,560800,51.528687
2015-07-23,53.369999,53.73,52.50,52.529999,600000,52.073911
2015-07-22,52.330002,53.169998,52.330002,53.119999,773800,52.658788
2015-07-21,52.75,53.360001,52.529999,53.049999,619600,52.589396
2015-07-20,52.830002,52.959999,52.330002,52.450001,544300,51.994607
2015-07-17,53.560001,53.639999,52.66,52.77,597700,52.311829
2015-07-16,53.34,53.779999,53.09,53.509998,712400,53.045402
2015-07-15,54.259998,54.490002,53.00,53.080002,830500,52.619138
2015-07-14,53.360001,54.650002,53.360001,54.220001,1196500,53.74924
2015-07-13,53.439999,53.759998,53.150002,53.529999,1202900,53.065228
2015-07-10,53.130001,53.490002,52.650002,52.98,850200,52.520004
2015-07-09,51.959999,52.779999,51.849998,52.50,1272000,52.044172
2015-07-08,51.66,51.869999,50.790001,51.080002,692400,50.636503
2015-07-07,50.950001,51.279999,50.029999,51.139999,733800,50.69598
2015-07-06,50.369999,51.360001,50.34,50.66,1081000,50.220148
2015-07-02,51.02,51.040001,50.130001,50.779999,723800,50.339105
2015-07-01,51.360001,51.50,50.290001,50.77,1075500,50.329193
2015-06-30,50.849998,51.41,50.580002,50.860001,883200,50.418412
2015-06-29,51.549999,51.970001,50.330002,50.360001,1167400,49.922753
2015-06-26,52.439999,52.68,51.970001,51.970001,7001400,51.518775
2015-06-25,52.41,52.580002,51.98,52.18,953500,51.726951
2015-06-24,52.66,53.139999,52.029999,52.23,924500,51.776516
2015-06-23,52.889999,52.959999,52.169998,52.720001,942700,52.262264
2015-06-22,52.849998,53.060001,52.150002,52.639999,832400,52.182956
2015-06-19,53.810001,54.110001,52.540001,52.560001,1515200,52.103653
2015-06-18,53.16,54.169998,53.16,53.740002,1197200,53.273408
2015-06-17,52.419998,53.189999,52.279999,53.009998,1247700,52.549743
2015-06-16,52.279999,52.389999,51.990002,52.029999,981600,51.578252
2015-06-15,52.150002,52.619999,51.720001,52.240002,611700,51.786432
2015-06-12,52.439999,52.810001,52.169998,52.490002,529900,52.034261
2015-06-11,52.459999,53.130001,52.459999,52.869999,583800,52.410959
2015-06-10,51.459999,52.549999,51.16,52.389999,1001300,51.935127
2015-06-09,51.029999,51.490002,50.540001,51.310001,542300,50.864506
2015-06-08,51.259998,51.450001,50.970001,50.98,309500,50.537369
2015-06-05,50.630001,51.349998,50.50,51.32,477100,50.874417
2015-06-04,51.060001,51.59,50.549999,50.650002,694300,50.210236
2015-06-03,50.919998,51.740002,50.790001,51.470001,658500,51.023117
2015-06-02,50.619999,51.240002,50.59,50.75,541000,50.309367
2015-06-01,51.310001,51.619999,50.740002,51.09,574800,50.646415
2015-05-29,51.48,51.529999,50.970001,51.040001,779800,50.59685
2015-05-28,51.529999,51.709999,50.990002,51.41,1349400,50.963636
2015-05-27,51.860001,52.16,51.419998,51.619999,893500,51.171812
2015-05-26,52.669998,52.93,51.57,51.900002,680200,51.449383
2015-05-22,52.959999,53.32,52.529999,52.900002,397900,52.440701
2015-05-21,52.93,53.610001,52.810001,53.060001,570800,52.599312
2015-05-20,52.82,53.290001,52.549999,53.040001,628200,52.455573
2015-05-19,53.459999,53.459999,52.75,52.970001,586900,52.386344
2015-05-18,52.619999,53.419998,52.200001,53.400002,907100,52.811606
2015-05-15,53.27,53.369999,52.759998,52.830002,738900,52.247887
2015-05-14,52.209999,53.279999,51.75,53.130001,1261900,52.544581
2015-05-13,52.009998,52.389999,51.669998,51.93,755000,51.357803
2015-05-12,52.27,52.34,51.41,51.990002,492300,51.417143
2015-05-11,51.830002,52.650002,51.669998,52.419998,1372500,51.842401
2015-05-08,51.439999,51.990002,51.360001,51.91,1200500,51.338023
2015-05-07,50.639999,51.220001,50.52,51.009998,737900,50.447938
2015-05-06,50.450001,50.700001,49.790001,50.669998,925000,50.111684
2015-05-05,51.130001,51.400002,50.099998,50.369999,1322100,49.81499
2015-05-04,50.91,51.50,50.73,51.34,1458700,50.774303
2015-05-01,50.169998,50.939999,50.049999,50.720001,1437200,50.161136
2015-04-30,50.57,51.23,49.950001,50.040001,2197600,49.488628
2015-04-29,53.900002,53.990002,50.150002,51.18,4154600,50.616067
2015-04-28,55.150002,55.150002,54.290001,55.099998,1557600,54.492872
2015-04-27,55.50,56.029999,54.82,55.299999,1224200,54.690669
2015-04-24,54.68,55.419998,54.450001,55.27,942000,54.661001
2015-04-23,53.93,54.610001,53.619999,54.490002,861700,53.889596
2015-04-22,53.98,54.07,53.060001,54.009998,670200,53.414882
2015-04-21,54.740002,54.869999,53.830002,53.880001,965700,53.286317
2015-04-20,54.799999,55.00,54.509998,54.669998,754900,54.067609
2015-04-17,54.060001,54.459999,53.400002,54.349998,1080400,53.751136
2015-04-16,53.990002,54.630001,52.57,54.419998,1143400,53.820364
2015-04-15,51.779999,52.900002,51.779999,52.669998,792600,52.089647
2015-04-14,51.900002,52.09,51.27,51.790001,696400,51.219346
2015-04-13,52.139999,52.509998,51.959999,52.200001,536500,51.624828
2015-04-10,52.41,52.459999,51.919998,52.259998,559400,51.684165
2015-04-09,52.080002,52.330002,51.799999,52.189999,956600,51.614936
2015-04-08,51.66,52.25,51.299999,52.220001,1019500,51.644608
2015-04-07,51.810001,51.959999,51.400002,51.700001,872300,51.130337
2015-04-06,50.950001,51.98,50.950001,51.689999,693500,51.120445
2015-04-02,50.98,51.599998,50.759998,51.34,577600,50.774303
2015-04-01,51.34,51.52,50.709999,51.110001,731200,50.546838
2015-03-31,51.830002,51.919998,51.23,51.450001,1083800,50.883092
2015-03-30,51.52,52.150002,51.50,51.919998,636500,51.347911
2015-03-27,50.849998,51.450001,50.669998,51.200001,729900,50.635847
2015-03-26,51.459999,51.48,50.799999,50.900002,678800,50.339153
2015-03-25,52.34,52.450001,51.540001,51.580002,814200,51.011661
2015-03-24,52.130001,52.919998,51.919998,52.02,1149300,51.446811
2015-03-23,51.349998,52.360001,51.16,52.02,1045200,51.446811
2015-03-20,51.419998,51.610001,51.080002,51.25,1582300,50.685295
2015-03-19,52.080002,52.349998,50.990002,51.099998,1261000,50.536946
2015-03-18,52.209999,52.580002,51.110001,52.290001,858600,51.713837
2015-03-17,52.040001,52.32,51.380001,52.209999,734900,51.634716
2015-03-16,52.490002,53.080002,52.25,52.619999,528100,52.040198
2015-03-13,52.110001,52.299999,51.419998,52.16,876500,51.585268
2015-03-12,51.889999,52.57,51.580002,52.34,997800,51.763285
2015-03-11,51.66,52.360001,51.43,51.580002,725600,51.011661
2015-03-10,52.290001,52.389999,51.689999,51.709999,802000,51.140226
2015-03-09,51.740002,52.82,51.419998,52.669998,1080700,52.089647
2015-03-06,52.580002,52.860001,51.380001,51.599998,972600,51.031437
2015-03-05,53.919998,54.009998,52.970001,53.009998,900700,52.425901
2015-03-04,54.200001,54.549999,53.509998,53.740002,1068500,53.14786
2015-03-03,55.889999,55.970001,54.759998,54.790001,944500,54.18629
2015-03-02,54.240002,55.98,54.040001,55.970001,1038100,55.353288
2015-02-27,54.470001,54.779999,54.07,54.240002,579000,53.642351
2015-02-26,54.610001,55.110001,54.470001,54.790001,444000,54.18629
2015-02-25,55.00,55.189999,54.509998,54.700001,601900,54.097281
2015-02-24,55.00,55.130001,54.700001,54.939999,431100,54.334635
2015-02-23,54.84,55.029999,54.599998,55.00,514600,54.393975
2015-02-20,54.560001,55.060001,53.709999,54.959999,1328800,54.354415
2015-02-19,55.200001,55.490002,54.650002,54.84,637400,54.112115
2015-02-18,56.169998,56.630001,55.110001,55.52,743700,54.78309
2015-02-17,55.41,56.59,55.41,56.389999,1191600,55.641542
2015-02-13,54.860001,55.349998,54.279999,55.299999,992200,54.566009
2015-02-12,54.23,54.91,53.75,54.689999,1108800,53.964105
2015-02-11,54.07,54.580002,53.360001,53.869999,745100,53.154989
2015-02-10,54.759998,55.00,53.419998,54.080002,1306400,53.362204
2015-02-09,54.529999,54.860001,54.209999,54.299999,664700,53.579282
2015-02-06,54.59,54.939999,54.150002,54.599998,1351300,53.875299
2015-02-05,54.619999,54.77,54.080002,54.50,856900,53.776628
2015-02-04,54.700001,55.32,54.139999,54.279999,1152000,53.559547
2015-02-03,54.639999,55.099998,54.389999,54.939999,1435700,54.210787
2015-02-02,54.369999,54.790001,53.150002,53.98,1183700,53.263529
2015-01-30,54.380001,55.00,53.419998,54.279999,1785700,53.559547
2015-01-29,51.50,55.77,51.25,55.73,3124400,54.990302
2015-01-28,52.490002,52.490002,51.299999,51.580002,954600,50.895387
2015-01-27,51.639999,52.490002,51.470001,52.080002,820800,51.38875
2015-01-26,51.68,52.990002,51.459999,52.450001,1301900,51.753838
2015-01-23,52.290001,52.720001,51.639999,51.720001,1372800,51.033528
2015-01-22,52.610001,52.860001,52.009998,52.169998,1967500,51.477552
2015-01-21,51.98,52.849998,51.68,51.98,1013800,51.290075
2015-01-20,52.400002,52.540001,51.900002,52.080002,894000,51.38875
2015-01-16,50.959999,52.18,50.880001,52.150002,758400,51.457821
2015-01-15,52.889999,52.950001,51.25,51.290001,920500,50.609235
2015-01-14,52.43,52.959999,52.00,52.77,879700,52.06959
2015-01-13,53.34,54.619999,52.50,53.119999,2066900,52.414943
2015-01-12,53.75,53.93,52.849998,52.959999,966200,52.257067
2015-01-09,54.16,54.549999,53.279999,53.669998,1499200,52.957643
2015-01-08,52.169998,55.259998,52.009998,54.209999,3216600,53.490476
2015-01-07,50.700001,51.509998,50.389999,51.509998,941200,50.826312
2015-01-06,50.82,51.029999,50.029999,50.209999,2121500,49.543568
2015-01-05,50.849998,51.25,50.48,50.66,874200,49.987596
2015-01-02,51.66,51.959999,50.610001,51.040001,827200,50.362553
2014-12-31,51.849998,52.049999,51.25,51.259998,739500,50.57963
2014-12-30,51.720001,52.200001,51.599998,51.610001,541100,50.924987
2014-12-29,50.950001,52.09,50.880001,51.939999,673100,51.250605
2014-12-26,51.299999,51.419998,50.880001,50.950001,503000,50.273747
2014-12-24,50.560001,51.279999,50.290001,51.009998,737500,50.332949
2014-12-23,50.080002,50.369999,49.849998,50.330002,1187100,49.661978
2014-12-22,50.66,50.900002,49.52,49.849998,885400,49.188345
2014-12-19,50.049999,50.77,49.799999,50.700001,1430400,50.027066
2014-12-18,49.43,49.950001,48.98,49.93,826100,49.267285
2014-12-17,47.98,48.759998,47.57,48.73,1001500,48.083212
2014-12-16,48.110001,49.040001,47.580002,47.84,955200,47.205025
2014-12-15,49.25,49.369999,48.060001,48.560001,916000,47.91547
2014-12-12,48.610001,49.650002,48.48,48.849998,834300,48.201618
2014-12-11,49.779999,49.959999,48.889999,48.970001,571200,48.320028
2014-12-10,50.099998,50.490002,49.150002,49.400002,853200,48.744321
2014-12-09,48.98,50.50,48.790001,50.360001,814300,49.691578
2014-12-08,50.66,50.669998,49.299999,49.619999,720900,48.961399
2014-12-05,50.32,51.060001,50.310001,50.82,983900,50.145472
2014-12-04,50.110001,50.48,49.639999,50.360001,1017600,49.691578
2014-12-03,49.48,50.150002,49.209999,49.990002,865300,49.32649
2014-12-02,48.98,49.52,48.689999,49.439999,753100,48.783787
2014-12-01,49.540001,49.560001,48.73,48.939999,1047200,48.290424
2014-11-28,49.43,50.189999,49.00,49.68,654200,49.020604
2014-11-26,49.220001,49.220001,48.810001,49.049999,461700,48.398964
2014-11-25,49.080002,49.630001,49.049999,49.209999,902200,48.556841
2014-11-24,47.91,48.880001,47.91,48.82,898600,48.172018
2014-11-21,48.509998,48.52,47.639999,47.720001,873200,47.086619
2014-11-20,47.580002,48.599998,47.560001,47.950001,1172300,47.190224
2014-11-19,47.540001,48.02,47.00,47.849998,749600,47.091807
2014-11-18,47.82,48.23,47.470001,47.599998,1077900,46.845768
2014-11-17,48.41,48.41,47.689999,47.82,1227400,47.062283
2014-11-14,48.349998,49.02,47.799999,47.91,1122600,47.150857
2014-11-13,49.32,49.41,48.110001,48.27,646800,47.505154
2014-11-12,48.419998,49.439999,48.220001,49.310001,776900,48.528676
2014-11-11,48.77,48.939999,48.259998,48.639999,863800,47.86929
2014-11-10,47.75,48.77,47.389999,48.77,940800,47.997231
2014-11-07,48.080002,48.299999,47.380001,47.52,915700,46.767038
2014-11-06,47.709999,48.110001,47.560001,48.080002,718400,47.318166
2014-11-05,47.32,47.799999,46.82,47.790001,812200,47.03276
2014-11-04,46.869999,47.330002,46.66,47.049999,945700,46.304484
2014-11-03,47.009998,47.52,46.849998,47.07,1140300,46.324167
2014-10-31,46.900002,47.00,46.41,46.799999,1356600,46.058445
2014-10-30,45.759998,46.259998,45.279999,45.93,1152400,45.202231
2014-10-29,46.25,46.389999,45.41,45.880001,1358300,45.153024
2014-10-28,45.50,46.360001,45.34,46.110001,1340100,45.379379
2014-10-27,44.650002,45.259998,44.349998,45.220001,1185000,44.503482
2014-10-24,45.080002,45.200001,44.450001,45.00,1322600,44.286967
2014-10-23,44.450001,45.869999,44.16,44.889999,3140000,44.178709
2014-10-22,43.400002,44.02,43.09,43.380001,2328300,42.692637
2014-10-21,42.419998,43.310001,42.27,43.240002,707400,42.554856
2014-10-20,41.200001,42.41,41.200001,41.919998,731700,41.255768
2014-10-17,41.459999,41.77,40.810001,41.259998,1109200,40.606226
2014-10-16,38.98,41.110001,38.759998,40.880001,1581700,40.23225
2014-10-15,38.720001,40.060001,38.169998,39.830002,1477400,39.198888
2014-10-14,39.700001,40.349998,39.27,39.299999,1114400,38.677284
2014-10-13,39.939999,39.990002,39.060001,39.290001,910200,38.667444
2014-10-10,40.48,40.869999,39.77,39.860001,924400,39.228412
2014-10-09,41.720001,41.77,40.529999,40.549999,752900,39.907477
2014-10-08,41.349998,41.82,40.66,41.810001,733800,41.147514
2014-10-07,41.549999,41.720001,41.290001,41.32,778500,40.665277
2014-10-06,42.700001,42.82,41.919998,41.93,636400,41.265612
2014-10-03,42.889999,42.959999,42.400002,42.610001,538200,41.934837
2014-10-02,41.189999,42.439999,40.939999,42.389999,818800,41.718322
2014-10-01,41.970001,42.110001,40.849998,41.02,1010000,40.370031
2014-09-30,42.689999,42.720001,41.98,42.139999,676500,41.472284
2014-09-29,42.50,43.310001,42.349998,42.77,548100,42.092302
2014-09-26,42.57,43.330002,42.450001,43.169998,778900,42.485962
2014-09-25,42.759998,42.849998,41.720001,42.259998,840800,41.590381
2014-09-24,43.029999,43.189999,42.650002,42.959999,765000,42.27929
2014-09-23,43.509998,43.779999,42.939999,42.959999,660000,42.27929
2014-09-22,44.43,44.650002,43.389999,43.720001,1134700,43.02725
2014-09-19,44.990002,45.200001,44.549999,44.700001,992100,43.991721
2014-09-18,44.610001,44.91,44.490002,44.860001,464300,44.149186
2014-09-17,44.509998,44.759998,44.16,44.490002,775600,43.78505
2014-09-16,44.299999,44.490002,43.689999,44.369999,666400,43.666948
2014-09-15,44.689999,44.700001,43.970001,44.32,597500,43.617741
2014-09-12,44.939999,45.09,44.349998,44.450001,654400,43.745683
2014-09-11,44.330002,45.049999,44.330002,44.900002,695200,44.188553
2014-09-10,43.98,44.740002,43.98,44.709999,667700,44.001561
2014-09-09,44.32,44.41,44.029999,44.080002,571100,43.381546
2014-09-08,44.220001,44.529999,43.970001,44.419998,680700,43.716155
2014-09-05,43.279999,44.290001,43.009998,44.279999,646700,43.578374
2014-09-04,43.259998,44.049999,43.23,43.419998,518500,42.732001
2014-09-03,44.00,44.200001,43.110001,43.27,711200,42.58438
2014-09-02,43.189999,43.880001,43.110001,43.810001,779800,43.115824
2014-08-29,42.23,43.099998,42.169998,43.00,716800,42.318657
2014-08-28,41.860001,42.169998,41.400002,42.119999,687000,41.4526
2014-08-27,42.41,42.59,42.060001,42.07,377900,41.403393
2014-08-26,42.689999,42.77,42.189999,42.240002,503600,41.570701
2014-08-25,42.619999,42.869999,42.290001,42.669998,462800,41.993884
2014-08-22,42.299999,42.580002,42.080002,42.330002,513500,41.659275
2014-08-21,42.799999,43.009998,42.34,42.349998,713100,41.678955
2014-08-20,42.810001,43.16,42.669998,43.040001,395700,42.235004
2014-08-19,43.32,43.400002,42.900002,43.040001,490200,42.235004
2014-08-18,42.16,43.150002,42.130001,43.150002,944500,42.342947
2014-08-15,41.919998,42.50,41.299999,41.68,736500,40.90044
2014-08-14,41.349998,41.799999,41.139999,41.540001,582200,40.763059
2014-08-13,41.23,41.48,40.959999,41.18,505600,40.409792
2014-08-12,41.330002,41.880001,41.02,41.209999,1095800,40.439229
2014-08-11,40.400002,40.970001,40.330002,40.439999,538600,39.683631
2014-08-08,39.470001,40.02,39.18,40.00,1096100,39.251862
2014-08-07,40.779999,40.84,39.389999,39.549999,1080400,38.810277
2014-08-06,40.400002,40.970001,40.259998,40.630001,690500,39.870079
2014-08-05,40.099998,40.540001,39.98,40.400002,630500,39.644382
2014-08-04,39.91,40.380001,39.869999,40.310001,535200,39.556065
2014-08-01,40.360001,40.650002,39.34,39.720001,1023800,38.9771
2014-07-31,40.580002,40.740002,40.25,40.330002,1196400,39.575691
2014-07-30,41.27,41.34,40.84,41.110001,729100,40.341101
2014-07-29,41.709999,42.02,41.110001,41.110001,786200,40.341101
2014-07-28,42.450001,42.630001,41.48,41.720001,609700,40.939693
2014-07-25,42.470001,43.380001,42.139999,42.240002,1052800,41.449967
2014-07-24,42.48,44.299999,42.290001,43.00,2086800,42.195751
2014-07-23,41.849998,42.029999,41.439999,41.790001,964800,41.008383
2014-07-22,41.540001,42.16,41.450001,41.849998,822600,41.067259
2014-07-21,40.66,41.209999,40.610001,41.16,557400,40.390165
2014-07-18,40.610001,41.50,40.599998,41.00,1273400,40.233158
2014-07-17,40.779999,41.110001,40.23,40.299999,1126900,39.54625
2014-07-16,41.549999,41.75,41.009998,41.23,648000,40.458856
2014-07-15,42.00,42.189999,41.23,41.259998,513500,40.488294
2014-07-14,42.150002,42.360001,41.939999,42.049999,662900,41.263519
2014-07-11,41.110001,42.009998,41.110001,41.810001,1040700,41.02801
2014-07-10,41.060001,41.41,40.66,41.119999,642300,40.350913
2014-07-09,41.990002,42.48,41.689999,41.689999,480400,40.910251
2014-07-08,42.23,42.23,41.610001,41.98,830900,41.194828
2014-07-07,42.619999,42.799999,42.240002,42.25,677100,41.459779
2014-07-03,42.060001,42.82,42.060001,42.68,351500,41.881737
2014-07-02,42.419998,42.43,41.860001,41.939999,926200,41.155576
2014-07-01,42.299999,42.830002,42.119999,42.490002,1241400,41.695292
2014-06-30,41.990002,42.400002,41.900002,42.130001,713700,41.342024
2014-06-27,41.82,42.25,41.650002,42.189999,1435200,41.4009
2014-06-26,41.790001,42.080002,41.43,41.889999,963500,41.106511
2014-06-25,41.23,41.73,41.080002,41.619999,1744500,40.841561
2014-06-24,41.529999,42.09,40.740002,40.830002,861800,40.066339
2014-06-23,41.849998,42.169998,41.549999,41.619999,738600,40.841561
2014-06-20,41.619999,42.290001,41.360001,41.759998,1159900,40.978942
2014-06-19,42.360001,42.57,41.139999,41.689999,1707400,40.910251
2014-06-18,42.799999,43.009998,42.27,42.389999,1040500,41.59716
2014-06-17,42.349998,43.049999,41.779999,42.880001,826500,42.077997
2014-06-16,42.259998,42.709999,41.84,42.310001,749700,41.518658
2014-06-13,43.009998,43.009998,42.240002,42.389999,427000,41.59716
2014-06-12,43.169998,43.990002,42.630001,42.759998,1353200,41.960238
2014-06-11,42.830002,43.07,42.599998,42.939999,359100,42.136872
2014-06-10,43.450001,43.59,42.959999,43.110001,650100,42.303694
2014-06-09,42.830002,43.849998,42.830002,43.57,727100,42.75509
2014-06-06,42.610001,43.00,42.34,42.950001,1493600,42.146687
2014-06-05,42.310001,42.509998,41.700001,42.290001,964100,41.499032
2014-06-04,42.150002,42.27,41.639999,42.09,771700,41.302771
2014-06-03,42.580002,42.639999,42.09,42.389999,597400,41.59716
2014-06-02,43.330002,43.330002,42.27,42.779999,432400,41.979865
2014-05-30,43.889999,43.889999,42.98,43.099998,717300,42.293879
2014-05-29,43.57,43.869999,43.299999,43.790001,410500,42.970976
2014-05-28,43.669998,44.029999,43.310001,43.560001,715400,42.745279
2014-05-27,43.57,43.970001,43.349998,43.799999,891200,42.980788
2014-05-23,42.400002,43.290001,42.040001,43.240002,917500,42.431264
2014-05-22,41.939999,42.400002,41.470001,42.32,1160300,41.528469
2014-05-21,41.389999,41.950001,40.669998,41.810001,850200,40.929882
2014-05-20,41.849998,41.970001,41.009998,41.27,1055900,40.401248
2014-05-19,41.200001,42.52,41.200001,42.07,1112100,41.184407
2014-05-16,40.709999,41.509998,40.669998,41.259998,1127100,40.391457
2014-05-15,40.209999,40.57,39.290001,40.450001,1427200,39.59851
2014-05-14,41.240002,41.48,40.529999,40.540001,947900,39.686616
2014-05-13,41.599998,41.849998,41.32,41.459999,1127200,40.587247
2014-05-12,39.709999,41.810001,39.700001,41.599998,1829500,40.7243
2014-05-09,38.77,39.299999,38.459999,39.290001,977000,38.462929
2014-05-08,39.299999,40.169998,38.939999,38.950001,996300,38.130086
2014-05-07,39.580002,39.689999,38.529999,39.290001,1151300,38.462929
2014-05-06,40.360001,40.689999,39.490002,39.52,1212700,38.688087
2014-05-05,40.919998,41.16,40.240002,40.41,862300,39.559351
2014-05-02,40.950001,41.93,40.889999,41.310001,934200,40.440407
2014-05-01,40.330002,40.91,40.09,40.630001,1053900,39.774721
2014-04-30,40.299999,40.540001,39.75,40.189999,1048400,39.343981
2014-04-29,40.540001,40.630001,39.299999,40.330002,1997600,39.481037
2014-04-28,41.25,41.400002,39.98,40.470001,1690800,39.618089
2014-04-25,41.470001,41.720001,40.279999,41.049999,1223700,40.185878
2014-04-24,42.959999,43.470001,41.48,41.779999,1486000,40.900511
2014-04-23,43.139999,43.369999,42.720001,42.849998,805200,41.947987
2014-04-22,43.060001,43.580002,43.009998,43.360001,640700,42.447253
2014-04-21,43.119999,43.209999,42.470001,43.029999,695600,42.124198
2014-04-17,42.919998,43.549999,42.919998,43.16,362200,42.251462
2014-04-16,42.93,43.220001,42.540001,43.029999,449400,42.124198
2014-04-15,41.98,42.639999,41.380001,42.470001,762800,41.575988
2014-04-14,42.200001,42.57,41.400002,41.830002,746100,40.949461
2014-04-11,42.34,42.619999,41.41,41.66,918700,40.783038
2014-04-10,43.82,44.00,42.610001,42.830002,783400,41.928411
2014-04-09,43.689999,43.959999,42.77,43.93,1117700,43.005254
2014-04-08,42.52,43.68,41.759998,43.419998,2777600,42.505988
2014-04-07,44.32,44.439999,42.650002,43.02,1560500,42.11441
2014-04-04,46.380001,46.400002,44.630001,44.630001,824800,43.690519
2014-04-03,46.50,46.619999,45.919998,46.060001,841500,45.090417
2014-04-02,46.32,47.060001,45.77,46.529999,882100,45.550521
2014-04-01,45.439999,46.369999,45.330002,46.23,934500,45.256837
2014-03-31,44.919998,45.650002,44.790001,45.290001,554100,44.336626
2014-03-28,44.610001,45.509998,44.48,44.650002,696900,43.710099
2014-03-27,45.200001,45.23,44.279999,44.59,1039400,43.65136
2014-03-26,46.48,46.610001,45.279999,45.419998,643900,44.463887
2014-03-25,46.200001,46.490002,45.330002,46.049999,539700,45.080626
2014-03-24,46.82,46.91,45.779999,46.00,984100,45.031679
2014-03-21,46.82,47.689999,46.52,46.669998,1768700,45.687574
2014-03-20,45.990002,46.779999,45.970001,46.740002,924500,45.756103
2014-03-19,45.959999,46.330002,45.75,46.080002,735300,45.109997
2014-03-18,45.43,46.029999,45.200001,45.990002,768000,45.021891
2014-03-17,44.91,45.790001,44.830002,45.380001,666800,44.424731
2014-03-14,44.529999,45.18,44.43,44.740002,652800,43.798204
2014-03-13,45.540001,45.75,44.439999,44.630001,694500,43.690519
2014-03-12,45.110001,45.389999,44.900002,45.380001,545600,44.424731
2014-03-11,45.970001,46.139999,45.290001,45.439999,513300,44.483466
2014-03-10,45.700001,46.040001,45.34,45.939999,716800,44.972941
2014-03-07,46.049999,46.259998,45.450001,45.740002,598000,44.777154
2014-03-06,45.889999,46.00,45.540001,45.790001,889400,44.826101
2014-03-05,45.540001,45.830002,45.220001,45.68,695600,44.718416
2014-03-04,44.990002,46.009998,44.939999,45.650002,1344400,44.689048
2014-03-03,44.34,44.810001,43.959999,44.73,1167200,43.788413
2014-02-28,44.849998,45.259998,44.459999,44.790001,815300,43.847151
2014-02-27,44.630001,44.880001,44.209999,44.740002,869300,43.798204
2014-02-26,43.869999,44.889999,43.869999,44.669998,715800,43.729674
2014-02-25,43.849998,43.880001,43.27,43.700001,651500,42.780096
2014-02-24,43.349998,44.139999,43.34,43.610001,583100,42.69199
2014-02-21,43.259998,43.330002,42.919998,43.23,782800,42.319988
2014-02-20,43.200001,43.639999,42.880001,43.150002,674100,42.143779
2014-02-19,43.00,43.77,42.919998,43.259998,1067800,42.25121
2014-02-18,43.34,43.91,43.060001,43.209999,814400,42.202377
2014-02-14,43.07,43.459999,42.759998,43.310001,660000,42.300047
2014-02-13,42.009998,43.139999,42.00,43.040001,826900,42.036343
2014-02-12,42.279999,42.700001,42.009998,42.43,768500,41.440567
2014-02-11,42.07,42.419998,41.830002,42.189999,457300,41.206162
2014-02-10,41.810001,42.130001,41.419998,42.09,852200,41.108496
2014-02-07,41.459999,42.27,41.09,41.810001,945800,40.835026
2014-02-06,40.27,41.259998,40.27,41.150002,892300,40.190417
2014-02-05,40.349998,40.459999,39.290001,40.130001,1003000,39.194202
2014-02-04,40.560001,40.779999,39.490002,40.610001,2049500,39.663009
2014-02-03,41.470001,41.639999,40.02,40.439999,2094100,39.496971
2014-01-31,41.48,42.52,41.259998,41.459999,1413900,40.493186
2014-01-30,41.880001,44.50,41.799999,42.509998,2044500,41.5187
2014-01-29,40.709999,41.080002,40.139999,40.419998,831200,39.477437
2014-01-28,40.619999,41.580002,40.549999,41.150002,1032400,40.190417
2014-01-27,41.549999,41.68,40.119999,40.66,918600,39.711842
2014-01-24,42.360001,42.360001,41.400002,41.41,1173600,40.444352
2014-01-23,42.73,42.73,41.759998,42.720001,937500,41.723806
2014-01-22,42.619999,43.220001,42.27,43.080002,773900,42.075411
2014-01-21,43.369999,43.549999,42.41,42.509998,855300,41.5187
2014-01-17,44.18,44.18,42.959999,43.009998,935800,42.00704
2014-01-16,44.889999,45.029999,43.919998,44.139999,789800,43.110691
2014-01-15,45.330002,45.470001,44.849998,45.040001,574000,43.989705
2014-01-14,44.310001,45.330002,44.189999,45.240002,1027800,44.185042
2014-01-13,45.560001,45.880001,43.919998,44.07,744200,43.042323
2014-01-10,45.880001,46.00,45.419998,45.700001,616600,44.634314
2014-01-09,46.110001,46.25,45.080002,45.860001,678200,44.790583
2014-01-08,45.66,46.119999,45.549999,45.830002,1131100,44.761284
2014-01-07,45.619999,46.419998,45.27,45.75,813500,44.683147
2014-01-06,45.490002,46.240002,45.130001,45.540001,805000,44.478045
2014-01-03,45.369999,45.75,45.27,45.279999,756700,44.224106
2014-01-02,45.779999,45.849998,45.209999,45.310001,583000,44.253409
2013-12-31,45.43,46.150002,45.25,46.060001,733500,44.98592
2013-12-30,45.560001,45.700001,45.189999,45.310001,814000,44.253409
2013-12-27,46.00,46.970001,45.389999,45.709999,613600,44.644079
2013-12-26,46.150002,46.330002,45.700001,45.700001,470600,44.634314
2013-12-24,45.939999,46.25,45.68,45.869999,313100,44.800348
2013-12-23,45.650002,45.990002,45.110001,45.830002,1151800,44.761284
2013-12-20,45.599998,45.98,45.32,45.369999,9081200,44.312008
2013-12-19,45.91,45.91,44.98,45.380001,1569500,44.321776
2013-12-18,45.82,46.209999,44.860001,46.119999,1080400,45.044518
2013-12-17,45.619999,45.869999,44.98,45.869999,1205000,44.800348
2013-12-16,46.25,46.419998,45.639999,45.720001,1295500,44.653848
2013-12-13,46.540001,46.849998,45.830002,46.049999,1313500,44.976151
2013-12-12,44.970001,46.380001,44.93,46.360001,1667500,45.278923
2013-12-11,46.209999,46.209999,44.380001,44.849998,1078100,43.804133
2013-12-10,46.380001,47.080002,46.259998,46.279999,565200,45.200787
2013-12-09,45.650002,46.720001,45.650002,46.48,930300,45.396124
2013-12-06,45.110001,45.869999,44.889999,45.669998,534800,44.605011
2013-12-05,44.529999,44.630001,43.759998,44.490002,558200,43.452531
2013-12-04,44.25,44.720001,43.66,44.060001,849100,43.032558
2013-12-03,44.82,45.060001,44.25,44.549999,626200,43.51113
2013-12-02,45.59,45.889999,44.91,45.029999,478800,43.979936
2013-11-29,45.950001,45.990002,45.48,45.700001,372500,44.634314
2013-11-27,45.470001,45.77,45.139999,45.700001,467000,44.634314
2013-11-26,45.23,45.580002,45.07,45.490002,453300,44.429212
2013-11-25,44.990002,45.200001,44.50,45.139999,479300,44.087371
2013-11-22,44.860001,45.00,44.419998,44.779999,432100,43.735766
2013-11-21,44.490002,44.959999,44.349998,44.790001,788000,43.745535
2013-11-20,44.360001,44.529999,44.080002,44.189999,502200,43.159524
2013-11-19,44.16,44.599998,44.00,44.220001,734900,43.188827
2013-11-18,45.400002,45.779999,44.080002,44.259998,573500,43.227891
2013-11-15,45.029999,45.529999,44.830002,45.41,506000,44.253406
2013-11-14,44.630001,45.150002,44.060001,45.040001,641900,43.892831
2013-11-13,43.400002,44.73,43.32,44.560001,1195900,43.425057
2013-11-12,45.330002,45.540001,43.419998,44.07,2134500,42.947536
2013-11-11,45.049999,45.91,44.990002,45.439999,996900,44.282641
2013-11-08,44.580002,45.73,44.459999,45.040001,1120700,43.892831
2013-11-07,46.00,46.48,44.59,44.610001,701100,43.473783
2013-11-06,46.459999,46.560001,45.310001,45.799999,503200,44.633472
2013-11-05,45.66,46.369999,45.18,46.189999,506200,45.013539
2013-11-04,45.240002,46.189999,45.240002,46.09,846200,44.916087
2013-11-01,45.040001,46.00,44.950001,45.16,849200,44.009774
2013-10-31,45.16,45.43,44.580002,45.130001,1118900,43.980539
2013-10-30,45.439999,45.450001,44.709999,45.290001,804500,44.136464
2013-10-29,45.16,45.77,44.650002,45.459999,1022700,44.302132
2013-10-28,45.549999,45.580002,44.529999,45.200001,1023600,44.048756
2013-10-25,45.099998,45.57,44.740002,45.57,1185400,44.409331
2013-10-24,44.549999,45.419998,43.080002,44.919998,2117800,43.775885
2013-10-23,44.189999,44.66,43.990002,44.389999,1077900,43.259385
2013-10-22,44.810001,45.029999,44.040001,44.400002,891000,43.269133
2013-10-21,44.650002,44.900002,43.93,44.540001,1118500,43.405566
2013-10-18,43.84,44.779999,43.560001,44.689999,1306400,43.551744
2013-10-17,42.450001,43.509998,42.189999,43.400002,1204200,42.294603
2013-10-16,42.27,42.77,41.869999,42.759998,683700,41.6709
2013-10-15,42.52,42.52,41.509998,42.110001,892500,41.037458
2013-10-14,41.279999,42.68,40.959999,42.66,839300,41.573449
2013-10-11,40.470001,41.709999,40.299999,41.709999,716600,40.647645
2013-10-10,39.889999,40.919998,39.57,40.57,1092800,39.536681
2013-10-09,40.32,40.470001,39.029999,39.09,1169400,38.094377
2013-10-08,40.740002,41.200001,39.490002,39.50,1040500,38.493934
2013-10-07,40.950001,41.34,40.459999,40.459999,723700,39.429482
2013-10-04,40.939999,41.459999,40.669998,41.380001,683500,40.326052
2013-10-03,41.060001,42.099998,40.75,41.02,915800,39.97522
2013-10-02,40.32,41.060001,40.099998,41.060001,631100,40.014202
2013-10-01,39.880001,40.950001,39.68,40.720001,799300,39.682862
2013-09-30,39.23,40.200001,39.07,39.91,509600,38.893491
2013-09-27,39.450001,40.200001,39.07,39.919998,554500,38.903235
2013-09-26,39.610001,40.049999,39.279999,39.73,767200,38.718076
2013-09-25,39.16,39.919998,38.98,39.389999,737500,38.386735
2013-09-24,38.98,39.650002,38.82,39.00,813100,38.006669
2013-09-23,38.900002,39.00,37.77,38.880001,1133500,37.889727
2013-09-20,39.950001,40.00,38.98,39.00,1481200,38.006669
2013-09-19,40.790001,40.790001,39.77,39.779999,1074600,38.766801
2013-09-18,40.639999,41.049999,39.830002,40.759998,872800,39.72184
2013-09-17,40.459999,40.830002,40.310001,40.52,959500,39.487955
2013-09-16,40.00,40.75,39.98,40.50,1026100,39.468464
2013-09-13,39.009998,39.810001,38.830002,39.669998,854500,38.659603
2013-09-12,38.889999,39.139999,38.23,38.290001,412900,37.314754
2013-09-11,39.619999,39.619999,38.849998,39.00,488500,38.006669
2013-09-10,39.099998,39.799999,39.099998,39.66,698300,38.649859
2013-09-09,38.169998,39.049999,38.169998,39.009998,736200,38.016413
2013-09-06,38.41,38.50,37.669998,38.220001,572300,37.246537
2013-09-05,37.689999,38.220001,37.400002,38.18,581900,37.207555
2013-09-04,36.75,38.09,36.669998,37.639999,685900,36.681308
2013-09-03,36.98,37.75,36.450001,36.700001,531700,35.765251
2013-08-30,36.650002,36.77,36.09,36.360001,568300,35.433911
2013-08-29,35.939999,36.779999,35.790001,36.540001,264600,35.609326
2013-08-28,35.630001,36.169998,35.400002,36.049999,427200,35.131805
2013-08-27,36.560001,36.630001,35.43,35.639999,810200,34.732248
2013-08-26,37.650002,37.77,37.16,37.23,360200,36.281751
2013-08-23,37.380001,37.66,36.959999,37.639999,583200,36.681308
2013-08-22,37.060001,37.66,37.060001,37.34,338100,36.38895
2013-08-21,36.830002,37.209999,36.599998,36.939999,576000,35.999136
2013-08-20,36.150002,37.029999,36.099998,36.939999,1006100,35.999136
2013-08-19,36.380001,36.52,36.040001,36.080002,500500,35.161044
2013-08-16,36.27,36.82,36.18,36.380001,632600,35.453402
2013-08-15,37.23,37.23,36.290001,36.439999,796200,35.511871
2013-08-14,38.48,38.48,37.639999,37.689999,699500,36.730034
2013-08-13,38.389999,38.610001,37.93,38.509998,713000,37.529148
2013-08-12,38.200001,38.68,38.07,38.299999,617600,37.324498
2013-08-09,38.130001,38.950001,38.049999,38.560001,833600,37.577877
2013-08-08,38.799999,39.009998,38.119999,38.18,794600,37.207555
2013-08-07,38.93,39.169998,38.310001,38.43,810100,37.451187
2013-08-06,39.27,39.349998,38.57,39.209999,966900,38.21132
2013-08-05,39.119999,39.860001,38.830002,39.259998,1140800,38.260045
2013-08-02,38.900002,39.48,38.459999,39.25,1325300,38.250302
2013-08-01,37.799999,39.00,37.779999,38.98,1311300,37.987178
2013-07-31,36.849998,37.98,36.73,37.75,1277200,36.788507
2013-07-30,36.529999,37.209999,36.52,36.689999,931000,35.755504
2013-07-29,36.669998,36.720001,35.93,36.419998,1107200,35.49238
2013-07-26,35.900002,36.869999,35.900002,36.669998,1078700,35.736013
2013-07-25,34.790001,37.040001,34.52,36.330002,3247800,35.404676
2013-07-24,33.259998,33.57,32.720001,33.099998,1173300,32.256941
2013-07-23,33.529999,33.529999,32.57,33.099998,1658700,32.256941
2013-07-22,34.060001,34.23,32.93,33.279999,1913400,32.432357
2013-07-19,36.279999,36.279999,33.84,34.049999,2342800,33.182745
2013-07-18,35.369999,36.68,35.27,36.529999,1260500,35.599579
2013-07-17,35.18,35.740002,34.990002,35.259998,668100,34.361926
2013-07-16,35.470001,35.68,34.810001,35.009998,716500,34.118293
2013-07-15,35.490002,35.779999,35.25,35.470001,548600,34.56658
2013-07-12,34.82,35.59,34.68,35.50,1141400,34.595814
2013-07-11,35.130001,35.130001,34.689999,34.919998,769500,34.030585
2013-07-10,33.98,34.529999,33.93,34.48,798000,33.601793
2013-07-09,33.959999,34.459999,33.700001,34.040001,826200,33.173001
2013-07-08,33.900002,34.240002,33.48,33.740002,543400,32.880643
2013-07-05,32.84,33.75,32.349998,33.720001,638000,32.861152
2013-07-03,32.470001,32.650002,32.16,32.360001,832700,31.535791
2013-07-02,33.259998,33.610001,32.639999,32.799999,996700,31.964583
2013-07-01,32.209999,33.43,32.209999,33.32,958400,32.471339
2013-06-28,32.380001,32.700001,31.92,31.950001,1197500,31.136234
2013-06-27,32.080002,33.09,31.98,32.50,722100,31.672224
2013-06-26,31.65,31.870001,31.08,31.77,665100,30.960818
2013-06-25,31.09,31.43,30.85,31.309999,909000,30.512533
2013-06-24,30.690001,31.08,29.99,30.65,1335700,29.869344
2013-06-21,31.02,31.309999,29.92,31.17,1521600,30.3761
2013-06-20,30.77,31.08,30.50,30.790001,945400,30.005779
2013-06-19,31.719999,31.82,31.280001,31.40,658500,30.600241
2013-06-18,30.959999,31.73,30.719999,31.65,875100,30.843874
2013-06-17,30.969999,31.17,30.58,30.969999,1006900,30.181193
2013-06-14,31.700001,31.700001,30.57,30.65,1676800,29.869344
2013-06-13,31.549999,32.02,31.02,31.90,794400,31.087506
2013-06-12,32.25,32.48,31.530001,31.549999,948400,30.74642
2013-06-11,32.32,33.040001,31.889999,31.90,932600,31.087506
2013-06-10,33.32,33.509998,32.540001,32.82,750400,31.984074
2013-06-07,32.540001,33.290001,32.299999,33.220001,547600,32.373887
2013-06-06,32.189999,32.459999,31.870001,32.32,761800,31.496809
2013-06-05,33.049999,33.049999,32.00,32.23,672000,31.409101
2013-06-04,33.450001,33.82,32.610001,33.049999,836700,32.208215
2013-06-03,33.639999,34.130001,32.830002,33.349998,1078600,32.500573
2013-05-31,33.110001,34.23,32.799999,33.57,569900,32.714971
2013-05-30,33.299999,33.630001,32.66,33.490002,743000,32.637011
2013-05-29,33.040001,33.400002,32.849998,33.139999,555200,32.295923
2013-05-28,33.93,34.330002,33.279999,33.490002,826700,32.637011
2013-05-24,34.00,34.00,33.119999,33.34,728800,32.49083
2013-05-23,33.060001,34.330002,32.799999,34.330002,988000,33.455616
2013-05-22,34.77,35.380001,33.48,33.689999,1092600,32.831914
2013-05-21,34.18,35.00,33.919998,34.779999,1231300,33.894152
2013-05-20,33.709999,34.349998,33.549999,34.169998,753600,33.299688
2013-05-17,32.990002,33.779999,32.950001,33.77,827600,32.909878
2013-05-16,33.439999,33.73,32.740002,32.860001,752200,32.023056
2013-05-15,33.630001,33.970001,32.41,33.470001,2381300,32.61752
2013-05-14,34.830002,35.09,34.060001,34.259998,1524900,33.387396
2013-05-13,34.810001,35.139999,34.369999,34.549999,589900,33.67001
2013-05-10,34.400002,35.080002,34.32,35.00,777000,34.108549
2013-05-09,35.369999,35.689999,34.279999,34.369999,861100,33.494594
2013-05-08,34.919998,35.68,34.84,35.400002,1472400,34.498363
2013-05-07,34.439999,35.099998,34.029999,35.02,1959800,34.12804
2013-05-06,32.57,33.869999,32.380001,33.720001,1382800,32.861152
2013-05-03,31.90,32.799999,31.719999,32.459999,1579400,31.633242
2013-05-02,30.799999,31.610001,30.610001,31.43,1308800,30.629478
2013-05-01,31.40,31.68,30.530001,30.639999,1372100,29.859598
2013-04-30,31.629999,31.90,31.07,31.66,1454600,30.853619
2013-04-29,33.439999,33.50,31.389999,31.639999,2174600,30.834128
2013-04-26,33.919998,33.919998,32.849998,33.52,1568400,32.666245
2013-04-25,34.669998,36.790001,32.150002,34.509998,2311600,33.631028
2013-04-24,32.490002,32.990002,32.02,32.599998,926000,31.769676
2013-04-23,31.77,32.57,31.73,32.540001,909600,31.711206
2013-04-22,31.879999,31.98,30.790001,31.559999,464300,30.756166
2013-04-19,30.559999,32.299999,30.559999,31.93,1288400,31.116743
2013-04-18,31.459999,31.48,30.290001,30.42,661800,29.645202
2013-04-17,31.209999,31.65,30.950001,31.34,1187300,30.54177
2013-04-16,31.00,31.629999,30.65,31.620001,640200,30.814639
2013-04-15,32.240002,32.529999,30.50,30.639999,896800,29.859598
2013-04-12,32.759998,33.18,32.290001,32.50,1042300,31.672224
2013-04-11,32.799999,33.080002,32.740002,32.91,765500,32.071782
2013-04-10,32.599998,32.990002,32.560001,32.91,554400,32.071782
2013-04-09,32.439999,32.73,32.400002,32.57,860300,31.740441
2013-04-08,32.099998,32.919998,32.049999,32.919998,716800,32.081525
2013-04-05,31.469999,32.169998,31.35,32.119999,1146500,31.301902
2013-04-04,31.549999,32.150002,31.549999,32.150002,567100,31.33114
2013-04-03,32.27,32.360001,31.23,31.52,1122300,30.717185
2013-04-02,33.209999,33.43,32.18,32.200001,870500,31.379866
2013-04-01,34.169998,34.369999,32.900002,33.00,750900,32.159489
2013-03-28,34.130001,34.389999,33.720001,34.220001,637600,33.348417
2013-03-27,33.889999,34.200001,33.799999,34.049999,421800,33.182745
2013-03-26,34.200001,34.610001,33.669998,34.25,417800,33.377652
2013-03-25,34.41,35.130001,33.580002,33.779999,937200,32.919622
2013-03-22,34.330002,34.639999,34.02,34.330002,496300,33.455616
2013-03-21,34.529999,34.689999,33.529999,34.040001,711300,33.173001
2013-03-20,34.139999,35.200001,34.110001,34.810001,929400,33.92339
2013-03-19,34.049999,34.290001,33.360001,33.950001,1223500,33.085294
2013-03-18,33.779999,34.279999,33.459999,33.990002,620300,33.124276
2013-03-15,34.75,35.169998,34.299999,34.349998,1739900,33.475103
2013-03-14,34.619999,34.959999,34.549999,34.82,1161500,33.933134
2013-03-13,34.450001,34.740002,34.189999,34.439999,755800,33.562811
2013-03-12,35.27,35.27,34.389999,34.50,801100,33.621284
2013-03-11,35.240002,35.700001,35.150002,35.400002,449700,34.498363
2013-03-08,35.619999,35.669998,34.799999,35.43,860000,34.527598
2013-03-07,35.740002,35.790001,35.119999,35.209999,740500,34.3132
2013-03-06,35.59,36.32,35.50,35.700001,641600,34.790721
2013-03-05,36.169998,36.360001,35.360001,35.41,1224000,34.508107
2013-03-04,36.049999,36.290001,35.84,36.00,590000,35.083079
2013-03-01,36.09,36.50,35.669998,36.299999,823600,35.375438
2013-02-28,36.060001,37.02,36.049999,36.439999,440200,35.511871
2013-02-27,35.110001,36.59,35.060001,36.07,902500,35.151296
2013-02-26,35.630001,35.830002,34.669998,35.049999,1226100,34.157275
2013-02-25,36.529999,36.650002,35.209999,35.279999,797800,34.381417
2013-02-22,35.950001,36.57,35.950001,36.299999,717900,35.375438
2013-02-21,36.080002,36.25,35.299999,35.599998,787400,34.693266
2013-02-20,37.18,37.299999,36.130001,36.150002,924300,35.22926
2013-02-19,36.43,37.310001,36.43,37.23,846900,36.281751
2013-02-15,36.849998,37.369999,36.209999,36.34,929800,35.41442
2013-02-14,36.32,37.040001,36.32,36.700001,563400,35.765251
2013-02-13,36.639999,36.869999,35.490002,36.419998,753500,35.49238
2013-02-12,36.50,36.950001,36.380001,36.68,708700,35.74576
2013-02-11,35.939999,36.549999,35.799999,36.50,635400,35.570344
2013-02-08,36.009998,36.299999,35.759998,36.00,559100,35.083079
2013-02-07,35.700001,36.07,35.25,35.950001,745200,35.034354
2013-02-06,35.450001,36.040001,35.220001,35.700001,764500,34.790721
2013-02-05,35.009998,35.860001,34.790001,35.740002,1039500,34.829703
2013-02-04,35.759998,35.77,34.59,34.650002,1762800,33.767465
2013-02-01,36.34,36.700001,36.150002,36.189999,1036700,35.268239
2013-01-31,35.970001,36.279999,35.610001,36.16,824700,35.239004
2013-01-30,35.869999,36.349998,35.860001,36.029999,1102200,35.112314
2013-01-29,36.09,36.220001,35.810001,36.02,1689400,35.10257
2013-01-28,35.950001,36.619999,35.950001,36.349998,1409800,35.424163
2013-01-25,35.18,36.009998,35.02,35.950001,1729700,35.034354
2013-01-24,34.50,36.369999,32.779999,35.220001,4937800,34.322947
2013-01-23,32.830002,33.290001,32.610001,32.810001,2097100,31.97433
2013-01-22,32.16,32.98,31.969999,32.970001,1204400,32.130255
2013-01-18,32.00,32.07,31.48,32.07,837500,31.253176
2013-01-17,31.57,32.240002,31.57,32.02,1414300,31.20445
2013-01-16,31.33,31.469999,31.030001,31.290001,452600,30.493044
2013-01-15,30.610001,31.469999,30.610001,31.41,533500,30.609987
2013-01-14,30.98,31.360001,30.790001,30.98,477300,30.190938
2013-01-11,31.23,31.290001,30.870001,31.040001,932600,30.249412
2013-01-10,31.73,31.74,30.889999,31.190001,993800,30.395591
2013-01-09,31.110001,31.700001,30.950001,31.440001,791600,30.639223
2013-01-08,31.18,31.32,30.65,30.92,835400,30.132467
2013-01-07,31.23,31.389999,30.85,31.26,674500,30.463807
2013-01-04,31.799999,31.99,31.26,31.49,1125900,30.687949
2013-01-03,31.32,31.57,30.67,31.51,1471800,30.70744
2013-01-02,30.27,31.309999,30.10,31.15,3080000,30.356609
2012-12-31,27.459999,29.23,27.370001,29.09,1855400,28.349077
2012-12-28,27.139999,27.549999,27.059999,27.49,685700,26.789829
2012-12-27,27.57,27.629999,27.00,27.450001,940900,26.750849
2012-12-26,27.709999,27.860001,27.360001,27.50,744600,26.799574
2012-12-24,27.799999,27.950001,27.549999,27.60,350900,26.897028
2012-12-21,27.77,28.17,27.620001,27.75,2422000,27.043207
2012-12-20,27.75,28.27,27.629999,28.049999,921700,27.335565
2012-12-19,27.299999,27.969999,27.120001,27.66,986700,26.955499
2012-12-18,26.780001,27.209999,26.50,27.209999,717200,26.51696
2012-12-17,26.27,26.610001,25.98,26.57,707900,25.893261
2012-12-14,26.02,26.280001,25.969999,26.16,490400,25.493704
2012-12-13,26.360001,26.440001,25.790001,26.030001,572900,25.367016
2012-12-12,26.60,26.85,26.309999,26.389999,621800,25.717846
2012-12-11,26.459999,26.58,26.16,26.440001,515300,25.766573
2012-12-10,25.690001,26.290001,25.690001,26.209999,538200,25.54243
2012-12-07,26.780001,27.219999,25.68,25.76,1099700,25.103893
2012-12-06,26.09,26.60,26.01,26.59,739200,25.912752
2012-12-05,26.52,26.58,26.059999,26.15,968300,25.483959
2012-12-04,25.790001,26.469999,25.709999,26.450001,994000,25.776319
2012-12-03,25.959999,26.15,25.58,25.83,680900,25.172109
2012-11-30,25.780001,25.85,25.459999,25.77,677700,25.113638
2012-11-29,25.620001,25.879999,25.48,25.77,597900,25.113638
2012-11-28,25.129999,25.52,24.959999,25.440001,1026300,24.792043
2012-11-27,24.469999,25.459999,24.43,25.24,791200,24.597137
2012-11-26,24.780001,24.889999,24.389999,24.59,530200,23.963692
2012-11-23,24.85,25.08,24.700001,24.91,190700,24.275542
2012-11-21,24.780001,24.879999,24.48,24.68,458400,24.0514
2012-11-20,24.950001,25.08,24.50,24.59,632200,23.963692
2012-11-19,24.32,25.129999,24.32,25.08,1149400,24.441212
2012-11-16,24.09,24.10,23.57,24.01,806600,23.398465
2012-11-15,24.379999,24.74,23.959999,24.07,780200,23.40821
2012-11-14,25.709999,25.84,24.26,24.360001,980300,23.690238
2012-11-13,24.99,25.969999,24.93,25.639999,1036800,24.935044
2012-11-12,25.74,25.969999,25.299999,25.299999,923900,24.604392
2012-11-09,24.65,25.969999,24.58,25.77,1545900,25.061471
2012-11-08,25.389999,25.549999,24.629999,24.790001,980700,24.108415
2012-11-07,25.34,25.41,24.940001,25.15,1131400,24.458516
2012-11-06,25.360001,25.879999,25.219999,25.76,847000,25.051745
2012-11-05,24.440001,25.42,24.27,25.17,1013200,24.477967
2012-11-02,24.639999,24.82,24.360001,24.48,827100,23.806937
2012-11-01,23.58,24.52,23.530001,24.43,815300,23.758313
2012-10-31,23.129999,23.719999,23.129999,23.59,1002900,22.941408
2012-10-26,23.66,23.66,22.690001,23.049999,1443000,22.416254
2012-10-25,21.620001,23.68,21.620001,23.629999,2318300,22.980307
2012-10-24,21.74,22.049999,21.08,21.24,1727000,20.656019
2012-10-23,21.51,21.969999,21.389999,21.549999,1344000,20.957496
2012-10-22,22.620001,22.700001,21.780001,21.91,1708200,21.307598
2012-10-19,23.58,23.870001,22.690001,22.719999,1393500,22.095327
2012-10-18,24.15,24.219999,23.58,23.780001,843600,23.126185
2012-10-17,24.309999,24.370001,23.85,24.10,681400,23.437386
2012-10-16,23.82,24.370001,23.709999,24.219999,1336200,23.554086
2012-10-15,23.32,23.90,23.059999,23.549999,636200,22.902507
2012-10-12,23.309999,23.620001,23.040001,23.25,780800,22.610756
2012-10-11,23.139999,23.309999,22.66,23.25,758600,22.610756
2012-10-10,23.07,23.139999,22.74,22.809999,584800,22.182853
2012-10-09,23.549999,23.629999,23.030001,23.09,625200,22.455155
2012-10-08,23.57,23.75,23.52,23.60,414200,22.951133
2012-10-05,23.469999,24.09,23.459999,23.780001,782400,23.126185
2012-10-04,23.10,23.51,22.90,23.299999,426700,22.65938
2012-10-03,22.90,23.299999,22.59,23.01,424500,22.377355
2012-10-02,22.620001,23.209999,22.459999,22.870001,801100,22.241205
2012-10-01,22.799999,22.799999,22.360001,22.50,1078000,21.881377
2012-09-28,22.75,22.85,22.32,22.629999,1204400,22.007802
2012-09-27,23.110001,23.110001,22.629999,22.85,870100,22.221754
2012-09-26,23.110001,23.190001,22.559999,22.870001,922300,22.241205
2012-09-25,23.83,23.91,23.040001,23.10,767400,22.46488
2012-09-24,23.75,23.85,23.299999,23.67,625000,23.019208
2012-09-21,24.02,24.16,23.809999,23.950001,774200,23.291511
2012-09-20,23.620001,23.700001,22.99,23.700001,1108400,23.048384
2012-09-19,24.549999,24.549999,23.610001,23.74,1714500,23.087283
2012-09-18,25.02,25.120001,24.18,24.41,805400,23.738862
2012-09-17,25.280001,25.280001,24.809999,25.049999,679200,24.361265
2012-09-14,25.360001,25.67,25.17,25.459999,813000,24.759992
2012-09-13,24.10,25.280001,23.82,25.18,1515400,24.487692
2012-09-12,24.620001,24.74,23.950001,24.139999,882900,23.476285
2012-09-11,24.870001,24.950001,24.27,24.639999,1353000,23.962538
2012-09-10,24.620001,24.99,24.549999,24.959999,1052400,24.27374
2012-09-07,23.959999,24.82,23.92,24.719999,865400,24.040338
2012-09-06,23.32,23.82,23.17,23.82,2092800,23.165084
2012-09-05,23.48,23.690001,23.01,23.01,1050900,22.377355
2012-09-04,23.610001,23.799999,23.110001,23.530001,672600,22.883058
2012-08-31,23.82,23.889999,23.299999,23.690001,546100,23.038659
2012-08-30,23.629999,23.780001,23.34,23.559999,895100,22.912232
2012-08-29,23.559999,24.00,23.459999,23.860001,829600,23.203985
2012-08-28,23.18,23.549999,23.030001,23.42,555700,22.776082
2012-08-27,23.940001,23.99,22.98,23.139999,765100,22.50378
2012-08-24,23.09,23.99,23.08,23.82,811800,23.165084
2012-08-23,23.51,23.549999,22.969999,23.219999,501300,22.58158
2012-08-22,23.209999,23.65,23.15,23.50,806300,22.853882
2012-08-21,23.15,23.60,23.040001,23.290001,827400,22.649657
2012-08-20,22.969999,23.379999,22.76,22.98,568400,22.348179
2012-08-17,22.799999,23.23,22.57,23.129999,1028100,22.494054
2012-08-16,22.440001,22.93,22.200001,22.85,665200,22.221754
2012-08-15,22.48,22.639999,22.18,22.51,497600,21.891102
2012-08-14,22.65,22.969999,22.51,22.620001,501100,21.998078
2012-08-13,22.639999,22.799999,22.309999,22.52,676300,21.900827
2012-08-10,22.82,22.879999,22.49,22.76,654700,22.134228
2012-08-09,22.559999,23.02,22.559999,22.93,851400,22.299554
2012-08-08,22.74,22.92,22.48,22.549999,1160900,21.930001
2012-08-07,22.389999,23.32,22.15,22.969999,1122100,22.338454
2012-08-06,21.809999,22.49,21.780001,22.110001,967500,21.5021
2012-08-03,21.15,21.799999,21.07,21.66,1316600,21.064472
2012-08-02,20.799999,20.98,20.200001,20.530001,1202700,19.965541
2012-08-01,22.15,22.25,20.93,20.98,1011000,20.403168
2012-07-31,22.200001,22.49,21.76,21.99,828900,21.385399
2012-07-30,21.530001,22.299999,21.42,22.24,1257300,21.628525
2012-07-27,20.51,21.76,20.35,21.530001,2102200,20.938047
2012-07-26,20.98,21.34,19.41,20.209999,2708400,19.654338
2012-07-25,20.75,20.860001,19.90,20.42,1574400,19.858565
2012-07-24,21.65,21.67,20.25,20.540001,1674300,19.975267
2012-07-23,21.59,21.969999,21.33,21.450001,1037500,20.860246
2012-07-20,22.51,22.73,22.129999,22.200001,787500,21.589626
2012-07-19,22.719999,23.129999,22.51,22.99,783500,22.357904
2012-07-18,22.639999,22.98,22.48,22.60,801400,21.978628
2012-07-17,22.620001,22.92,22.17,22.790001,587400,22.163404
2012-07-16,22.110001,22.59,21.969999,22.450001,877900,21.832752
2012-07-13,21.379999,22.299999,21.27,22.26,1173200,21.647976
2012-07-12,21.360001,21.459999,20.76,21.32,1064400,20.73382
2012-07-11,22.15,22.299999,21.27,21.639999,657900,21.045021
2012-07-10,22.459999,22.85,21.950001,22.15,897300,21.540999
2012-07-09,22.42,22.690001,22.10,22.23,1238800,21.6188
2012-07-06,22.780001,22.83,21.85,22.42,870900,21.803576
2012-07-05,22.74,23.34,22.719999,23.15,1239300,22.513505
2012-07-03,22.209999,22.85,22.209999,22.85,657600,22.221754
2012-07-02,22.309999,22.559999,22.09,22.41,1177700,21.793851
2012-06-29,21.75,22.370001,21.75,22.219999,2026700,21.609074
2012-06-28,20.450001,21.26,20.389999,21.26,1139100,20.67547
2012-06-27,20.280001,20.77,19.82,20.639999,1521100,20.072516
2012-06-26,20.809999,21.02,20.26,20.35,1187300,19.79049
2012-06-25,21.01,21.15,20.32,20.74,699100,20.169767
2012-06-22,21.190001,22.17,21.17,21.34,1833300,20.75327
2012-06-21,21.700001,21.700001,20.68,20.959999,1300600,20.383717
2012-06-20,21.639999,21.709999,21.08,21.59,1345400,20.996397
2012-06-19,20.74,22.00,20.74,21.65,1890100,21.054746
2012-06-18,20.889999,21.08,20.450001,20.52,1363600,19.955816
2012-06-15,20.879999,21.26,20.700001,21.16,1194400,20.578219
2012-06-14,20.17,20.889999,20.00,20.83,1468200,20.257292
2012-06-13,20.809999,20.809999,19.98,20.120001,2152200,19.566814
2012-06-12,20.389999,21.190001,20.379999,21.049999,1384300,20.471243
2012-06-11,21.309999,21.43,20.16,20.219999,1153100,19.664063
2012-06-08,20.49,21.129999,20.389999,21.040001,933100,20.461519
2012-06-07,21.08,21.219999,20.35,20.60,1391900,20.033616
2012-06-06,20.440001,20.719999,20.10,20.690001,1642000,20.121142
2012-06-05,19.74,20.25,19.65,20.200001,1464800,19.644614
2012-06-04,20.459999,20.68,19.35,19.83,3859500,19.284787
2012-06-01,21.16,21.469999,20.209999,20.41,2569400,19.84884
2012-05-31,21.799999,21.99,21.09,21.90,2570100,21.297873
2012-05-30,22.43,22.43,21.549999,21.90,1315300,21.297873
2012-05-29,22.309999,22.889999,22.17,22.68,1131800,22.056428
2012-05-25,22.08,22.139999,21.790001,22.00,1049200,21.395124
2012-05-24,22.74,22.84,21.66,22.030001,2462500,21.4243
2012-05-23,21.74,22.889999,21.57,22.75,2413700,22.124503
2012-05-22,21.639999,22.32,21.52,22.07,1928900,21.463199
2012-05-21,21.200001,21.870001,21.01,21.43,2103300,20.840796
2012-05-18,21.25,21.52,20.620001,21.190001,2195100,20.607395
2012-05-17,22.84,22.860001,20.870001,21.15,4610400,20.568494
2012-05-16,23.469999,23.85,22.610001,22.709999,2603100,22.085602
2012-05-15,22.959999,23.959999,22.83,23.290001,2101800,22.649657
2012-05-14,23.620001,23.639999,22.93,23.030001,2013700,22.396805
2012-05-11,24.16,24.57,23.83,23.950001,1686600,23.291511
2012-05-10,24.15,24.57,23.889999,24.50,1451500,23.826388
2012-05-09,23.389999,24.16,23.309999,23.84,2520600,23.184534
2012-05-08,24.42,24.42,23.32,23.85,2221900,23.19426
2012-05-07,24.860001,25.120001,24.610001,24.67,1213200,23.991714
2012-05-04,25.68,25.780001,24.620001,24.950001,1869900,24.264016
2012-05-03,26.52,26.559999,25.700001,25.91,1629400,25.197621
2012-05-02,25.809999,26.940001,25.639999,26.51,1392100,25.781124
2012-05-01,26.290001,27.02,25.860001,26.129999,1200300,25.411571
2012-04-30,26.82,26.950001,26.00,26.290001,1385300,25.567174
2012-04-27,26.92,27.40,26.35,27.040001,1881800,26.296553
2012-04-26,24.530001,27.00,24.33,26.67,5664900,25.936725
2012-04-25,26.50,26.940001,26.309999,26.90,1523100,26.160401
2012-04-24,25.799999,26.24,25.690001,26.040001,1218700,25.324047
2012-04-23,25.50,25.879999,24.85,25.799999,1595800,25.090644
2012-04-20,25.360001,26.790001,25.27,25.99,1915000,25.275421
2012-04-19,25.530001,25.74,24.709999,24.950001,942600,24.264016
2012-04-18,25.08,25.68,24.90,25.43,883800,24.730818
2012-04-17,25.51,25.82,25.17,25.190001,1026600,24.497417
2012-04-16,25.379999,25.60,24.700001,25.219999,1101300,24.526591
2012-04-13,25.190001,25.360001,24.549999,25.190001,958700,24.497417
2012-04-12,24.719999,25.700001,24.719999,25.299999,905000,24.604392
2012-04-11,24.530001,24.790001,24.33,24.700001,1079000,24.02089
2012-04-10,24.84,25.00,23.85,24.110001,1949700,23.447111
2012-04-09,25.280001,25.309999,24.49,24.92,1294400,24.23484
2012-04-05,25.48,25.969999,25.48,25.83,760900,25.11982
2012-04-04,25.51,25.629999,25.23,25.540001,953300,24.837795
2012-04-03,25.940001,26.27,25.709999,25.860001,1137200,25.148996
2012-04-02,25.65,26.299999,25.51,26.07,991800,25.353221
2012-03-30,26.00,26.01,25.469999,25.75,773800,25.04202
2012-03-29,25.620001,25.790001,25.00,25.690001,897400,24.98367
2012-03-28,26.440001,26.50,25.309999,25.93,1634000,25.217071
2012-03-27,26.469999,27.00,26.450001,26.459999,1533900,25.732498
2012-03-26,25.92,26.57,25.92,26.450001,1425200,25.722775
2012-03-23,25.280001,25.59,24.73,25.49,2330700,24.789168
2012-03-22,25.50,25.68,24.809999,25.290001,1292300,24.594668
2012-03-21,25.74,26.129999,25.57,25.889999,1301100,25.17817
2012-03-20,25.85,26.35,25.709999,25.75,983800,25.04202
2012-03-19,26.16,26.27,25.690001,26.16,1142900,25.440747
2012-03-16,26.700001,27.00,26.299999,26.299999,2792300,25.576897
2012-03-15,25.32,26.700001,25.190001,26.700001,2417200,25.965901
2012-03-14,24.700001,25.200001,24.700001,25.200001,1148100,24.507143
2012-03-13,24.16,24.76,24.01,24.73,964600,24.050064
2012-03-12,23.83,24.24,23.57,23.889999,880100,23.233159
2012-03-09,23.51,24.07,23.49,23.940001,1560800,23.281785
2012-03-08,23.00,23.52,22.549999,23.440001,1847500,22.795532
2012-03-07,21.940001,22.879999,21.91,22.700001,1679600,22.075879
2012-03-06,22.540001,22.549999,21.65,21.870001,1525700,21.268699
2012-03-05,22.969999,23.09,22.700001,22.940001,746900,22.30928
2012-03-02,23.190001,23.299999,22.49,22.99,2848800,22.357904
2012-03-01,23.950001,24.049999,22.52,22.700001,2823400,22.075879
2012-02-29,24.59,24.82,23.870001,23.91,1111700,23.252609
2012-02-28,23.93,24.67,23.83,24.549999,819600,23.875012
2012-02-27,23.85,24.129999,23.35,23.959999,702100,23.301234
2012-02-24,23.809999,24.34,23.74,24.16,838300,23.495736
2012-02-23,23.25,23.860001,23.049999,23.83,826600,23.174809
2012-02-22,23.58,23.709999,23.190001,23.25,1369900,22.610756
2012-02-21,24.530001,24.530001,23.50,23.559999,1326400,22.912232
2012-02-17,24.620001,24.66,23.940001,24.469999,1073600,23.797212
2012-02-16,23.780001,24.52,23.50,24.43,1934400,23.758313
2012-02-15,23.870001,24.049999,23.67,23.84,1296600,23.184534
2012-02-14,23.610001,23.790001,23.41,23.790001,815400,23.13591
2012-02-13,23.360001,23.90,23.299999,23.82,1712700,23.165084
2012-02-10,22.530001,23.030001,22.40,22.940001,1273800,22.30928
2012-02-09,22.73,22.98,22.389999,22.799999,1344100,22.173128
2012-02-08,23.360001,23.58,22.559999,22.59,1737500,21.968902
2012-02-07,23.18,23.360001,22.93,23.190001,1152900,22.552406
2012-02-06,23.129999,23.450001,22.91,23.360001,1087700,22.717732
2012-02-03,22.75,23.809999,22.690001,23.389999,2666000,22.746906
2012-02-02,22.33,22.700001,21.84,22.24,1320100,21.628525
2012-02-01,21.59,22.32,21.450001,22.07,1675200,21.463199
2012-01-31,21.360001,21.440001,21.10,21.34,1313800,20.75327
2012-01-30,20.74,21.030001,20.59,20.969999,1490000,20.393442
2012-01-27,20.92,21.18,20.780001,20.959999,1571000,20.383717
2012-01-26,22.40,23.309999,20.85,20.92,3418900,20.344818
2012-01-25,21.450001,21.809999,21.25,21.610001,1292600,21.015847
2012-01-24,20.870001,21.620001,20.75,21.59,1264000,20.996397
2012-01-23,20.85,21.219999,20.67,21.08,1701100,20.500419
2012-01-20,20.440001,20.969999,20.379999,20.76,1289700,20.189217
2012-01-19,20.40,20.60,20.23,20.42,478400,19.858565
2012-01-18,20.040001,20.35,19.92,20.290001,787900,19.73214
2012-01-17,20.469999,20.559999,19.91,20.09,1415500,19.537638
2012-01-13,19.459999,20.379999,19.35,20.16,1647500,19.605713
2012-01-12,19.23,19.860001,19.23,19.73,920200,19.187536
2012-01-11,19.34,19.639999,19.10,19.120001,1018400,18.594308
2012-01-10,18.90,19.51,18.82,19.440001,975900,18.90551
2012-01-09,18.959999,19.00,18.50,18.60,999100,18.088605
2012-01-06,18.950001,19.00,18.629999,18.90,660400,18.380356
2012-01-05,18.15,19.01,18.040001,18.860001,715100,18.341457
2012-01-04,18.450001,18.66,18.280001,18.49,790000,17.981629
2012-01-03,18.59,18.83,18.450001,18.629999,901900,18.117779
2011-12-30,18.10,18.42,18.01,18.059999,363600,17.563451
2011-12-29,17.76,18.200001,17.76,18.139999,489900,17.641252
2011-12-28,18.129999,18.219999,17.620001,17.639999,457700,17.154999
2011-12-27,18.219999,18.360001,17.950001,18.129999,531800,17.631526
2011-12-23,17.66,18.309999,17.559999,18.290001,597400,17.787129
2011-12-22,17.129999,17.809999,17.120001,17.540001,1237600,17.05775
2011-12-21,16.809999,16.99,16.360001,16.889999,658100,16.425619
2011-12-20,16.35,16.969999,16.35,16.90,733800,16.435345
2011-12-19,17.01,17.030001,15.92,15.97,1033500,15.530915
2011-12-16,16.780001,17.040001,16.620001,16.870001,1339800,16.406171
2011-12-15,16.58,16.950001,16.49,16.559999,1157200,16.104693
2011-12-14,16.48,16.709999,16.26,16.27,1030100,15.822667
2011-12-13,17.719999,17.870001,16.440001,16.610001,870600,16.153319
2011-12-12,17.35,17.57,17.139999,17.52,851300,17.038299
2011-12-09,17.219999,17.84,17.139999,17.65,1697900,17.164724
2011-12-08,18.030001,18.07,17.18,17.209999,1304900,16.736821
2011-12-07,18.290001,18.49,18.00,18.25,1303600,17.748228
2011-12-06,18.48,18.629999,18.200001,18.450001,837800,17.94273
2011-12-05,18.450001,19.00,18.309999,18.379999,1728300,17.874653
2011-12-02,18.610001,18.620001,18.059999,18.09,1449200,17.592627
2011-12-01,18.530001,18.75,18.18,18.290001,2549300,17.787129
2011-11-30,17.780001,18.629999,17.709999,18.620001,2261600,18.108056
2011-11-29,16.799999,17.17,16.559999,17.040001,1347600,16.571497
2011-11-28,15.91,16.75,15.83,16.700001,1217500,16.240845
2011-11-25,15.61,15.79,15.27,15.28,391100,14.859886
2011-11-23,15.96,16.10,15.71,15.71,1232200,15.278063
2011-11-22,16.07,16.530001,15.95,16.18,1037100,15.735141
2011-11-21,16.049999,16.450001,16.049999,16.200001,1802800,15.754592
2011-11-18,16.440001,16.709999,16.209999,16.57,1200800,16.114418
2011-11-17,16.77,16.92,16.200001,16.51,1038700,16.007443
2011-11-16,16.870001,17.59,16.790001,16.82,919600,16.308006
2011-11-15,16.60,17.299999,16.50,17.15,636300,16.627961
2011-11-14,17.15,17.190001,16.700001,16.780001,575500,16.269225
2011-11-11,17.129999,17.610001,16.98,17.24,884100,16.715222
2011-11-10,16.709999,17.27,16.469999,16.84,1478000,16.327398
2011-11-09,16.60,16.76,16.26,16.299999,1635800,15.803835
2011-11-08,17.35,17.549999,16.66,17.17,1283200,16.647353
2011-11-07,17.32,17.450001,16.83,17.23,1121600,16.705526
2011-11-04,17.290001,17.50,17.00,17.299999,1244300,16.773395
2011-11-03,17.58,17.65,16.83,17.530001,1543800,16.996395
2011-11-02,17.200001,17.50,16.610001,17.23,1566100,16.705526
2011-11-01,16.799999,17.26,16.49,16.799999,1860200,16.288615
2011-10-31,17.66,17.98,17.43,17.66,2184700,17.122437
2011-10-28,19.02,19.25,18.00,18.139999,2139300,17.587826
2011-10-27,19.74,21.15,18.51,19.01,3757300,18.431344
2011-10-26,18.459999,18.950001,17.540001,18.790001,2255500,18.218042
2011-10-25,18.98,19.120001,18.01,18.030001,1607400,17.481175
2011-10-24,18.07,19.309999,18.07,19.200001,2126500,18.615561
2011-10-21,18.129999,18.129999,17.74,18.049999,1288700,17.500565
2011-10-20,17.35,17.74,16.879999,17.67,1623800,17.132133
2011-10-19,17.90,18.059999,17.200001,17.299999,1347000,16.773395
2011-10-18,17.709999,18.219999,16.90,17.82,1557400,17.277567
2011-10-17,17.82,17.99,17.540001,17.65,1218200,17.112741
2011-10-14,18.190001,18.33,17.50,18.030001,1425300,17.481175
2011-10-13,17.76,18.32,17.530001,17.959999,2651500,17.413305
2011-10-12,17.530001,18.139999,17.280001,17.90,2741900,17.355132
2011-10-11,16.75,17.48,16.65,17.33,1742100,16.802482
2011-10-10,16.290001,17.209999,16.110001,16.879999,1659200,16.366179
2011-10-07,16.280001,16.549999,15.63,15.91,1609500,15.425707
2011-10-06,15.48,16.26,15.16,16.139999,1851300,15.648705
2011-10-05,14.74,15.69,14.39,15.56,2416600,15.086361
2011-10-04,13.26,14.88,13.23,14.75,3000000,14.301017
2011-10-03,13.84,14.14,13.36,13.50,2839300,13.089066
2011-09-30,14.30,14.59,13.96,14.04,1663100,13.612629
2011-09-29,14.81,15.30,14.21,14.68,2548900,14.233148
2011-09-28,15.55,15.67,14.29,14.39,1713000,13.951975
2011-09-27,15.44,16.23,15.25,15.43,1991100,14.960318
2011-09-26,14.32,14.93,14.10,14.92,1679100,14.465842
2011-09-23,13.89,14.55,13.84,14.09,1314500,13.661107
2011-09-22,13.32,14.21,13.19,13.97,2967200,13.54476
2011-09-21,14.54,14.96,13.91,13.95,1621400,13.525368
2011-09-20,15.15,15.21,14.49,14.51,768300,14.068322
2011-09-19,14.73,15.26,14.48,15.05,868500,14.591885
2011-09-16,15.38,15.89,14.80,15.15,1518300,14.68884
2011-09-15,15.06,15.43,14.52,15.39,1480300,14.921536
2011-09-14,14.54,15.12,14.42,14.82,1358100,14.368885
2011-09-13,14.33,14.83,14.16,14.48,1398800,14.039235
2011-09-12,14.05,14.53,13.72,14.33,1255600,13.893801
2011-09-09,14.61,14.69,13.70,14.09,1515000,13.661107
2011-09-08,15.61,16.10,14.62,14.85,1231600,14.397973
2011-09-07,15.06,15.99,14.88,15.77,1513700,15.289969
2011-09-06,14.17,14.77,13.86,14.68,1616800,14.233148
2011-09-02,15.02,15.23,14.43,14.68,1154500,14.233148
2011-09-01,15.94,16.16,15.26,15.59,1854600,15.115447
2011-08-31,16.459999,16.799999,15.60,15.89,1235500,15.406316
2011-08-30,16.02,16.58,15.82,16.32,1210100,15.823226
2011-08-29,15.00,16.190001,14.97,16.139999,1482700,15.648705
2011-08-26,14.05,14.81,13.70,14.71,1223000,14.262234
2011-08-25,14.85,14.96,14.04,14.21,1170700,13.777454
2011-08-24,14.40,14.87,14.25,14.72,1372600,14.27193
2011-08-23,13.74,14.51,13.43,14.50,1462700,14.058626
2011-08-22,14.18,14.20,13.35,13.65,1560500,13.2345
2011-08-19,14.04,14.51,13.59,13.65,1339100,13.2345
2011-08-18,15.25,15.40,14.01,14.20,2823700,13.767758
2011-08-17,16.42,16.639999,15.70,15.89,931300,15.406316
2011-08-16,16.57,16.93,16.23,16.33,1280800,15.832922
2011-08-15,16.43,17.10,16.40,17.040001,1817500,16.521311
2011-08-12,16.48,16.75,16.059999,16.219999,1296400,15.72627
2011-08-11,15.19,16.57,14.90,16.26,1824700,15.765053
2011-08-10,15.54,15.83,14.96,15.02,2825700,14.562798
2011-08-09,15.63,16.370001,14.75,16.120001,2704300,15.629315
2011-08-08,17.049999,17.40,15.13,15.19,4502900,14.727623
2011-08-05,18.48,18.690001,17.01,17.809999,3231500,17.267871
2011-08-04,19.58,19.620001,18.17,18.17,2509400,17.616913
2011-08-03,19.809999,20.219999,19.10,20.059999,2348000,19.449382
2011-08-02,21.370001,21.549999,19.83,19.85,2024200,19.245775
2011-08-01,22.27,22.50,21.00,21.639999,2381500,20.981287
2011-07-29,21.360001,22.040001,21.35,21.83,1827800,21.165504
2011-07-28,22.34,22.99,21.68,21.98,4613800,21.310938
2011-07-27,20.889999,21.26,20.610001,20.76,2358700,20.128075
2011-07-26,21.27,21.389999,21.049999,21.08,1230800,20.438334
2011-07-25,20.09,21.610001,19.959999,21.24,2916700,20.593464
2011-07-22,19.459999,19.969999,19.24,19.82,708000,19.216688
2011-07-21,19.280001,19.73,19.17,19.459999,726800,18.867645
2011-07-20,19.00,19.27,18.639999,19.17,678800,18.586474
2011-07-19,18.90,19.09,18.639999,18.92,1155100,18.344084
2011-07-18,18.98,19.16,18.280001,18.59,1018200,18.024129
2011-07-15,18.99,19.190001,18.73,19.139999,1338500,18.557386
2011-07-14,19.58,19.870001,18.639999,18.85,1509100,18.276215
2011-07-13,19.60,20.00,19.25,19.48,1196100,18.887037
2011-07-12,19.469999,20.00,19.360001,19.40,1581500,18.809472
2011-07-11,20.24,20.41,19.41,19.549999,1602500,18.954906
2011-07-08,20.73,20.83,20.549999,20.700001,1110800,20.069902
2011-07-07,21.33,21.459999,21.16,21.209999,1188200,20.564376
2011-07-06,21.280001,21.32,20.860001,21.09,832400,20.44803
2011-07-05,21.35,21.40,20.700001,21.309999,920200,20.661333
2011-07-01,20.370001,21.49,20.309999,21.40,1695100,20.748593
2011-06-30,19.83,20.67,19.690001,20.40,1148100,19.779033
2011-06-29,19.809999,20.25,19.559999,19.77,1180200,19.16821
2011-06-28,19.030001,19.68,19.02,19.67,777800,19.071254
2011-06-27,18.950001,19.360001,18.690001,19.07,476700,18.489517
2011-06-24,19.450001,19.66,18.809999,19.01,1245000,18.431344
2011-06-23,18.360001,19.50,18.17,19.43,1782800,18.83856
2011-06-22,18.940001,19.34,18.719999,18.719999,1012700,18.150171
2011-06-21,18.50,19.43,18.50,19.049999,1401000,18.470126
2011-06-20,17.879999,18.440001,17.799999,18.299999,1092400,17.742955
2011-06-17,18.07,18.139999,17.610001,17.98,1429500,17.432696
2011-06-16,17.799999,18.290001,17.559999,17.790001,1073200,17.248481
2011-06-15,18.139999,18.139999,17.77,17.82,1316400,17.277567
2011-06-14,17.450001,18.75,17.379999,18.42,2435600,17.859303
2011-06-13,17.27,17.540001,16.700001,17.139999,1602700,16.618265
2011-06-10,17.82,17.870001,17.030001,17.190001,2087000,16.666745
2011-06-09,17.77,18.209999,17.639999,18.01,1231200,17.461784
2011-06-08,17.940001,18.07,17.52,17.68,2248000,17.141829
2011-06-07,18.719999,18.99,17.940001,18.049999,2256000,17.500565
2011-06-06,19.280001,19.450001,18.51,18.540001,1634800,17.975652
2011-06-03,19.59,19.67,19.16,19.280001,1449000,18.693126
2011-06-02,20.049999,20.18,19.65,20.02,1425600,19.410601
2011-06-01,21.700001,21.93,19.99,20.049999,2122700,19.439686
2011-05-31,21.49,21.700001,21.32,21.68,1284400,21.020071
2011-05-27,21.379999,21.75,21.15,21.209999,891600,20.564376
2011-05-26,20.40,21.389999,20.360001,21.309999,1984500,20.661333
2011-05-25,20.190001,20.790001,20.040001,20.549999,1132000,19.924466
2011-05-24,20.299999,20.559999,20.049999,20.389999,1478900,19.769337
2011-05-23,20.75,20.790001,20.120001,20.24,1384800,19.623903
2011-05-20,21.24,21.459999,20.950001,21.190001,928400,20.544986
2011-05-19,21.610001,21.639999,21.02,21.360001,1085800,20.709812
2011-05-18,21.389999,21.74,21.24,21.469999,719800,20.816462
2011-05-17,21.02,21.309999,20.91,21.309999,1188900,20.661333
2011-05-16,21.67,22.01,21.209999,21.25,1434100,20.603159
2011-05-13,22.370001,22.50,21.799999,21.83,574700,21.165504
2011-05-12,22.10,22.530001,21.91,22.379999,1043000,21.698762
2011-05-11,22.93,22.93,22.10,22.219999,1151200,21.543632
2011-05-10,22.809999,23.00,22.540001,22.950001,905900,22.251413
2011-05-09,22.91,22.91,22.43,22.65,869200,21.960544
2011-05-06,23.25,23.469999,22.67,22.99,1212700,22.290194
2011-05-05,22.23,23.639999,22.00,22.969999,2304900,22.270803
2011-05-04,22.40,22.610001,21.66,22.51,1834800,21.824806
2011-05-03,22.85,23.15,22.25,22.40,1789100,21.718154
2011-05-02,23.459999,23.59,22.709999,22.860001,2294200,22.164152
2011-04-29,25.120001,25.24,23.200001,23.370001,2900000,22.658628
2011-04-28,26.360001,27.280001,23.52,25.18,7588000,24.413532
2011-04-27,26.75,26.860001,26.040001,26.040001,2395900,25.247355
2011-04-26,26.85,27.379999,26.73,26.82,940100,26.003611
2011-04-25,26.92,27.700001,26.690001,26.780001,1841300,25.964829
2011-04-21,26.290001,27.08,25.98,27.01,1981700,26.187828
2011-04-20,25.700001,26.389999,25.610001,26.02,2134300,25.227963
2011-04-19,23.969999,25.00,23.90,24.940001,2210300,24.180838
2011-04-18,23.40,23.90,22.83,23.780001,1422500,23.056148
2011-04-15,23.77,24.10,23.629999,23.950001,908800,23.220973
2011-04-14,24.110001,24.440001,23.52,23.77,1832700,23.046452
2011-04-13,24.360001,24.60,24.040001,24.549999,958300,23.802708
2011-04-12,24.43,24.75,23.92,24.15,1298800,23.414884
2011-04-11,25.24,25.41,24.559999,24.709999,868200,23.957838
2011-04-08,25.49,25.67,25.02,25.219999,946800,24.452314
2011-04-07,25.58,25.709999,25.200001,25.25,1166700,24.481401
2011-04-06,26.42,26.57,25.370001,25.690001,2948600,24.908008
2011-04-05,25.48,25.969999,25.23,25.610001,792900,24.830444
2011-04-04,25.620001,25.85,25.32,25.60,974500,24.820748
2011-04-01,25.75,26.32,25.459999,25.59,1458200,24.811052
2011-03-31,25.42,25.549999,24.99,25.43,899300,24.655922
2011-03-30,25.43,25.620001,24.85,25.49,831200,24.714096
2011-03-29,25.299999,25.530001,24.90,25.209999,874500,24.442618
2011-03-28,25.370001,26.08,25.280001,25.290001,1428400,24.520185
2011-03-25,24.25,25.940001,24.219999,25.41,3192300,24.636531
2011-03-24,23.68,24.01,23.32,23.879999,588800,23.153103
2011-03-23,23.18,23.629999,22.389999,23.50,1123800,22.78467
2011-03-22,23.75,24.02,23.280001,23.290001,622900,22.581064
2011-03-21,23.73,23.85,23.32,23.65,922100,22.930104
2011-03-18,23.540001,23.77,23.200001,23.309999,972400,22.600453
2011-03-17,23.98,24.049999,22.99,23.129999,1278000,22.425932
2011-03-16,23.299999,24.01,23.16,23.459999,1394800,22.745887
2011-03-15,22.82,23.76,22.57,23.440001,1135000,22.726497
2011-03-14,23.25,24.129999,22.90,23.76,792000,23.036756
2011-03-11,23.379999,23.76,23.049999,23.60,724800,22.881627
2011-03-10,23.73,24.219999,23.549999,23.57,1164100,22.852539
2011-03-09,24.040001,24.610001,23.73,24.24,1102000,23.502145
2011-03-08,22.77,24.370001,22.709999,24.200001,1842600,23.463363
2011-03-07,23.190001,23.67,22.50,22.93,1069900,22.232021
2011-03-04,23.33,23.40,22.74,23.139999,1077300,22.435628
2011-03-03,22.549999,23.34,22.51,23.23,1161100,22.522889
2011-03-02,22.049999,22.26,21.719999,22.15,1645000,21.475763
2011-03-01,23.25,23.43,21.889999,22.02,1972200,21.349721
2011-02-28,23.459999,23.459999,22.690001,23.030001,1383600,22.328978
2011-02-25,22.309999,23.129999,22.10,23.120001,849200,22.416238
2011-02-24,22.309999,22.440001,21.60,22.10,2092100,21.427286
2011-02-23,23.190001,23.40,21.879999,22.280001,1689000,21.601807
2011-02-22,23.950001,24.17,23.17,23.23,1689700,22.522889
2011-02-18,23.26,24.67,23.26,24.219999,2203400,23.482753
2011-02-17,22.299999,23.290001,22.280001,23.25,1252700,22.54228
2011-02-16,22.23,22.440001,22.16,22.42,1153900,21.737545
2011-02-15,22.24,22.34,21.98,22.129999,633700,21.456372
2011-02-14,22.469999,22.73,22.26,22.360001,996000,21.679372
2011-02-11,21.98,22.559999,21.98,22.540001,1163900,21.853893
2011-02-10,21.52,22.25,21.43,22.200001,890700,21.524243
2011-02-09,21.459999,21.860001,21.360001,21.700001,726100,21.039462
2011-02-08,21.24,21.52,21.10,21.52,681000,20.864941
2011-02-07,20.93,21.42,20.82,21.26,1055400,20.612855
2011-02-04,20.49,20.92,20.299999,20.84,1191000,20.20564
2011-02-03,19.99,20.50,19.99,20.49,822700,19.866293
2011-02-02,20.219999,20.309999,19.799999,20.059999,832800,19.449382
2011-02-01,20.139999,20.559999,19.92,20.41,1009600,19.788729
2011-01-31,19.809999,20.42,19.67,19.92,675800,19.313644
2011-01-28,20.23,20.549999,19.60,19.700001,1988700,19.100341
2011-01-27,20.58,21.34,19.889999,20.35,2436000,19.730555
2011-01-26,20.10,21.549999,20.049999,21.110001,2173700,20.467422
2011-01-25,19.77,19.969999,19.59,19.93,696200,19.32334
2011-01-24,19.610001,20.25,19.540001,19.950001,517800,19.342732
2011-01-21,19.879999,20.25,19.57,19.59,855100,18.993689
2011-01-20,19.620001,20.190001,19.389999,19.60,1181900,19.003385
2011-01-19,20.459999,20.629999,19.74,19.790001,1266100,19.187602
2011-01-18,20.58,20.82,20.25,20.50,523000,19.875989
2011-01-14,20.74,20.83,20.49,20.65,533100,20.021423
2011-01-13,20.83,20.98,20.559999,20.709999,1014600,20.079596
2011-01-12,20.389999,21.48,19.969999,20.870001,1197600,20.234727
2011-01-11,20.07,20.40,19.799999,20.219999,894100,19.604512
2011-01-10,20.059999,20.120001,19.58,19.969999,859800,19.362121
2011-01-07,20.42,20.75,19.790001,20.27,1179900,19.652991
2011-01-06,20.08,21.639999,20.00,20.309999,2683000,19.691772
2011-01-05,18.959999,20.48,18.92,20.02,1511600,19.410601
2011-01-04,19.33,19.50,18.620001,19.01,707300,18.431344
2011-01-03,19.040001,19.84,18.75,19.209999,881800,18.625255
2010-12-31,18.74,19.10,18.620001,18.74,464600,18.169563
2010-12-30,18.73,19.030001,18.610001,18.82,271500,18.247127
2010-12-29,19.040001,19.10,18.68,18.719999,152600,18.150171
2010-12-28,19.299999,19.32,18.92,18.99,236400,18.411953
2010-12-27,18.639999,19.370001,18.549999,19.280001,339000,18.693126
2010-12-23,18.93,19.110001,18.690001,18.74,454300,18.169563
2010-12-22,19.309999,19.48,18.700001,18.91,395700,18.334388
2010-12-21,18.940001,19.389999,18.82,19.280001,372400,18.693126
2010-12-20,19.030001,19.41,18.459999,18.84,923600,18.266519
2010-12-17,18.35,19.129999,18.02,19.09,1680500,18.508909
2010-12-16,18.059999,18.42,17.98,18.35,531100,17.791435
2010-12-15,17.809999,18.26,17.639999,18.02,929400,17.47148
2010-12-14,17.85,18.059999,17.67,17.809999,496800,17.267871
2010-12-13,18.35,18.35,17.809999,17.84,559900,17.296958
2010-12-10,18.049999,18.450001,17.889999,18.290001,690000,17.733261
2010-12-09,18.059999,18.08,17.870001,18.02,517200,17.47148
2010-12-08,17.77,18.00,17.639999,17.90,662300,17.355132
2010-12-07,17.889999,18.120001,17.60,17.65,1155600,17.112741
2010-12-06,17.27,17.799999,17.25,17.629999,423500,17.09335
2010-12-03,17.00,17.42,16.889999,17.33,452500,16.802482
2010-12-02,16.889999,17.379999,16.809999,17.16,699600,16.637657
2010-12-01,16.41,17.25,16.27,16.91,863900,16.395267
2010-11-30,15.94,16.32,15.77,15.95,681500,15.464489
2010-11-29,16.08,16.34,15.80,16.24,506900,15.745661
2010-11-26,16.17,16.389999,16.040001,16.290001,159000,15.794141
2010-11-24,16.309999,16.549999,16.129999,16.379999,500400,15.881399
2010-11-23,16.049999,16.309999,15.87,15.99,1094000,15.503271
2010-11-22,16.65,16.75,16.120001,16.35,725200,15.852314
2010-11-19,16.370001,16.790001,16.049999,16.719999,644400,16.21105
2010-11-18,16.18,16.90,16.110001,16.42,756200,15.871704
2010-11-17,15.85,16.139999,15.71,15.90,507000,15.369068
2010-11-16,16.42,16.719999,15.67,15.85,1002600,15.320738
2010-11-15,16.83,17.23,16.58,16.60,567100,16.045694
2010-11-12,16.559999,16.90,16.50,16.639999,636600,16.084357
2010-11-11,16.58,16.98,16.50,16.83,353700,16.268013
2010-11-10,16.57,17.00,16.389999,16.940001,688200,16.374341
2010-11-09,17.209999,17.280001,16.469999,16.549999,811800,15.997362
2010-11-08,17.280001,17.50,16.940001,17.18,679800,16.606327
2010-11-05,16.549999,17.48,16.389999,17.440001,1377400,16.857645
2010-11-04,16.50,16.559999,16.280001,16.50,954600,15.949033
2010-11-03,16.129999,16.25,15.79,16.09,606100,15.552724
2010-11-02,15.68,16.129999,15.33,16.08,1189700,15.543057
2010-11-01,15.88,16.17,15.24,15.42,1066300,14.905096
2010-10-29,16.02,16.23,15.78,15.81,1124200,15.282074
2010-10-28,16.52,16.620001,15.97,16.200001,2142400,15.659051
2010-10-27,16.139999,16.309999,15.37,15.77,2148300,15.243409
2010-10-26,16.129999,16.52,15.80,16.379999,800400,15.833039
2010-10-25,16.10,16.68,16.10,16.219999,729800,15.678382
2010-10-22,15.82,16.10,15.70,15.91,495800,15.378734
2010-10-21,15.86,16.27,15.45,15.70,631700,15.175746
2010-10-20,15.94,16.09,15.55,15.71,743000,15.185412
2010-10-19,15.93,16.60,15.69,15.79,1012700,15.262741
2010-10-18,16.08,16.40,15.89,16.35,690200,15.804042
2010-10-15,16.450001,16.59,15.87,16.01,742800,15.475395
2010-10-14,16.610001,16.76,15.85,16.17,802700,15.630052
2010-10-13,16.34,17.50,16.290001,16.60,1768400,16.045694
2010-10-12,15.94,16.26,15.65,16.17,542400,15.630052
2010-10-11,15.96,16.469999,15.91,16.08,852000,15.543057
2010-10-08,15.50,15.95,15.38,15.82,491000,15.291739
2010-10-07,15.81,15.96,15.39,15.45,856700,14.934094
2010-10-06,16.00,16.049999,15.40,15.66,856800,15.137082
2010-10-05,15.20,16.10,15.01,16.01,1971700,15.475395
2010-10-04,15.28,15.59,14.81,14.86,905300,14.363795
2010-10-01,15.41,15.75,14.99,15.33,1362200,14.818101
2010-09-30,15.35,15.79,15.00,15.22,1296400,14.711775
2010-09-29,14.87,15.21,14.70,15.20,983100,14.692442
2010-09-28,15.05,15.05,14.56,15.01,961200,14.508787
2010-09-27,14.45,14.89,14.32,14.85,790300,14.35413
2010-09-24,14.07,14.68,14.07,14.46,1190300,13.977152
2010-09-23,14.20,14.47,13.80,13.88,833600,13.41652
2010-09-22,14.63,14.91,14.17,14.44,852500,13.95782
2010-09-21,15.10,15.20,14.59,14.78,833800,14.286467
2010-09-20,14.13,15.21,14.01,15.09,1385900,14.586116
2010-09-17,14.50,14.51,14.01,14.07,1051600,13.600175
2010-09-16,14.65,14.79,14.07,14.30,771400,13.822495
2010-09-15,14.52,14.80,14.39,14.73,533300,14.238136
2010-09-14,14.72,15.00,14.47,14.64,908600,14.151142
2010-09-13,14.61,14.95,14.44,14.85,790000,14.35413
2010-09-10,14.38,14.63,14.20,14.27,702400,13.793497
2010-09-09,14.49,14.66,14.05,14.32,901900,13.841827
2010-09-08,14.05,14.47,14.04,14.20,1262900,13.725834
2010-09-07,14.21,14.25,13.79,13.91,964300,13.445518
2010-09-03,13.99,14.40,13.99,14.37,907700,13.890158
2010-09-02,13.55,13.97,13.38,13.93,1200100,13.46485
2010-09-01,13.08,13.50,13.04,13.47,2005800,13.020211
2010-08-31,12.86,13.23,12.54,12.71,1225100,12.285588
2010-08-30,13.26,13.62,12.98,12.98,807200,12.546572
2010-08-27,13.21,13.44,12.71,13.37,926800,12.923549
2010-08-26,13.29,13.47,12.82,12.94,1005700,12.507908
2010-08-25,13.01,13.22,12.74,13.15,2045300,12.710895
2010-08-24,13.46,13.58,12.95,13.20,2157500,12.759226
2010-08-23,14.80,14.97,13.79,13.85,1964400,13.387522
2010-08-20,14.09,14.84,14.05,14.79,1864700,14.296133
2010-08-19,14.82,14.90,14.14,14.25,1162000,13.774165
2010-08-18,14.75,15.22,14.50,14.92,1424200,14.421792
2010-08-17,14.82,15.27,14.69,14.85,1180400,14.35413
2010-08-16,14.28,14.77,14.28,14.66,1264300,14.170474
2010-08-13,14.95,15.10,14.71,14.77,1102600,14.276801
2010-08-12,14.64,15.18,14.62,15.01,2146100,14.508787
2010-08-11,15.81,15.81,15.15,15.22,1691000,14.711775
2010-08-10,16.58,16.610001,15.98,16.299999,1302800,15.75571
2010-08-09,17.059999,17.190001,16.540001,16.870001,1442300,16.306679
2010-08-06,16.66,17.219999,16.459999,16.870001,1070600,16.306679
2010-08-05,16.959999,17.299999,16.809999,17.10,595900,16.528998
2010-08-04,16.959999,17.469999,16.90,17.219999,1076600,16.64499
2010-08-03,17.469999,17.469999,16.67,16.82,2230500,16.258347
2010-08-02,17.389999,17.709999,16.969999,17.540001,2034600,16.954306
2010-07-30,16.26,17.10,16.049999,16.92,2377900,16.355008
2010-07-29,16.75,17.50,15.76,16.67,5421100,16.113356
2010-07-28,14.55,14.99,14.33,14.56,1427300,14.073814
2010-07-27,15.46,15.55,14.51,14.78,1865500,14.286467
2010-07-26,14.40,15.32,14.34,15.25,1896800,14.740773
2010-07-23,13.90,14.36,13.73,14.35,1447300,13.870826
2010-07-22,13.42,14.11,13.31,14.02,1858200,13.551845
2010-07-21,13.62,13.87,12.96,13.00,1943700,12.565905
2010-07-20,12.10,13.43,12.02,13.40,2365300,12.952547
2010-07-19,12.57,12.88,12.15,12.44,1246900,12.024604
2010-07-16,13.80,13.80,12.39,12.50,2043100,12.082601
2010-07-15,13.90,14.07,13.59,13.98,1367300,13.51318
2010-07-14,14.95,14.95,13.85,14.05,2081900,13.580843
2010-07-13,14.01,15.10,13.92,14.97,2234800,14.470123
2010-07-12,13.42,13.94,13.24,13.67,1268100,13.213532
2010-07-09,12.90,13.50,12.83,13.48,827600,13.029876
2010-07-08,12.98,13.19,12.54,12.97,1052500,12.536907
2010-07-07,12.23,12.90,12.12,12.86,1495100,12.430579
2010-07-06,12.79,13.00,12.05,12.17,1560900,11.76362
2010-07-02,12.88,12.88,12.22,12.44,1510000,12.024604
2010-07-01,12.37,12.88,11.72,12.70,2543200,12.275922
2010-06-30,12.67,13.26,12.37,12.43,2514900,12.014938
2010-06-29,13.40,13.47,12.63,12.82,2631000,12.391915
2010-06-28,14.18,14.31,13.76,13.86,1450400,13.397187
2010-06-25,14.30,14.30,13.76,14.14,3932100,13.667838
2010-06-24,14.74,14.82,14.09,14.21,2695800,13.7355
2010-06-23,15.16,15.40,14.42,14.90,2171000,14.40246
2010-06-22,16.60,16.66,14.82,14.97,4324200,14.470123
2010-06-21,17.370001,17.49,16.549999,16.780001,1716100,16.219684
2010-06-18,17.41,17.41,16.709999,16.940001,2744900,16.374341
2010-06-17,17.219999,17.40,16.950001,17.280001,1109000,16.702988
2010-06-16,17.370001,17.799999,16.99,17.16,2490000,16.586994
2010-06-15,17.26,17.690001,16.98,17.639999,1395400,17.050965
2010-06-14,16.51,17.24,16.48,16.91,2289300,16.345342
2010-06-11,16.120001,16.51,15.74,16.139999,1763400,15.601053
2010-06-10,15.65,16.440001,15.46,16.41,2582200,15.862038
2010-06-09,15.01,15.90,15.01,15.20,2955900,14.692442
2010-06-08,14.97,15.35,14.36,14.77,3086500,14.276801
2010-06-07,16.32,16.33,14.76,14.82,2542500,14.325131
2010-06-04,17.33,17.43,16.110001,16.209999,2754400,15.668716
2010-06-03,17.01,17.93,17.00,17.85,2791300,17.253954
2010-06-02,16.610001,17.049999,16.52,17.030001,1321200,16.461336
2010-06-01,17.24,17.309999,16.50,16.51,2332600,15.958699
2010-05-28,17.950001,18.110001,17.389999,17.469999,1541400,16.886642
2010-05-27,18.24,18.50,17.450001,18.01,2754800,17.408611
2010-05-26,18.25,19.00,17.35,17.530001,2733200,16.94464
2010-05-25,17.690001,18.18,17.059999,18.030001,1949700,17.427944
2010-05-24,18.299999,18.969999,17.959999,17.99,1936500,17.389279
2010-05-21,18.00,19.00,17.709999,18.530001,2942400,17.911248
2010-05-20,18.49,19.35,18.00,18.450001,3784100,17.833919
2010-05-19,19.620001,20.08,18.67,19.35,2256800,18.703866
2010-05-18,20.65,21.17,19.59,19.799999,1387900,19.138839
2010-05-17,20.82,21.290001,19.469999,20.49,2016500,19.805799
2010-05-14,21.35,21.35,20.17,20.620001,1689200,19.931459
2010-05-13,22.40,22.83,21.23,21.530001,1568200,20.811072
2010-05-12,21.42,22.690001,21.26,22.48,2206900,21.729348
2010-05-11,20.42,21.469999,19.969999,21.24,2240600,20.530755
2010-05-10,19.85,21.00,19.370001,20.629999,2961800,19.941123
2010-05-07,18.99,19.90,18.02,18.49,3186200,17.872583
2010-05-06,19.290001,20.02,17.42,19.10,3045000,18.462214
2010-05-05,20.209999,20.559999,19.50,19.549999,2305900,18.897187
2010-05-04,21.27,21.389999,20.43,20.639999,2362700,19.95079
2010-05-03,21.15,22.219999,20.98,21.90,2196100,21.168716
2010-04-30,22.549999,22.889999,20.75,20.90,4408900,20.202108
2010-04-29,18.27,22.75,18.27,22.690001,7357900,21.932337
2010-04-28,18.530001,18.559999,17.450001,17.82,2393800,17.224955
2010-04-27,19.139999,19.370001,18.15,18.27,1852400,17.659929
2010-04-26,18.83,19.709999,18.700001,19.32,2558300,18.674867
2010-04-23,17.99,18.85,17.879999,18.85,1401100,18.220562
2010-04-22,17.58,18.01,17.280001,17.91,1615800,17.31195
2010-04-21,16.959999,17.84,16.959999,17.700001,1820900,17.108963
2010-04-20,16.559999,17.10,16.530001,16.969999,697600,16.403338
2010-04-19,16.459999,16.83,15.73,16.389999,1319700,15.842705
2010-04-16,17.049999,17.10,16.290001,16.559999,1324300,16.007029
2010-04-15,17.790001,17.790001,17.09,17.16,1072500,16.586994
2010-04-14,16.65,17.83,16.57,17.780001,1892300,17.186292
2010-04-13,16.360001,16.639999,16.280001,16.450001,1209200,15.900703
2010-04-12,16.27,16.49,16.24,16.379999,1787800,15.833039
2010-04-09,16.629999,16.719999,16.26,16.309999,1471900,15.765377
2010-04-08,16.42,16.66,16.110001,16.59,1043100,16.036028
2010-04-07,16.27,16.84,16.26,16.50,2426000,15.949033
2010-04-06,16.16,16.50,15.96,16.450001,1013300,15.900703
2010-04-05,15.68,16.379999,15.63,16.280001,1630400,15.73638
2010-04-01,15.89,15.89,14.94,15.73,3150200,15.204744
2010-03-31,15.94,16.27,15.90,15.97,980100,15.436731
2010-03-30,16.24,16.389999,15.90,16.10,847500,15.56239
2010-03-29,16.209999,16.370001,16.059999,16.25,685400,15.707381
2010-03-26,15.96,16.360001,15.91,16.08,984700,15.543057
2010-03-25,15.97,16.48,15.77,15.82,1544600,15.291739
2010-03-24,15.94,16.02,15.60,15.83,973700,15.301405
2010-03-23,15.85,16.280001,15.70,16.10,1098500,15.56239
2010-03-22,15.41,15.95,15.02,15.89,1453000,15.359402
2010-03-19,15.63,16.15,15.59,15.63,1830400,15.108084
2010-03-18,16.07,16.41,15.97,16.01,1129700,15.475395
2010-03-17,16.24,16.620001,15.97,16.120001,1472800,15.581723
2010-03-16,15.64,16.18,15.56,16.129999,2360500,15.591387
2010-03-15,15.85,15.97,15.45,15.57,2003500,15.050087
2010-03-12,15.65,16.15,15.55,15.87,2718600,15.34007
2010-03-11,15.64,16.059999,15.01,15.68,3020800,15.156414
2010-03-10,14.72,15.89,14.66,15.84,4680300,15.311072
2010-03-09,13.29,14.81,13.20,14.67,3251600,14.18014
2010-03-08,13.01,13.38,13.01,13.34,1085400,12.894552
2010-03-05,12.38,13.03,12.32,12.98,1043300,12.546572
2010-03-04,12.06,12.36,11.96,12.25,938600,11.840949
2010-03-03,12.11,12.27,11.87,11.99,1015900,11.58963
2010-03-02,12.04,12.38,11.90,12.02,1650500,11.618629
2010-03-01,11.60,12.00,11.51,11.98,1250000,11.579964
2010-02-26,11.76,11.82,11.39,11.54,943800,11.154657
2010-02-25,11.47,11.77,11.32,11.73,1014300,11.338312
2010-02-24,11.66,11.87,11.51,11.74,550200,11.347978
2010-02-23,11.92,11.98,11.49,11.62,983900,11.231985
2010-02-22,12.31,12.39,11.89,11.93,925600,11.531634
2010-02-19,12.26,12.45,12.14,12.24,550900,11.831282
2010-02-18,12.36,12.59,12.18,12.32,1252300,11.908611
2010-02-17,12.12,12.50,12.12,12.39,1286200,11.976274
2010-02-16,11.97,12.10,11.66,12.08,578900,11.676625
2010-02-12,11.35,11.81,11.26,11.80,886700,11.405975
2010-02-11,10.89,11.70,10.64,11.56,920200,11.173989
2010-02-10,11.05,11.30,10.40,10.92,1272900,10.55536
2010-02-09,10.79,11.14,10.58,11.08,1058900,10.710017
2010-02-08,10.38,11.11,10.31,10.44,970100,10.091388
2010-02-05,10.56,10.80,10.00,10.37,2053200,10.023725
2010-02-04,11.07,11.09,10.48,10.55,1706200,10.197715
2010-02-03,11.55,11.59,11.13,11.29,946600,10.913005
2010-02-02,10.88,11.70,10.84,11.61,2000600,11.222319
2010-02-01,10.77,11.20,10.76,10.90,1785800,10.536027
2010-01-29,11.28,11.37,10.67,10.73,2566800,10.371704
2010-01-28,11.85,12.08,10.91,11.22,3135000,10.845343
2010-01-27,11.88,12.42,11.55,12.31,1121400,11.898945
2010-01-26,11.75,12.32,11.68,11.95,758800,11.550966
2010-01-25,12.24,12.31,11.71,11.83,703500,11.434973
2010-01-22,12.63,12.72,11.84,12.00,1030000,11.599297
2010-01-21,12.54,12.93,11.90,12.77,1241100,12.343585
2010-01-20,12.78,12.83,12.25,12.46,851700,12.043936
2010-01-19,12.81,13.11,12.73,13.02,666500,12.585237
2010-01-15,13.40,13.42,12.42,12.80,1373600,12.372583
2010-01-14,13.54,13.57,13.15,13.36,507900,12.913883
2010-01-13,13.35,13.66,13.15,13.53,586700,13.078207
2010-01-12,13.47,13.75,13.19,13.28,926200,12.836555
2010-01-11,13.69,13.73,13.45,13.70,497300,13.24253
2010-01-08,13.70,13.83,13.37,13.59,602500,13.136204
2010-01-07,13.70,13.90,13.44,13.73,554000,13.271528
2010-01-06,13.62,13.89,13.39,13.81,1169300,13.348858
2010-01-05,13.40,13.68,13.18,13.63,977200,13.174868
2010-01-04,12.91,13.48,12.84,13.40,1371000,12.952547
2009-12-31,12.71,13.08,12.62,12.71,1212200,12.285588
2009-12-30,12.53,12.71,12.39,12.66,676900,12.237258
2009-12-29,12.44,12.62,12.39,12.60,836200,12.179262
2009-12-28,12.22,12.43,12.01,12.41,763300,11.995606
2009-12-24,11.98,12.18,11.94,12.18,303100,11.773286
2009-12-23,11.76,11.95,11.63,11.93,574700,11.531634
2009-12-22,11.40,11.67,11.33,11.64,565200,11.251318
2009-12-21,10.96,11.42,10.86,11.35,610000,10.971002
2009-12-18,10.84,11.00,10.50,10.84,1269000,10.478031
2009-12-17,11.13,11.33,10.66,10.75,1457700,10.391037
2009-12-16,11.33,11.46,11.15,11.32,705500,10.942003
2009-12-15,11.20,11.32,11.10,11.10,603200,10.72935
2009-12-14,11.27,11.40,11.10,11.23,760000,10.855008
2009-12-11,11.09,11.28,10.92,11.19,592200,10.816344
2009-12-10,11.15,11.33,10.86,10.94,514100,10.574692
2009-12-09,11.48,11.50,10.99,11.13,708400,10.758348
2009-12-08,11.69,11.79,11.40,11.46,965200,11.077328
2009-12-07,11.63,11.96,11.60,11.84,913100,11.444639
2009-12-04,11.33,11.79,11.00,11.66,2085700,11.27065
2009-12-03,10.78,11.20,10.61,11.00,1191700,10.632689
2009-12-02,10.82,11.25,10.66,10.73,735600,10.371704
2009-12-01,10.25,10.87,10.22,10.73,1229000,10.371704
2009-11-30,10.24,10.24,9.78,10.04,1241700,9.704745
2009-11-27,9.96,10.29,9.85,10.17,749100,9.830404
2009-11-25,10.75,10.77,10.50,10.55,807400,10.197715
2009-11-24,10.95,10.97,10.45,10.72,888600,10.362039
2009-11-23,11.27,11.40,10.90,10.97,626500,10.603691
2009-11-20,11.15,11.34,10.85,10.95,759200,10.584358
2009-11-19,11.75,11.92,10.96,11.28,1474700,10.855008
2009-11-18,12.10,12.18,11.77,11.90,794700,11.451648
2009-11-17,11.85,12.12,11.70,12.09,649500,11.63449
2009-11-16,11.67,12.13,11.40,11.92,999900,11.470895
2009-11-13,11.74,11.81,11.39,11.63,1374400,11.191822
2009-11-12,11.74,11.87,11.54,11.66,1467400,11.220691
2009-11-11,11.87,11.93,11.59,11.83,923200,11.384286
2009-11-10,11.52,11.78,11.36,11.68,1235900,11.239938
2009-11-09,11.16,11.69,11.06,11.51,969400,11.076343
2009-11-06,10.93,11.35,10.70,10.92,1720600,10.508572
2009-11-05,10.55,11.10,10.48,11.06,1690100,10.643298
2009-11-04,10.46,10.69,10.25,10.25,1721000,9.863815
2009-11-03,10.00,10.35,9.80,10.27,1936400,9.883062
2009-11-02,9.60,11.17,9.60,10.16,4263400,9.777206
2009-10-30,10.30,10.50,9.31,9.48,2390500,9.122826
2009-10-29,9.59,10.75,9.41,10.31,3207400,9.921555
2009-10-28,10.14,10.14,9.39,9.48,2506500,9.122826
2009-10-27,10.88,10.95,10.16,10.18,1787100,9.796453
2009-10-26,11.30,11.80,10.81,10.83,1422700,10.421963
2009-10-23,11.90,12.29,11.23,11.24,1584200,10.816515
2009-10-22,12.05,12.09,11.60,11.87,1749000,11.422779
2009-10-21,12.27,12.74,12.00,12.00,1288000,11.547881
2009-10-20,13.07,13.07,12.10,12.30,2238100,11.836578
2009-10-19,12.85,13.43,12.56,13.11,1060500,12.61606
2009-10-16,12.85,13.12,12.57,12.77,1366300,12.288871
2009-10-15,12.51,13.12,12.30,13.07,1142500,12.577567
2009-10-14,12.92,13.03,12.38,12.67,1609500,12.192638
2009-10-13,12.36,12.70,12.15,12.61,1061300,12.134898
2009-10-12,12.01,12.81,11.98,12.27,954200,11.807709
2009-10-09,11.66,11.99,11.51,11.98,1081300,11.528634
2009-10-08,11.45,11.95,11.32,11.66,1518800,11.220691
2009-10-07,11.26,11.50,11.00,11.26,884500,10.835762
2009-10-06,10.93,11.44,10.81,11.30,1028400,10.874255
2009-10-05,10.48,10.96,10.40,10.77,1034400,10.364224
2009-10-02,10.54,10.74,10.07,10.37,3730300,9.979294
2009-10-01,11.83,11.84,10.74,10.75,2225300,10.344977
2009-09-30,12.10,12.21,11.66,11.98,1744200,11.528634
2009-09-29,12.05,12.37,11.61,12.05,1691100,11.595997
2009-09-28,11.11,12.42,10.90,12.04,3062500,11.586374
2009-09-25,10.03,11.22,9.94,11.04,4711600,10.624051
2009-09-24,10.34,10.39,9.45,9.53,1334500,9.170942
2009-09-23,10.31,10.64,10.22,10.28,1599400,9.892685
2009-09-22,9.92,10.53,9.85,10.25,2033000,9.863815
2009-09-21,9.59,9.97,9.41,9.85,1129400,9.478886
2009-09-18,9.61,9.90,9.29,9.78,1133900,9.411523
2009-09-17,9.76,9.95,9.32,9.49,774500,9.132449
2009-09-16,9.46,9.95,9.27,9.82,1599500,9.450016
2009-09-15,9.64,9.82,9.20,9.39,2277100,9.036217
2009-09-14,9.68,10.01,9.36,9.99,1229500,9.613611
2009-09-11,9.48,10.09,9.28,9.78,1068800,9.411523
2009-09-10,9.51,9.57,9.24,9.43,925400,9.07471
2009-09-09,9.25,9.61,9.05,9.50,668400,9.142073
2009-09-08,9.04,9.26,8.88,9.24,684600,8.891868
2009-09-04,8.48,8.97,8.32,8.94,762300,8.603171
2009-09-03,8.60,8.79,8.32,8.49,865900,8.170126
2009-09-02,8.68,8.90,8.45,8.50,1280000,8.179749
2009-09-01,9.17,9.53,8.60,8.70,1306100,8.372214
2009-08-31,9.42,9.48,9.14,9.29,1035400,8.939985
2009-08-28,9.36,9.89,9.33,9.59,1194300,9.228682
2009-08-27,9.31,9.39,8.90,9.19,833400,8.843752
2009-08-26,9.56,9.58,9.09,9.29,1271600,8.939985
2009-08-25,9.57,9.77,9.42,9.60,1042700,9.238305
2009-08-24,9.48,9.68,9.16,9.36,1435100,9.007347
2009-08-21,8.45,9.69,8.36,9.59,3052800,9.228682
2009-08-20,8.18,8.41,8.18,8.33,1065600,8.016154
2009-08-19,8.29,8.29,7.90,8.24,1957900,7.929545
2009-08-18,8.12,8.48,7.83,8.36,1202600,8.045024
2009-08-17,8.49,8.49,7.97,8.00,2036800,7.698587
2009-08-14,9.42,9.47,8.62,8.90,2458700,8.564678
2009-08-13,8.97,9.49,8.52,9.30,1922900,8.949608
2009-08-12,9.54,9.76,8.60,9.03,3446700,8.68978
2009-08-11,9.12,9.73,9.03,9.58,3749200,9.219058
2009-08-10,8.45,9.60,8.45,9.46,2098000,9.10358
2009-08-07,8.06,8.71,7.86,8.56,1730500,8.237489
2009-08-06,8.04,8.04,7.55,7.95,1387300,7.650471
2009-08-05,7.87,7.96,7.66,7.87,1566100,7.573485
2009-08-04,7.33,7.99,6.75,7.89,2563200,7.592732
2009-08-03,7.30,7.75,7.00,7.53,3122100,7.246296
2009-07-31,6.57,7.35,6.13,7.18,4866900,6.909482
2009-07-30,4.91,6.93,4.60,6.56,4685100,6.312842
2009-07-29,4.95,5.37,4.88,5.16,1498500,4.965589
2009-07-28,4.80,4.98,4.50,4.94,686900,4.753878
2009-07-27,4.68,4.89,4.60,4.87,1147300,4.686515
2009-07-24,4.69,4.74,4.42,4.68,874000,4.503673
2009-07-23,4.35,4.77,4.35,4.73,1600600,4.55179
2009-07-22,4.32,4.42,4.29,4.35,675600,4.186107
2009-07-21,4.46,4.54,4.30,4.34,410700,4.176484
2009-07-20,4.34,4.49,4.26,4.47,635800,4.301586
2009-07-17,4.44,4.48,4.21,4.35,765900,4.186107
2009-07-16,4.36,4.50,4.28,4.47,541100,4.301586
2009-07-15,4.13,4.42,4.02,4.40,961800,4.234223
2009-07-14,3.96,4.04,3.80,4.00,372800,3.849294
2009-07-13,3.74,4.03,3.63,3.95,1130500,3.801178
2009-07-10,3.49,3.76,3.49,3.72,946400,3.579843
2009-07-09,3.65,3.71,3.49,3.51,1458200,3.377755
2009-07-08,3.87,3.92,3.52,3.62,1752200,3.483611
2009-07-07,3.83,4.25,3.75,3.84,1623100,3.695322
2009-07-06,3.98,4.09,3.66,3.84,1290000,3.695322
2009-07-02,4.35,4.36,3.96,4.01,1263200,3.858917
2009-07-01,4.36,4.58,4.30,4.43,936100,4.263093
2009-06-30,4.45,4.51,4.31,4.32,520700,4.157237
2009-06-29,4.51,4.62,4.25,4.45,671000,4.282339
2009-06-26,4.35,4.61,4.24,4.50,1342600,4.330455
2009-06-25,4.03,4.38,3.96,4.38,1086200,4.214977
2009-06-24,3.98,4.24,3.95,4.02,963000,3.86854
2009-06-23,3.86,4.09,3.77,3.94,1050000,3.791554
2009-06-22,4.04,4.14,3.78,3.80,876100,3.656829
2009-06-19,4.17,4.24,4.06,4.09,888900,3.935903
2009-06-18,4.14,4.24,4.05,4.08,523200,3.92628
2009-06-17,4.00,4.32,3.92,4.16,1377200,4.003265
2009-06-16,4.18,4.24,3.90,3.99,791500,3.83967
2009-06-15,4.17,4.27,3.91,4.08,1034700,3.92628
2009-06-12,4.33,4.37,4.19,4.32,449700,4.157237
2009-06-11,4.42,4.49,4.26,4.30,855600,4.137991
2009-06-10,4.73,4.76,4.25,4.41,990900,4.243846
2009-06-09,4.33,4.72,4.33,4.56,1252500,4.388195
2009-06-08,4.59,4.63,4.07,4.30,1449900,4.137991
2009-06-05,4.90,5.08,4.56,4.61,980100,4.436311
2009-06-04,4.92,4.97,4.69,4.80,1101500,4.619153
2009-06-03,5.11,5.21,4.69,4.85,1004400,4.667269
2009-06-02,5.03,5.34,4.84,5.27,1222000,5.071444
2009-06-01,4.79,5.05,4.79,5.00,1538600,4.811617
2009-05-29,4.80,4.92,4.49,4.62,1576200,4.445934
2009-05-28,5.04,5.17,4.60,4.75,1739300,4.571036
2009-05-27,5.22,5.50,4.94,4.95,1382500,4.763501
2009-05-26,5.26,5.64,5.21,5.27,1311100,5.071444
2009-05-22,5.63,5.66,5.15,5.33,881800,5.129184
2009-05-21,5.88,5.88,5.37,5.58,1268600,5.369765
2009-05-20,5.76,6.47,5.73,6.00,1962100,5.773941
2009-05-19,5.64,5.97,5.51,5.78,974400,5.56223
2009-05-18,5.32,5.74,5.30,5.60,1082200,5.389011
2009-05-15,5.22,5.51,5.10,5.22,1280100,5.023328
2009-05-14,5.06,5.45,4.76,5.29,2106100,5.090691
2009-05-13,5.70,5.82,4.98,5.04,2126900,4.85011
2009-05-12,6.56,6.67,5.83,5.86,1915000,5.639215
2009-05-11,6.72,6.88,6.47,6.56,1762800,6.312842
2009-05-08,6.64,7.17,6.48,7.08,1385700,6.81325
2009-05-07,7.13,7.45,6.18,6.45,2020700,6.206986
2009-05-06,7.79,7.92,6.70,7.01,2530100,6.745887
2009-05-05,6.95,8.16,6.95,7.63,2790700,7.342528
2009-05-04,6.39,7.01,6.11,7.00,2017200,6.736264
2009-05-01,5.92,6.68,5.91,6.36,2498900,6.120377
2009-04-30,6.00,6.25,5.75,5.98,3219500,5.754694
2009-04-29,5.20,5.94,5.01,5.91,3022100,5.687331
2009-04-28,4.71,5.14,4.63,5.01,960000,4.821241
2009-04-27,4.83,5.03,4.65,4.81,1813700,4.628776
2009-04-24,4.48,5.07,4.38,4.97,2195800,4.782747
2009-04-23,4.33,4.46,4.18,4.43,2060600,4.263093
2009-04-22,3.95,4.38,3.94,4.31,2244400,4.147614
2009-04-21,3.86,4.12,3.86,4.07,1241200,3.916657
2009-04-20,4.18,4.20,3.86,3.90,1072400,3.753061
2009-04-17,4.11,4.30,3.99,4.27,1418900,4.109121
2009-04-16,4.01,4.13,3.92,4.10,1927800,3.945526
2009-04-15,3.80,4.02,3.75,3.95,615700,3.801178
2009-04-14,3.94,4.12,3.81,3.84,897800,3.695322
2009-04-13,4.09,4.12,3.90,4.03,1406700,3.878164
2009-04-09,3.85,4.19,3.85,4.15,2474000,3.993642
2009-04-08,3.64,3.79,3.36,3.79,1130300,3.647206
2009-04-07,3.79,3.94,3.50,3.51,2701700,3.377755
2009-04-06,4.22,4.34,3.91,3.99,1348600,3.83967
2009-04-03,4.12,4.39,4.04,4.30,1049200,4.137991
2009-04-02,3.87,4.22,3.81,4.15,1407600,3.993642
2009-04-01,3.36,3.69,3.27,3.69,1004200,3.550974
2009-03-31,3.50,3.62,3.30,3.45,1256400,3.320016
2009-03-30,3.72,3.75,3.27,3.45,1102700,3.320016
2009-03-27,4.04,4.19,3.86,3.87,949100,3.724192
2009-03-26,3.86,4.15,3.77,4.15,1367300,3.993642
2009-03-25,3.73,4.00,3.49,3.78,996700,3.637583
2009-03-24,3.48,3.75,3.48,3.58,880400,3.445118
2009-03-23,3.28,3.58,3.25,3.57,1482800,3.435495
2009-03-20,3.64,3.67,2.98,3.17,1592800,3.050565
2009-03-19,3.48,3.66,3.16,3.62,1470300,3.483611
2009-03-18,3.10,3.45,3.02,3.44,1282400,3.310393
2009-03-17,2.81,3.10,2.65,3.10,606800,2.983203
2009-03-16,3.10,3.17,2.81,2.83,1209800,2.723375
2009-03-13,2.80,3.13,2.80,3.06,1289000,2.94471
2009-03-12,2.54,2.89,2.18,2.78,1905500,2.675259
2009-03-11,2.67,2.81,2.49,2.55,1356600,2.453925
2009-03-10,2.37,2.85,2.37,2.66,1237900,2.55978
2009-03-09,2.15,2.50,2.07,2.28,1148200,2.194097
2009-03-06,2.24,2.27,2.06,2.18,1352100,2.097865
2009-03-05,2.44,2.49,2.16,2.19,1156800,2.107488
2009-03-04,2.68,2.83,2.43,2.53,1852000,2.434678
2009-03-03,2.88,2.92,2.60,2.61,1083200,2.511664
2009-03-02,3.03,3.08,2.78,2.82,1399200,2.713752
2009-02-27,3.09,3.31,3.01,3.09,1236900,2.973579
2009-02-26,3.32,3.50,3.10,3.16,1330600,3.040942
2009-02-25,3.34,3.35,2.98,3.21,1544900,3.089058
2009-02-24,3.07,3.44,3.03,3.27,1836900,3.146798
2009-02-23,3.37,3.39,2.98,2.99,1116400,2.877347
2009-02-20,3.31,3.37,3.14,3.33,1638700,3.204537
2009-02-19,3.21,3.35,3.04,3.30,2059500,3.175667
2009-02-18,3.49,3.53,3.16,3.18,1456100,3.060189
2009-02-17,3.48,3.57,3.35,3.48,1743700,3.348886
2009-02-13,3.72,3.91,3.52,3.69,1739100,3.550974
2009-02-12,3.53,3.83,3.45,3.73,2211600,3.589466
2009-02-11,3.45,3.72,3.40,3.65,1969500,3.512481
2009-02-10,3.60,3.82,3.35,3.43,3353100,3.300769
2009-02-09,3.43,3.74,3.28,3.71,2491200,3.57022
2009-02-06,3.09,3.48,3.07,3.45,2083400,3.320016
2009-02-05,2.65,3.15,2.65,3.09,1807700,2.973579
2009-02-04,3.09,3.21,2.73,2.73,1593100,2.627143
2009-02-03,3.01,3.09,2.89,3.02,1635100,2.906217
2009-02-02,2.73,3.09,2.61,2.98,2140300,2.867724
2009-01-30,2.99,3.21,2.72,2.78,2006400,2.675259
2009-01-29,3.25,3.28,2.90,2.93,2162100,2.819608
2009-01-28,3.02,3.35,3.02,3.30,1718600,3.175667
2009-01-27,3.08,3.15,2.92,3.02,975700,2.906217
2009-01-26,2.92,3.11,2.82,3.03,1232100,2.91584
2009-01-23,2.99,3.15,2.84,2.91,1376100,2.800361
2009-01-22,3.04,3.16,2.91,2.99,1474500,2.877347
2009-01-21,2.86,3.18,2.79,3.16,2486000,3.040942
2009-01-20,3.07,3.07,2.73,2.73,2538700,2.627143
2009-01-16,3.36,3.50,2.90,3.13,2757400,3.012072
2009-01-15,3.44,3.50,3.06,3.25,2506000,3.127551
2009-01-14,3.89,3.89,3.47,3.47,1716200,3.339262
2009-01-13,4.10,4.17,3.92,3.94,1318400,3.791554
2009-01-12,4.77,4.87,4.04,4.11,1571800,3.955149
2009-01-09,5.47,5.49,4.74,4.77,1728700,4.590283
2009-01-08,5.64,5.64,5.25,5.49,1272700,5.283155
2009-01-07,5.88,5.90,5.50,5.69,2126400,5.47562
2009-01-06,5.34,6.09,5.24,5.91,2605000,5.687331
2009-01-05,4.66,5.38,4.53,5.19,1953300,4.994459
2009-01-02,4.26,4.80,4.07,4.65,1350800,4.474804
2008-12-31,3.80,4.44,3.80,4.21,4041300,4.051382
2008-12-30,3.66,3.83,3.56,3.81,1504300,3.666452
2008-12-29,3.71,3.75,3.51,3.61,718200,3.473987
2008-12-26,3.68,3.98,3.62,3.78,646700,3.637583
2008-12-24,3.48,3.70,3.45,3.67,842000,3.531727
2008-12-23,3.89,3.89,3.37,3.46,2303700,3.329639
2008-12-22,3.93,3.93,3.54,3.85,1628400,3.704945
2008-12-19,3.80,4.02,3.51,3.90,3875700,3.753061
2008-12-18,3.95,3.95,3.57,3.60,2344600,3.464364
2008-12-17,3.36,3.96,3.33,3.94,4066700,3.791554
2008-12-16,3.30,3.48,3.26,3.48,1356200,3.348886
2008-12-15,3.39,3.51,3.14,3.21,1523100,3.089058
2008-12-12,3.11,3.38,3.07,3.37,1456100,3.24303
2008-12-11,3.34,3.62,3.14,3.20,1419600,3.079435
2008-12-10,3.29,3.58,3.22,3.37,1179100,3.24303
2008-12-09,3.03,3.39,3.00,3.26,1947700,3.137174
2008-12-08,3.48,3.58,3.01,3.08,2247200,2.963956
2008-12-05,2.98,3.42,2.90,3.36,3127800,3.233407
2008-12-04,3.05,3.61,2.92,3.05,2940000,2.935086
2008-12-03,2.88,3.10,2.60,3.10,2891300,2.983203
2008-12-02,2.07,3.05,2.05,3.05,2334500,2.935086
2008-12-01,2.80,2.80,2.01,2.01,1880000,1.93427
2008-11-28,2.95,3.02,2.66,2.71,947400,2.607897
2008-11-26,2.94,3.02,2.55,3.00,2719200,2.88697
2008-11-25,2.83,3.12,2.70,3.04,2064800,2.925463
2008-11-24,2.31,2.89,2.11,2.78,1571500,2.675259
2008-11-21,2.11,2.20,1.82,2.19,1752000,2.107488
2008-11-20,2.37,2.62,1.82,2.05,4140600,1.972763
2008-11-19,2.97,3.05,2.38,2.39,1865900,2.251837
2008-11-18,2.41,3.48,2.41,2.97,4109800,2.798308
2008-11-17,2.42,2.51,2.25,2.47,1745800,2.327212
2008-11-14,2.70,2.70,2.41,2.44,1324400,2.298947
2008-11-13,2.40,2.70,2.25,2.70,3545300,2.543916
2008-11-12,3.08,3.13,2.39,2.39,3430900,2.251837
2008-11-11,3.35,3.35,3.11,3.15,1235200,2.967902
2008-11-10,3.61,3.70,3.33,3.44,1372600,3.241138
2008-11-07,3.27,3.54,3.10,3.50,1878400,3.297669
2008-11-06,3.46,3.76,3.23,3.23,2046100,3.043278
2008-11-05,3.92,4.29,3.56,3.59,3385200,3.382466
2008-11-04,3.83,4.07,3.66,3.97,2364000,3.740499
2008-11-03,3.78,3.78,3.46,3.59,2007800,3.382466
2008-10-31,3.30,3.52,3.21,3.47,3110000,3.269403
2008-10-30,3.05,3.37,3.00,3.30,3556200,3.109231
2008-10-29,3.17,3.17,2.91,2.95,4042800,2.779464
2008-10-28,3.29,3.29,2.76,3.17,3806400,2.986746
2008-10-27,3.23,3.58,3.05,3.08,3463500,2.901949
2008-10-24,3.11,3.38,3.01,3.29,2928900,3.099809
2008-10-23,3.83,3.91,3.26,3.48,5329400,3.278825
2008-10-22,4.35,4.35,3.70,3.82,3197200,3.59917
2008-10-21,4.40,4.76,4.25,4.32,2700700,4.070266
2008-10-20,5.86,6.06,3.80,4.49,9739200,4.230438
2008-10-17,5.86,6.33,5.73,5.77,2939900,5.436443
2008-10-16,6.57,6.70,5.86,6.13,3947300,5.775632
2008-10-15,7.37,7.59,6.41,6.41,1887000,6.039445
2008-10-14,8.50,8.70,7.24,7.53,3431100,7.0947
2008-10-13,8.01,8.27,7.72,8.15,2947200,7.678858
2008-10-10,7.63,8.56,7.40,7.49,4766100,7.057012
2008-10-09,10.11,10.11,7.51,8.12,6149000,7.650592
2008-10-08,9.46,10.34,8.99,10.00,4911700,9.421912
2008-10-07,10.79,10.91,9.75,9.92,2684700,9.346537
2008-10-06,10.51,10.87,9.72,10.61,4441200,9.996648
2008-10-03,12.15,12.38,10.77,10.86,3008300,10.232196
2008-10-02,12.51,12.82,11.52,11.96,1278800,11.268607
2008-10-01,12.65,12.90,12.25,12.64,1813000,11.909297
2008-09-30,13.20,13.35,12.55,12.79,1691400,12.050625
2008-09-29,13.76,13.86,12.39,12.86,2035500,12.116578
2008-09-26,13.50,14.10,13.25,14.06,1266300,13.247208
2008-09-25,13.26,13.97,13.18,13.74,951300,12.945707
2008-09-24,13.46,13.63,13.01,13.21,1678600,12.446346
2008-09-23,14.01,14.53,13.37,13.46,1670000,12.681893
2008-09-22,14.87,14.95,13.84,13.95,1449000,13.143567
2008-09-19,14.50,16.639999,14.50,15.09,4055200,14.217665
2008-09-18,13.32,14.67,12.57,14.39,2825600,13.558131
2008-09-17,13.44,13.44,12.39,12.99,2046100,12.239063
2008-09-16,12.58,13.65,12.52,13.65,2394300,12.860909
2008-09-15,12.85,13.42,12.71,12.86,1740200,12.116578
2008-09-12,13.51,13.86,13.30,13.62,1264200,12.832644
2008-09-11,12.91,13.68,12.80,13.60,1351900,12.8138
2008-09-10,13.77,13.77,13.07,13.24,1988400,12.474611
2008-09-09,14.11,14.55,13.29,13.43,1890400,12.653628
2008-09-08,14.08,14.49,13.95,14.30,1894100,13.473334
2008-09-05,13.34,13.74,12.85,13.69,1997100,12.898597
2008-09-04,13.99,14.14,13.36,13.41,1881700,12.634784
2008-09-03,14.20,14.24,13.79,14.12,1498000,13.303739
2008-09-02,13.98,14.66,13.87,14.26,1822800,13.435646
2008-08-29,13.66,14.09,13.44,13.79,949500,12.992816
2008-08-28,13.46,13.84,13.36,13.76,897300,12.964551
2008-08-27,13.40,13.60,13.19,13.37,1066900,12.597096
2008-08-26,13.28,13.50,12.97,13.42,842500,12.644206
2008-08-25,13.75,14.04,13.01,13.21,1019200,12.446346
2008-08-22,13.02,13.98,13.02,13.85,1541600,13.049348
2008-08-21,12.79,13.08,12.63,12.90,1567400,12.154266
2008-08-20,13.30,13.30,12.70,12.98,1893800,12.229641
2008-08-19,14.06,14.10,13.18,13.37,1968900,12.597096
2008-08-18,14.75,14.75,13.88,14.22,1549300,13.397959
2008-08-15,14.69,14.92,14.20,14.63,1559900,13.784257
2008-08-14,14.01,14.88,13.93,14.54,1883300,13.69946
2008-08-13,14.91,14.93,13.75,14.19,2693700,13.369692
2008-08-12,15.35,15.55,14.78,14.91,1773500,14.04807
2008-08-11,14.75,16.01,14.55,15.44,2823700,14.547431
2008-08-08,13.61,14.86,13.61,14.72,1586800,13.869054
2008-08-07,13.56,14.10,13.51,13.57,1987400,12.785534
2008-08-06,13.87,14.03,13.42,14.00,1626000,13.190677
2008-08-05,13.19,14.06,13.15,13.93,1954700,13.124723
2008-08-04,13.08,13.25,12.70,13.01,1504800,12.257908
2008-08-01,12.91,13.36,12.68,13.11,1850300,12.352126
2008-07-31,12.79,13.64,12.72,12.90,2169800,12.154266
2008-07-30,13.81,14.41,12.76,12.95,2644000,12.201376
2008-07-29,12.26,13.96,12.26,13.77,3397400,12.973973
2008-07-28,12.54,13.11,12.19,12.23,2796300,11.522998
2008-07-25,12.78,12.93,12.35,12.60,1597900,11.871609
2008-07-24,14.40,14.78,12.37,12.56,4294000,11.833922
2008-07-23,12.07,12.82,11.97,12.53,4261000,11.805655
2008-07-22,11.47,12.03,11.01,12.03,2423500,11.33456
2008-07-21,11.98,12.15,11.52,11.56,1545300,10.89173
2008-07-18,11.83,12.16,11.33,11.96,3145100,11.268607
2008-07-17,11.05,11.90,10.70,11.74,2611000,11.061324
2008-07-16,10.02,10.90,9.76,10.86,2364500,10.232196
2008-07-15,9.56,10.33,9.29,10.02,2571800,9.440756
2008-07-14,9.98,10.22,9.57,9.66,2756200,9.101567
2008-07-11,9.81,10.15,9.59,9.97,2788700,9.393646
2008-07-10,9.99,10.37,9.67,10.00,2875900,9.421912
2008-07-09,10.92,11.06,9.91,9.96,2484300,9.384224
2008-07-08,10.01,10.94,9.99,10.94,2548000,10.307571
2008-07-07,10.19,10.58,9.92,10.11,3432700,9.525553
2008-07-03,10.20,10.36,9.85,10.15,1472600,9.56324
2008-07-02,10.92,10.92,10.00,10.10,3297400,9.516131
2008-07-01,10.46,11.20,10.32,10.90,5822600,10.269884
2008-06-30,11.26,11.26,10.55,10.60,3639600,9.987227
2008-06-27,11.38,11.59,11.01,11.25,10571300,10.599651
2008-06-26,11.90,11.90,11.48,11.56,6225300,10.89173
2008-06-25,11.69,12.27,11.69,12.05,2968200,11.353404
2008-06-24,11.28,12.06,11.28,11.70,2889900,11.023637
2008-06-23,12.00,12.17,11.39,11.40,3194000,10.740979
2008-06-20,12.40,12.40,11.25,11.87,12849200,11.183809
2008-06-19,12.16,12.52,11.99,12.45,3481500,11.73028
2008-06-18,12.82,12.82,12.13,12.15,4235900,11.447623
2008-06-17,13.43,13.47,12.92,12.92,3284300,12.17311
2008-06-16,12.90,13.37,12.90,13.27,2116400,12.502877
2008-06-13,13.03,13.30,12.75,13.15,2398700,12.389814
2008-06-12,13.05,13.50,12.96,13.08,1601400,12.323861
2008-06-11,13.41,13.41,12.93,12.93,2591300,12.182532
2008-06-10,13.12,13.76,13.00,13.34,1983600,12.568831
2008-06-09,13.31,13.56,13.05,13.19,2201300,12.427501
2008-06-06,13.95,13.98,13.24,13.37,3155200,12.597096
2008-06-05,14.05,14.54,13.91,14.20,2916500,13.379115
2008-06-04,13.87,14.01,13.70,13.84,2119400,13.039926
2008-06-03,13.45,14.18,13.45,14.00,3821900,13.190677
2008-06-02,13.68,13.69,13.35,13.51,3038800,12.729003
2008-05-30,14.01,14.12,13.39,13.70,4111800,12.908019
2008-05-29,14.10,14.27,13.95,14.15,2041800,13.332005
2008-05-28,14.42,14.57,13.92,14.07,3835100,13.25663
2008-05-27,14.64,14.91,14.23,14.41,2386100,13.576975
2008-05-23,14.87,14.90,14.61,14.67,1764700,13.821945
2008-05-22,15.01,15.45,14.86,15.04,2158500,14.170555
2008-05-21,15.91,16.190001,14.91,15.09,3354200,14.217665
2008-05-20,16.42,16.450001,15.93,16.00,1859600,15.075059
2008-05-19,16.73,16.76,16.370001,16.530001,1031800,15.574421
2008-05-16,16.83,16.83,16.24,16.73,1385700,15.762858
2008-05-15,16.52,16.790001,16.16,16.76,883700,15.791124
2008-05-14,16.77,16.91,16.450001,16.629999,1140800,15.668639
2008-05-13,16.639999,16.91,16.50,16.809999,905600,15.838233
2008-05-12,16.219999,16.530001,16.110001,16.50,823700,15.546155
2008-05-09,15.90,16.35,15.90,16.209999,1055400,15.272918
2008-05-08,16.75,16.75,16.00,16.219999,880500,15.28234
2008-05-07,16.65,17.040001,16.540001,16.60,1138800,15.640374
2008-05-06,16.73,16.82,16.23,16.74,1090600,15.77228
2008-05-05,16.67,16.879999,16.52,16.73,1022800,15.762858
2008-05-02,17.15,17.23,16.629999,16.809999,1394600,15.838233
2008-05-01,16.77,17.17,16.49,16.950001,1395000,15.970141
2008-04-30,16.719999,17.23,16.60,16.68,1908400,15.715749
2008-04-29,16.379999,16.870001,16.32,16.790001,1333300,15.819391
2008-04-28,16.469999,16.469999,16.07,16.379999,1435400,15.433091
2008-04-25,16.18,16.389999,15.83,16.35,2092700,15.404826
2008-04-24,15.60,17.049999,15.60,16.190001,7079900,15.254076
2008-04-23,15.35,15.42,15.05,15.13,1946100,14.255353
2008-04-22,15.80,15.80,15.14,15.30,1802600,14.415525
2008-04-21,16.00,16.00,15.64,15.72,859300,14.811246
2008-04-18,15.77,16.290001,15.77,16.049999,1444400,15.122168
2008-04-17,15.54,15.76,15.24,15.67,972000,14.764136
2008-04-16,15.27,15.81,15.05,15.70,1628500,14.792401
2008-04-15,15.84,15.98,15.16,15.30,1496800,14.415525
2008-04-14,15.96,16.17,15.71,15.79,976200,14.877199
2008-04-11,16.01,16.299999,15.84,16.00,1057700,15.075059
2008-04-10,16.27,16.51,16.030001,16.18,1191500,15.244654
2008-04-09,16.809999,16.889999,16.059999,16.219999,994400,15.28234
2008-04-08,16.940001,16.959999,16.639999,16.74,1014700,15.77228
2008-04-07,17.43,17.51,16.82,16.959999,1062200,15.979562
2008-04-04,17.02,17.809999,16.83,17.41,2455500,16.403548
2008-04-03,16.65,17.08,16.49,17.030001,1081000,16.045517
2008-04-02,17.030001,17.18,16.639999,16.780001,1854600,15.809969
2008-04-01,16.200001,17.10,16.16,16.969999,2115600,15.988984
2008-03-31,16.040001,16.27,15.81,15.97,2627300,15.046793
2008-03-28,17.01,17.07,16.030001,16.120001,1721400,15.188123
2008-03-27,17.07,17.10,16.68,16.799999,1189400,15.828811
2008-03-26,17.719999,17.719999,16.57,16.889999,1819900,15.913609
2008-03-25,17.969999,18.02,17.52,17.85,934900,16.818113
2008-03-24,17.459999,18.299999,17.459999,17.92,1175100,16.884066
2008-03-20,16.360001,17.440001,16.360001,17.41,1823200,16.403548
2008-03-19,16.450001,16.709999,16.34,16.34,1520200,15.395404
2008-03-18,15.75,16.27,15.54,16.24,1493000,15.301185
2008-03-17,15.30,15.67,15.12,15.37,1714500,14.481478
2008-03-14,15.82,16.07,15.25,15.34,1905800,14.453213
2008-03-13,15.12,15.95,15.12,15.82,1096200,14.905464
2008-03-12,15.93,16.01,15.44,15.48,1094400,14.585119
2008-03-11,15.65,15.86,15.21,15.86,1552100,14.943152
2008-03-10,15.36,15.59,15.16,15.20,1281000,14.321306
2008-03-07,15.61,15.92,15.20,15.39,1542700,14.500323
2008-03-06,15.91,16.07,15.56,15.58,1490600,14.679339
2008-03-05,15.76,16.290001,15.74,16.040001,1258200,15.112747
2008-03-04,15.66,15.90,15.46,15.75,2218500,14.839511
2008-03-03,16.299999,16.34,15.68,15.84,1890700,14.924308
2008-02-29,16.809999,16.85,16.190001,16.290001,1624800,15.348295
2008-02-28,17.65,17.66,17.00,17.059999,1277200,16.073781
2008-02-27,17.35,18.17,17.35,17.74,1685300,16.714471
2008-02-26,16.84,17.610001,16.75,17.440001,1340600,16.431815
2008-02-25,16.469999,16.959999,16.32,16.889999,1450300,15.913609
2008-02-22,16.49,16.530001,16.059999,16.49,1856000,15.536732
2008-02-21,17.18,17.200001,16.35,16.389999,1832600,15.442513
2008-02-20,16.690001,17.129999,16.620001,17.10,1565100,16.11147
2008-02-19,17.209999,17.23,16.639999,16.74,1123000,15.77228
2008-02-15,17.299999,17.32,16.870001,17.030001,1392600,16.045517
2008-02-14,17.959999,18.00,17.32,17.35,1914500,16.347017
2008-02-13,18.040001,18.290001,17.889999,17.99,1280300,16.950019
2008-02-12,17.889999,18.18,17.639999,17.85,1429800,16.818113
2008-02-11,17.200001,17.709999,17.059999,17.700001,1652000,16.676785
2008-02-08,17.860001,17.99,17.200001,17.26,1904400,16.26222
2008-02-07,17.700001,18.18,17.610001,17.870001,2796300,16.836957
2008-02-06,18.280001,18.299999,17.66,17.75,2093100,16.723894
2008-02-05,18.290001,18.780001,18.16,18.190001,1482500,17.138458
2008-02-04,19.42,19.42,18.50,18.530001,2747500,17.458803
2008-02-01,18.93,19.629999,18.93,19.280001,2658500,18.165447
2008-01-31,17.879999,19.540001,17.17,18.92,3479300,17.826257
2008-01-30,17.74,18.309999,17.74,17.90,1640500,16.865222
2008-01-29,17.719999,17.969999,17.280001,17.91,1515800,16.874644
2008-01-28,17.09,17.700001,16.68,17.66,1719200,16.639096
2008-01-25,17.84,18.309999,16.90,17.10,2974200,16.11147
2008-01-24,16.469999,17.309999,16.24,17.17,3352900,16.177423
2008-01-23,14.99,16.50,14.70,16.41,3640800,15.461357
2008-01-22,14.46,15.62,14.46,15.30,3062300,14.415525
2008-01-18,15.00,15.43,14.99,15.09,1414200,14.217665
2008-01-17,15.23,15.48,14.80,14.87,1934400,14.010383
2008-01-16,14.78,15.29,14.61,15.08,2726700,14.208243
2008-01-15,15.28,15.39,15.14,15.18,2322300,14.302462
2008-01-14,15.59,15.60,15.31,15.54,2402400,14.641651
2008-01-11,15.68,15.76,15.40,15.50,1535700,14.603963
2008-01-10,15.19,16.049999,15.14,15.84,1617200,14.924308
2008-01-09,15.20,15.30,14.82,15.29,1897400,14.406103
2008-01-08,15.59,15.90,15.11,15.13,1849600,14.255353
2008-01-07,15.74,16.01,15.40,15.54,1630600,14.641651
2008-01-04,16.33,16.34,15.67,15.74,1733100,14.830089
2008-01-03,17.02,17.049999,16.440001,16.450001,1253100,15.499046
2008-01-02,17.08,17.40,16.90,16.92,1674800,15.941875
2007-12-31,17.50,17.540001,17.01,17.049999,1454700,16.064359
2007-12-28,17.549999,17.68,17.370001,17.549999,873200,16.535455
2007-12-27,17.75,17.799999,17.40,17.440001,814800,16.431815
2007-12-26,17.950001,18.00,17.690001,17.90,740800,16.865222
2007-12-24,18.00,18.10,17.870001,18.09,376400,17.044239
2007-12-21,18.00,18.00,17.76,17.950001,2229800,16.912332
2007-12-20,17.91,18.030001,17.67,17.84,1449800,16.808691
2007-12-19,18.129999,18.129999,17.700001,17.82,920000,16.789847
2007-12-18,17.99,18.18,17.709999,17.98,1173100,16.940597
2007-12-17,18.110001,18.360001,17.799999,17.889999,1732800,16.8558
2007-12-14,18.43,18.780001,17.969999,18.200001,1688300,17.14788
2007-12-13,18.879999,19.00,18.42,18.75,1305200,17.666085
2007-12-12,19.969999,20.34,18.799999,19.059999,2060200,17.958163
2007-12-11,20.59,20.85,19.469999,19.49,1754600,18.363306
2007-12-10,20.41,20.48,20.190001,20.25,1764300,19.079371
2007-12-07,20.629999,20.77,20.17,20.389999,1457400,19.211278
2007-12-06,20.00,20.549999,19.84,20.549999,755400,19.362028
2007-12-05,19.860001,20.15,19.76,20.01,722900,18.853246
2007-12-04,19.629999,19.74,19.469999,19.639999,1153200,18.504634
2007-12-03,20.51,20.51,19.68,19.75,1447900,18.608276
2007-11-30,20.16,20.67,20.08,20.389999,2280600,19.211278
2007-11-29,19.700001,19.870001,19.41,19.82,1333700,18.674229
2007-11-28,19.57,19.870001,19.49,19.799999,1693100,18.655385
2007-11-27,19.299999,19.60,19.08,19.459999,1690100,18.33504
2007-11-26,19.15,19.57,19.00,19.24,1795700,18.127758
2007-11-23,19.02,19.379999,18.969999,19.26,595400,18.146602
2007-11-21,18.690001,19.08,18.549999,18.93,1195000,17.835679
2007-11-20,19.24,19.440001,18.43,18.98,1698700,17.882788
2007-11-19,20.34,20.34,19.129999,19.17,1646700,18.061805
2007-11-16,21.33,21.43,20.16,20.51,1765500,18.759026
2007-11-15,21.23,21.48,21.09,21.209999,1724100,19.399265
2007-11-14,22.40,22.690001,21.27,21.360001,1546500,19.53646
2007-11-13,21.49,22.49,21.299999,22.41,1360500,20.496819
2007-11-12,21.200001,21.77,21.18,21.27,1292300,19.454144
2007-11-09,21.25,21.540001,20.82,21.280001,1342900,19.46329
2007-11-08,21.84,21.950001,20.799999,21.43,1808400,19.600484
2007-11-07,22.10,22.26,21.700001,21.84,2663400,19.975481
2007-11-06,22.00,22.370001,21.90,22.35,1280500,20.441942
2007-11-05,21.91,22.200001,21.90,22.02,2060400,20.140115
2007-11-02,21.99,22.709999,21.85,22.129999,3314500,20.240723
2007-11-01,22.190001,22.32,21.790001,21.92,2290900,20.048652
2007-10-31,21.780001,22.620001,21.10,22.309999,2208200,20.405356
2007-10-30,21.610001,21.879999,20.549999,21.549999,1310000,19.710238
2007-10-29,22.85,22.85,21.219999,21.440001,1847400,19.609631
2007-10-26,21.60,21.93,20.49,21.860001,3910100,19.993774
2007-10-25,20.190001,20.309999,19.389999,20.200001,1916700,18.475492
2007-10-24,20.540001,20.58,20.00,20.190001,1423500,18.466345
2007-10-23,20.34,20.66,20.299999,20.639999,1027500,18.877927
2007-10-22,19.719999,20.379999,19.60,20.360001,1133800,18.621832
2007-10-19,20.450001,20.59,20.00,20.00,1101800,18.292565
2007-10-18,21.120001,21.129999,20.57,20.60,881100,18.841343
2007-10-17,21.48,22.27,20.889999,21.17,1149300,19.36268
2007-10-16,21.709999,21.709999,21.00,21.15,1049900,19.344388
2007-10-15,22.35,22.40,21.389999,21.60,1425600,19.755971
2007-10-12,22.49,22.639999,22.26,22.360001,892600,20.451089
2007-10-11,24.18,24.18,22.25,22.52,1475900,20.597429
2007-10-10,23.82,23.93,23.52,23.85,615700,21.813885
2007-10-09,23.65,23.74,23.360001,23.709999,564800,21.685835
2007-10-08,24.40,24.91,23.629999,23.700001,527500,21.676691
2007-10-05,23.799999,24.370001,23.65,24.209999,745100,22.14315
2007-10-04,24.190001,24.26,23.49,23.540001,797700,21.53035
2007-10-03,23.58,24.34,23.42,24.190001,1264400,22.124858
2007-10-02,23.219999,23.77,23.190001,23.709999,612300,21.685835
2007-10-01,22.98,23.35,22.879999,23.219999,876500,21.237668
2007-09-28,23.00,23.040001,22.67,22.860001,650000,20.908403
2007-09-27,22.65,23.00,22.65,22.950001,802900,20.990719
2007-09-26,22.540001,22.780001,22.360001,22.66,741800,20.725476
2007-09-25,22.57,22.620001,22.10,22.450001,1118500,20.533405
2007-09-24,22.290001,22.98,22.290001,22.639999,1625600,20.707183
2007-09-21,22.24,22.610001,21.98,22.370001,2014600,20.460235
2007-09-20,22.780001,22.780001,21.700001,21.98,962100,20.103529
2007-09-19,22.639999,23.219999,22.549999,22.639999,1831900,20.707183
2007-09-18,21.50,22.540001,21.370001,22.379999,2849600,20.46938
2007-09-17,21.92,21.959999,21.35,21.49,1236900,19.655361
2007-09-14,21.879999,22.26,21.75,22.01,813400,20.130968
2007-09-13,22.50,22.50,21.98,22.09,743100,20.204139
2007-09-12,22.43,22.620001,22.16,22.309999,814200,20.405356
2007-09-11,22.629999,22.66,22.200001,22.540001,837100,20.615722
2007-09-10,23.299999,23.370001,22.15,22.43,1306800,20.515112
2007-09-07,23.59,23.77,23.049999,23.219999,1099600,21.237668
2007-09-06,24.43,24.43,23.90,24.02,702000,21.969371
2007-09-05,24.700001,24.700001,24.370001,24.41,886400,22.326076
2007-09-04,24.99,25.040001,24.709999,24.889999,681700,22.765097
2007-08-31,25.059999,25.35,24.83,25.15,782500,23.002901
2007-08-30,24.700001,25.10,24.60,24.879999,658300,22.755951
2007-08-29,24.700001,25.00,24.540001,24.959999,831100,22.829121
2007-08-28,24.65,24.799999,24.450001,24.50,1247400,22.408393
2007-08-27,25.059999,25.07,24.73,24.84,843700,22.719366
2007-08-24,25.23,25.41,24.84,25.209999,772500,23.057778
2007-08-23,25.610001,25.889999,25.129999,25.33,814900,23.167534
2007-08-22,25.50,25.85,25.35,25.57,1707000,23.387045
2007-08-21,25.02,25.42,24.91,25.40,1356100,23.231558
2007-08-20,24.950001,25.15,24.68,24.92,1149000,22.792536
2007-08-17,25.049999,25.690001,24.32,24.799999,1929100,22.68278
2007-08-16,25.09,25.190001,23.549999,24.34,2190900,22.262052
2007-08-15,24.959999,25.85,24.90,25.309999,1439400,23.149241
2007-08-14,26.09,26.129999,24.620001,25.00,1469800,22.865707
2007-08-13,26.26,26.73,25.98,26.290001,1518100,24.045578
2007-08-10,25.50,26.57,24.129999,25.92,3137300,23.707165
2007-08-09,26.700001,27.24,25.16,25.799999,2376200,23.597409
2007-08-08,27.40,27.98,26.92,27.24,1392500,24.914474
2007-08-07,27.77,27.799999,26.85,27.34,1539600,25.005937
2007-08-06,27.50,28.059999,26.99,28.059999,1282000,25.664469
2007-08-03,28.27,28.35,27.26,27.26,1931500,24.932767
2007-08-02,28.299999,28.299999,27.879999,28.15,1826500,25.746785
2007-08-01,27.84,28.290001,27.620001,28.219999,1974800,25.810809
2007-07-31,28.50,28.530001,27.959999,27.959999,2190100,25.573006
2007-07-30,27.889999,28.51,27.389999,28.23,1670400,25.819956
2007-07-27,28.75,28.780001,27.379999,27.98,2869800,25.591299
2007-07-26,29.15,29.209999,27.93,28.540001,2272400,26.103492
2007-07-25,29.58,29.719999,29.10,29.459999,1232300,26.944948
2007-07-24,29.799999,30.110001,29.549999,29.58,1461800,27.054704
2007-07-23,29.77,30.35,29.77,29.950001,1649200,27.393117
2007-07-20,30.389999,31.50,29.799999,30.32,4360000,27.731529
2007-07-19,32.470001,32.860001,32.299999,32.799999,844800,29.999806
2007-07-18,32.650002,32.849998,32.220001,32.27,1548400,29.515055
2007-07-17,32.259998,33.32,32.259998,32.790001,647700,29.990662
2007-07-16,33.18,33.619999,33.049999,33.119999,621600,30.292487
2007-07-13,32.709999,33.07,32.549999,32.98,658000,30.16444
2007-07-12,32.34,32.810001,32.209999,32.810001,742400,30.008955
2007-07-11,32.080002,32.279999,32.00,32.209999,1021000,29.460176
2007-07-10,32.52,32.560001,32.07,32.07,1120900,29.332128
2007-07-09,32.75,32.860001,32.360001,32.529999,938100,29.752856
2007-07-06,32.529999,32.84,32.349998,32.779999,945100,29.981513
2007-07-05,32.950001,32.950001,32.27,32.529999,993400,29.752856
2007-07-03,33.02,33.330002,32.889999,32.959999,457400,30.146147
2007-07-02,32.630001,33.110001,32.50,33.00,947500,30.182733
2007-06-29,32.959999,33.130001,32.490002,32.630001,1088200,29.844321
2007-06-28,32.849998,33.23,32.799999,32.950001,938400,30.137002
2007-06-27,32.650002,32.990002,32.380001,32.889999,1274200,30.082123
2007-06-26,33.50,33.580002,32.689999,32.82,1239800,30.018099
2007-06-25,33.779999,34.00,33.310001,33.470001,789400,30.612609
2007-06-22,33.650002,33.91,33.540001,33.779999,1466700,30.896142
2007-06-21,33.610001,34.02,33.580002,33.900002,730300,31.0059
2007-06-20,34.060001,34.110001,33.610001,33.610001,859500,30.740657
2007-06-19,33.849998,34.110001,33.669998,33.93,430100,31.033337
2007-06-18,33.77,33.970001,33.59,33.77,381100,30.886997
2007-06-15,33.990002,34.139999,33.689999,33.799999,737100,30.914435
2007-06-14,34.040001,34.130001,33.720001,33.860001,467700,30.969314
2007-06-13,33.50,34.029999,33.419998,34.029999,968500,31.124799
2007-06-12,33.689999,33.889999,33.299999,33.299999,888100,30.457121
2007-06-11,33.700001,33.82,33.50,33.700001,619100,30.822973
2007-06-08,33.099998,33.700001,33.07,33.700001,647200,30.822973
2007-06-07,33.779999,34.080002,33.099998,33.099998,960800,30.274194
2007-06-06,34.029999,34.139999,33.790001,34.02,566300,31.115654
2007-06-05,34.43,34.50,34.169998,34.380001,564400,31.444921
2007-06-04,34.75,34.900002,34.43,34.50,632000,31.554675
2007-06-01,34.450001,34.900002,34.360001,34.799999,596400,31.829063
2007-05-31,34.57,34.740002,34.200001,34.43,741200,31.490652
2007-05-30,34.00,34.669998,33.919998,34.57,621500,31.618699
2007-05-29,34.07,34.259998,33.810001,34.009998,665800,31.106506
2007-05-25,34.25,34.389999,33.990002,34.02,462800,31.115654
2007-05-24,34.400002,34.75,34.110001,34.130001,573600,31.216264
2007-05-23,34.73,34.990002,34.43,34.52,643400,31.572968
2007-05-22,34.27,34.849998,34.150002,34.720001,533000,31.755895
2007-05-21,34.259998,34.540001,34.23,34.369999,499700,31.435773
2007-05-18,33.939999,34.360001,33.790001,34.259998,1115100,31.335163
2007-05-17,32.639999,34.459999,32.639999,33.869999,2075000,30.978458
2007-05-16,33.09,33.150002,32.599998,32.84,624200,30.036392
2007-05-15,33.200001,33.450001,32.860001,32.93,645100,30.118709
2007-05-14,33.450001,33.82,33.029999,33.049999,793100,30.228464
2007-05-11,33.119999,33.50,33.049999,33.450001,451400,30.594316
2007-05-10,33.349998,33.580002,33.009998,33.07,835900,30.246757
2007-05-09,33.200001,33.639999,33.16,33.529999,569200,30.667485
2007-05-08,33.240002,33.360001,32.709999,33.200001,728000,30.365659
2007-05-07,33.25,33.580002,33.18,33.259998,753000,30.420535
2007-05-04,33.00,33.119999,32.880001,33.040001,1217200,30.219319
2007-05-03,33.00,33.049999,32.650002,32.939999,856900,30.127854
2007-05-02,32.650002,33.16,32.650002,33.00,924600,30.182733
2007-05-01,32.599998,32.849998,32.330002,32.700001,1001200,29.908345
2007-04-30,33.09,33.439999,32.759998,32.759998,1126200,29.963221
2007-04-27,32.889999,33.68,32.889999,33.139999,1696700,30.31078
2007-04-26,33.50,34.580002,32.810001,33.740002,4046400,30.859559
2007-04-25,31.299999,31.530001,30.08,30.709999,1792800,28.088233
2007-04-24,31.200001,31.27,30.43,30.870001,1461700,28.234575
2007-04-23,31.18,31.75,31.18,31.290001,1289100,28.618719
2007-04-20,30.719999,31.290001,30.559999,31.290001,1251600,28.618719
2007-04-19,30.74,30.82,30.299999,30.379999,1029000,27.786406
2007-04-18,30.67,31.049999,30.60,30.77,732500,28.143112
2007-04-17,30.48,30.98,30.48,30.91,1426200,28.27116
2007-04-16,30.549999,30.58,30.08,30.43,1578600,27.832138
2007-04-13,30.77,30.77,30.219999,30.57,1382300,27.960186
2007-04-12,30.969999,31.219999,30.16,30.639999,2870100,28.02421
2007-04-11,32.169998,32.169998,31.620001,31.969999,1006500,29.240665
2007-04-10,31.99,32.16,31.83,32.09,609900,29.350421
2007-04-09,32.41,32.57,32.029999,32.119999,637500,29.377859
2007-04-05,31.91,32.169998,31.77,32.110001,736900,29.368714
2007-04-04,32.25,32.529999,32.209999,32.34,609700,29.579078
2007-04-03,32.139999,32.580002,32.029999,32.369999,512700,29.606516
2007-04-02,32.00,32.27,31.889999,32.110001,631800,29.368714
2007-03-30,31.50,32.139999,31.50,31.85,758400,29.130911
2007-03-29,31.799999,31.799999,31.35,31.59,476600,28.893107
2007-03-28,31.74,31.780001,31.34,31.469999,589200,28.783351
2007-03-27,32.00,32.330002,31.68,31.809999,1021300,29.094325
2007-03-26,32.07,32.27,31.75,31.99,1108000,29.258958
2007-03-23,31.85,32.16,31.84,32.02,511100,29.286398
2007-03-22,32.16,32.259998,31.870001,31.98,636800,29.249812
2007-03-21,31.93,32.450001,31.74,32.16,1301000,29.414445
2007-03-20,31.709999,31.90,31.559999,31.82,877700,29.103471
2007-03-19,31.610001,31.92,31.559999,31.60,990700,28.902254
2007-03-16,31.75,31.879999,31.360001,31.57,1008100,28.874814
2007-03-15,31.43,31.85,31.41,31.60,1896000,28.902254
2007-03-14,32.389999,32.59,31.209999,31.50,2232100,28.81079
2007-03-13,32.950001,32.950001,32.27,32.34,963400,29.579078
2007-03-12,33.25,33.279999,32.919998,33.169998,593500,30.338218
2007-03-09,33.349998,33.419998,33.099998,33.279999,704300,30.438828
2007-03-08,33.110001,33.43,33.09,33.23,663000,30.393097
2007-03-07,32.400002,33.200001,32.27,32.900002,987500,30.091271
2007-03-06,32.00,32.709999,31.940001,32.52,1209900,29.743712
2007-03-05,32.040001,32.119999,31.620001,31.68,1660500,28.975424
2007-03-02,32.68,32.880001,32.099998,32.16,957800,29.414445
2007-03-01,32.279999,33.029999,31.90,32.77,1027300,29.972369
2007-02-28,32.23,32.849998,32.23,32.650002,1222700,29.862614
2007-02-27,33.57,33.639999,32.00,32.220001,2221100,29.469324
2007-02-26,34.25,34.330002,33.779999,33.939999,889000,31.042482
2007-02-23,34.290001,34.290001,33.73,34.080002,671700,31.170533
2007-02-22,34.209999,34.43,34.00,34.279999,1033200,31.353456
2007-02-21,33.75,34.220001,33.709999,34.080002,904900,31.170533
2007-02-20,33.349998,33.93,33.220001,33.75,635000,30.868704
2007-02-16,33.25,33.580002,33.130001,33.439999,558600,30.585168
2007-02-15,33.650002,33.650002,33.189999,33.299999,1054200,30.457121
2007-02-14,33.060001,33.73,32.98,33.619999,1146400,30.749801
2007-02-13,32.91,33.41,32.869999,33.00,1194900,30.182733
2007-02-12,33.360001,33.52,32.529999,32.900002,1569400,30.091271
2007-02-09,33.849998,34.049999,33.18,33.23,1110100,30.393097
2007-02-08,33.810001,33.98,33.610001,33.759998,1621000,30.877849
2007-02-07,34.209999,34.209999,33.75,33.860001,1333800,30.969314
2007-02-06,34.240002,34.279999,33.950001,34.09,922700,31.179678
2007-02-05,34.68,34.68,34.099998,34.130001,1146400,31.216264
2007-02-02,34.75,34.860001,34.400002,34.599998,1585900,31.646137
2007-02-01,33.98,34.66,33.759998,34.619999,1490500,31.66443
2007-01-31,33.75,34.150002,33.50,34.110001,956800,31.197971
2007-01-30,33.509998,33.810001,33.349998,33.700001,1154100,30.822973
2007-01-29,33.799999,33.849998,33.25,33.310001,1462300,30.466269
2007-01-26,33.540001,33.869999,33.290001,33.810001,2215600,30.923583
2007-01-25,30.49,34.639999,30.49,33.349998,6154400,30.502851
2007-01-24,31.629999,31.950001,31.459999,31.90,852100,29.176641
2007-01-23,31.24,31.84,31.24,31.620001,784100,28.920547
2007-01-22,31.540001,31.57,31.129999,31.26,1038400,28.59128
2007-01-19,30.889999,31.52,30.639999,31.450001,1336700,28.76506
2007-01-18,30.67,30.93,30.370001,30.879999,1271600,28.24372
2007-01-17,30.35,30.66,30.190001,30.57,835200,27.960186
2007-01-16,30.620001,30.690001,30.120001,30.35,988500,27.758968
2007-01-12,30.41,30.610001,30.33,30.52,596100,27.914455
2007-01-11,30.389999,30.51,30.18,30.49,816200,27.887016
2007-01-10,30.02,30.34,30.00,30.24,602800,27.658359
2007-01-09,30.02,30.18,29.67,30.049999,1470500,27.484579
2007-01-08,30.60,30.60,29.809999,30.02,2432100,27.457141
2007-01-05,31.58,31.700001,31.23,31.309999,856400,28.637011
2007-01-04,31.90,31.98,31.50,31.74,576100,29.030301
2007-01-03,31.99,32.279999,31.67,31.92,986500,29.194934
2006-12-29,31.84,32.130001,31.82,31.90,444200,29.176641
2006-12-28,32.099998,32.240002,31.950001,31.959999,406200,29.231519
2006-12-27,31.790001,32.290001,31.73,32.240002,693000,29.487617
2006-12-26,31.52,31.75,31.52,31.690001,314000,28.98457
2006-12-22,31.549999,31.84,31.48,31.59,303900,28.893107
2006-12-21,32.00,32.060001,31.540001,31.639999,541600,28.938838
2006-12-20,31.639999,32.049999,31.639999,31.82,564300,29.103471
2006-12-19,31.809999,31.93,31.50,31.700001,603900,28.993717
2006-12-18,32.25,32.450001,31.879999,31.93,514300,29.204081
2006-12-15,32.439999,32.700001,32.119999,32.290001,917900,29.533348
2006-12-14,32.330002,32.57,32.099998,32.360001,725900,29.597371
2006-12-13,32.220001,32.459999,32.029999,32.240002,682300,29.487617
2006-12-12,32.459999,32.639999,32.099998,32.23,589000,29.478469
2006-12-11,32.439999,32.869999,32.34,32.610001,861000,29.826028
2006-12-08,32.540001,32.709999,32.25,32.549999,726600,29.771149
2006-12-07,32.50,32.779999,32.310001,32.540001,598100,29.762005
2006-12-06,32.419998,32.73,32.200001,32.50,754600,29.725419
2006-12-05,32.450001,32.560001,32.18,32.48,614000,29.707126
2006-12-04,31.559999,32.630001,31.559999,32.32,1135100,29.560785
2006-12-01,32.259998,32.41,31.25,31.65,1032400,28.947984
2006-11-30,32.150002,32.540001,32.09,32.369999,510600,29.606516
2006-11-29,32.310001,32.549999,32.009998,32.220001,595000,29.469324
2006-11-28,31.90,32.490002,31.860001,32.25,732300,29.496762
2006-11-27,32.52,32.580002,32.060001,32.099998,593900,29.359566
2006-11-24,32.830002,32.93,32.610001,32.75,249500,29.954076
2006-11-22,32.66,33.099998,32.509998,33.080002,654500,30.255905
2006-11-21,32.619999,33.279999,32.619999,33.080002,965400,29.707127
2006-11-20,32.490002,32.93,32.32,32.619999,808200,29.294027
2006-11-17,32.32,32.779999,32.220001,32.650002,807400,29.32097
2006-11-16,32.240002,32.57,32.099998,32.459999,807400,29.150341
2006-11-15,31.15,32.060001,31.10,31.93,696900,28.674381
2006-11-14,31.49,31.65,30.870001,31.200001,724500,28.018813
2006-11-13,31.290001,31.74,31.280001,31.49,588300,28.279244
2006-11-10,30.74,31.309999,30.57,31.200001,888400,28.018813
2006-11-09,31.17,31.52,30.93,30.940001,951900,27.785323
2006-11-08,31.34,31.48,30.98,31.059999,997500,27.893087
2006-11-07,31.450001,31.75,31.200001,31.299999,762500,28.108616
2006-11-06,30.90,31.959999,30.90,31.780001,894600,28.539676
2006-11-03,31.02,31.059999,30.620001,30.709999,710800,27.578773
2006-11-02,31.00,31.280001,30.969999,31.01,888500,27.848185
2006-11-01,31.530001,31.530001,31.059999,31.120001,934500,27.94697
2006-10-31,31.719999,32.040001,31.379999,31.50,648700,28.288224
2006-10-30,31.700001,32.09,31.110001,31.799999,1020500,28.557635
2006-10-27,33.25,33.91,32.32,32.459999,1282400,29.150341
2006-10-26,32.84,33.029999,32.299999,33.00,864100,29.635283
2006-10-25,32.25,32.599998,32.209999,32.50,594100,29.186263
2006-10-24,32.349998,32.990002,32.220001,32.439999,643700,29.13238
2006-10-23,32.25,32.720001,32.25,32.490002,580400,29.177284
2006-10-20,32.59,32.59,32.130001,32.220001,561400,28.934813
2006-10-19,32.650002,32.91,32.400002,32.48,371300,29.168302
2006-10-18,32.810001,32.93,32.459999,32.75,579900,29.410773
2006-10-17,33.189999,33.209999,32.279999,32.50,632500,29.186263
2006-10-16,32.599998,33.240002,32.599998,33.240002,568900,29.850813
2006-10-13,33.00,33.00,32.610001,32.709999,426500,29.37485
2006-10-12,32.50,32.689999,32.060001,32.689999,928700,29.356889
2006-10-11,32.630001,32.650002,32.169998,32.299999,507000,29.006655
2006-10-10,32.299999,32.939999,32.279999,32.700001,844000,29.365872
2006-10-09,31.799999,32.470001,31.77,32.360001,599800,29.060538
2006-10-06,31.790001,32.099998,31.610001,31.90,777400,28.647439
2006-10-05,31.959999,32.290001,31.549999,31.85,859500,28.602538
2006-10-04,31.219999,31.950001,31.030001,31.879999,879800,28.629478
2006-10-03,30.889999,31.540001,30.540001,31.16,1076500,27.982891
2006-10-02,31.00,31.32,30.549999,30.93,865100,27.776342
2006-09-29,31.60,31.799999,31.120001,31.190001,524900,28.009833
2006-09-28,31.950001,31.969999,31.43,31.57,504900,28.351087
2006-09-27,32.32,32.849998,31.74,31.92,708100,28.665401
2006-09-26,31.370001,32.349998,31.32,32.349998,1017000,29.051556
2006-09-25,30.92,31.299999,30.639999,31.190001,614000,28.009833
2006-09-22,31.27,31.27,30.469999,30.709999,527000,27.578773
2006-09-21,31.43,31.629999,31.110001,31.18,1095600,28.000852
2006-09-20,31.58,31.700001,31.129999,31.40,940600,28.19842
2006-09-19,30.84,31.299999,30.67,31.27,1133000,28.081676
2006-09-18,30.27,31.15,30.219999,30.85,892300,27.704499
2006-09-15,30.00,30.219999,29.92,30.219999,911100,27.138734
2006-09-14,29.98,30.219999,29.799999,29.860001,597000,26.815441
2006-09-13,30.60,30.68,29.90,30.030001,981100,26.968108
2006-09-12,29.690001,30.77,29.67,30.540001,1199000,27.426108
2006-09-11,29.299999,29.809999,29.139999,29.75,830700,26.716656
2006-09-08,28.860001,29.41,28.860001,29.379999,735300,26.384381
2006-09-07,28.76,29.16,28.48,28.889999,613300,25.944342
2006-09-06,29.02,29.219999,28.67,28.90,697200,25.953323
2006-09-05,29.299999,29.43,29.030001,29.25,571000,26.267637
2006-09-01,28.90,29.469999,28.84,29.200001,702200,26.222736
2006-08-31,28.91,28.959999,28.379999,28.700001,529100,25.773716
2006-08-30,28.52,28.950001,28.52,28.77,584000,25.836579
2006-08-29,28.690001,28.799999,28.219999,28.549999,655100,25.639009
2006-08-28,28.290001,28.74,28.209999,28.549999,634100,25.639009
2006-08-25,28.27,28.549999,27.98,28.23,918100,25.351637
2006-08-24,28.98,29.040001,28.35,28.379999,1035200,25.486342
2006-08-23,29.299999,29.60,28.76,28.860001,515900,25.917402
2006-08-22,29.68,29.860001,29.200001,29.299999,631800,26.312538
2006-08-21,29.799999,29.889999,29.540001,29.60,500400,26.581951
2006-08-18,30.280001,30.43,29.700001,29.98,996500,26.923205
2006-08-17,30.049999,30.469999,29.92,30.17,935000,27.093833
2006-08-16,29.799999,30.139999,29.66,30.040001,1098500,26.977088
2006-08-15,29.780001,29.93,29.40,29.639999,999400,26.617871
2006-08-14,29.82,30.040001,29.24,29.33,763800,26.33948
2006-08-11,29.059999,29.559999,28.790001,29.469999,812100,26.465205
2006-08-10,28.530001,29.34,28.370001,29.23,718800,26.249676
2006-08-09,29.85,29.90,28.450001,28.52,1347500,25.612069
2006-08-08,29.790001,30.049999,29.42,29.549999,482900,26.537048
2006-08-07,29.99,30.02,29.59,29.74,988000,26.707676
2006-08-04,30.51,30.85,29.90,30.15,782200,27.075871
2006-08-03,29.65,30.280001,29.59,30.18,832300,27.102813
2006-08-02,29.309999,29.959999,29.280001,29.73,815300,26.698695
2006-08-01,29.370001,29.51,29.15,29.299999,792500,26.312538
2006-07-31,29.379999,29.77,29.280001,29.57,787000,26.555009
2006-07-28,29.219999,29.799999,29.08,29.530001,990500,26.519088
2006-07-27,29.129999,29.549999,28.74,29.00,1641900,26.043127
2006-07-26,28.889999,29.33,28.709999,29.129999,1218700,26.159871
2006-07-25,28.370001,29.10,28.309999,29.01,1053000,26.052108
2006-07-24,27.90,28.969999,27.90,28.450001,1296500,25.549206
2006-07-21,28.110001,28.110001,27.629999,27.83,1208800,24.992422
2006-07-20,28.00,28.24,27.92,28.00,1505500,25.145088
2006-07-19,27.75,28.41,27.75,28.01,1919400,25.154069
2006-07-18,27.77,28.139999,27.42,27.690001,1427400,24.866697
2006-07-17,27.629999,27.780001,27.08,27.60,2099200,24.785873
2006-07-14,28.18,28.190001,27.42,27.559999,2416100,24.749951
2006-07-13,28.549999,29.17,28.02,28.25,3599700,25.369598
2006-07-12,29.299999,30.59,28.90,29.549999,4694000,26.537048
2006-07-11,32.00,32.080002,31.58,31.83,819500,28.584577
2006-07-10,32.439999,32.599998,32.060001,32.119999,598800,28.845007
2006-07-07,32.130001,32.490002,32.02,32.240002,516700,28.952774
2006-07-06,32.34,32.599998,32.139999,32.18,604700,28.898891
2006-07-05,33.209999,33.209999,32.18,32.34,1059200,29.042577
2006-07-03,33.18,33.360001,32.939999,33.310001,381100,29.913676
2006-06-30,32.50,33.48,32.50,33.25,1177900,29.859792
2006-06-29,32.27,32.43,31.66,32.349998,1338100,29.051556
2006-06-28,32.450001,32.84,32.099998,32.360001,1142700,29.060538
2006-06-27,33.450001,33.610001,32.869999,33.02,1094100,29.653244
2006-06-26,33.299999,33.700001,33.25,33.560001,764700,30.138186
2006-06-23,33.709999,33.740002,33.27,33.41,1129400,30.003478
2006-06-22,33.970001,33.970001,33.540001,33.720001,901700,30.281872
2006-06-21,34.049999,34.330002,33.790001,33.900002,2102000,30.443519
2006-06-20,34.02,34.25,33.50,33.950001,765000,30.48842
2006-06-19,34.360001,34.470001,33.68,34.00,589900,30.533321
2006-06-16,33.959999,34.509998,33.959999,34.139999,685800,30.659046
2006-06-15,33.669998,34.169998,33.560001,34.119999,881000,30.641085
2006-06-14,34.009998,34.330002,33.540001,33.599998,712300,30.174104
2006-06-13,34.049999,34.669998,33.91,34.040001,785300,30.569244
2006-06-12,35.009998,35.09,33.990002,34.09,555800,30.614145
2006-06-09,34.880001,35.290001,34.759998,34.919998,502400,31.359515
2006-06-08,34.700001,35.00,34.080002,34.880001,973200,31.323597
2006-06-07,34.759998,35.200001,34.509998,34.860001,492000,31.305635
2006-06-06,35.299999,35.389999,34.799999,34.959999,1003500,31.395438
2006-06-05,35.77,35.91,35.150002,35.150002,823700,31.566067
2006-06-02,36.07,36.189999,35.59,35.93,648500,32.266537
2006-06-01,36.00,36.299999,35.799999,36.16,923400,32.473085
2006-05-31,35.759998,36.209999,35.709999,35.93,761300,32.266537
2006-05-30,36.349998,36.450001,35.709999,35.73,771500,32.086928
2006-05-26,36.68,36.799999,36.470001,36.580002,562600,32.850263
2006-05-25,36.52,36.610001,36.16,36.41,899100,32.697595
2006-05-24,35.959999,36.450001,35.450001,36.25,921400,32.553909
2006-05-23,36.650002,36.919998,35.900002,35.990002,884600,32.32042
2006-05-22,36.299999,36.400002,35.889999,36.139999,783800,32.455124
2006-05-19,36.400002,36.860001,36.299999,36.540001,854600,32.814341
2006-05-18,36.82,36.900002,36.220001,36.259998,786200,32.562888
2006-05-17,36.91,37.110001,36.610001,36.709999,1278700,32.967006
2006-05-16,38.200001,38.200001,37.029999,37.25,1080800,33.451948
2006-05-15,38.50,38.810001,37.939999,38.299999,622100,34.394888
2006-05-12,39.00,39.029999,38.41,38.599998,616100,34.664299
2006-05-11,39.639999,39.639999,38.919998,39.009998,663700,35.032495
2006-05-10,39.200001,39.849998,39.00,39.560001,1305100,35.526419
2006-05-09,38.799999,39.630001,38.779999,39.209999,1201400,35.212103
2006-05-08,38.59,38.84,38.50,38.75,1118300,34.799006
2006-05-05,37.900002,38.91,37.880001,38.509998,1363900,34.583475
2006-05-04,37.75,37.880001,37.490002,37.639999,821900,33.802182
2006-05-03,37.560001,37.950001,37.50,37.599998,882700,33.76626
2006-05-02,38.040001,38.130001,37.509998,37.560001,855700,33.730341
2006-05-01,39.00,39.049999,37.490002,37.689999,1726700,33.847084
2006-04-28,40.099998,40.32,39.16,39.220001,1967000,35.221085
2006-04-27,38.099998,40.740002,38.099998,40.50,2868000,36.370574
2006-04-26,38.00,39.32,38.00,39.009998,1356000,35.032495
2006-04-25,39.799999,40.240002,39.400002,39.639999,597300,35.59826
2006-04-24,39.950001,40.130001,39.529999,39.73,535900,35.679084
2006-04-21,40.380001,40.380001,39.860001,40.00,543100,35.921555
2006-04-20,39.150002,40.310001,39.150002,40.040001,1411700,35.957477
2006-04-19,38.68,39.400002,38.650002,39.02,1400000,35.041477
2006-04-18,38.470001,38.73,38.16,38.490002,864900,34.565517
2006-04-17,38.779999,38.93,38.139999,38.200001,609000,34.305085
2006-04-13,38.919998,39.049999,38.610001,38.779999,473900,34.825946
2006-04-12,39.18,39.490002,38.709999,38.82,740900,34.861868
2006-04-11,39.299999,39.52,38.880001,39.009998,528100,35.032495
2006-04-10,39.700001,39.700001,39.16,39.369999,1747700,35.355789
2006-04-07,39.099998,39.799999,38.959999,39.549999,1073500,35.517436
2006-04-06,38.849998,39.02,38.610001,39.009998,522700,35.032495
2006-04-05,38.18,38.880001,38.18,38.790001,648900,34.834928
2006-04-04,38.32,38.689999,38.18,38.18,1089700,34.287124
2006-04-03,38.990002,39.150002,38.119999,38.220001,991800,34.323046
2006-03-31,39.119999,39.189999,38.68,38.860001,583600,34.897791
2006-03-30,39.299999,39.50,39.09,39.139999,401100,35.149241
2006-03-29,39.099998,39.50,39.00,39.439999,693300,35.418652
2006-03-28,39.400002,39.400002,38.91,39.259998,1035100,35.257004
2006-03-27,38.889999,39.450001,38.650002,39.259998,1209200,35.257004
2006-03-24,38.400002,38.639999,38.34,38.57,469000,34.637359
2006-03-23,38.330002,38.630001,38.32,38.450001,1055700,34.529595
2006-03-22,38.080002,38.599998,38.029999,38.439999,980700,34.520613
2006-03-21,38.610001,38.66,38.099998,38.130001,517700,34.242223
2006-03-20,38.290001,38.790001,38.220001,38.630001,1235600,34.691242
2006-03-17,37.759998,38.330002,37.689999,38.32,966800,34.412849
2006-03-16,38.099998,38.119999,37.720001,37.759998,670400,33.909946
2006-03-15,38.00,38.25,37.869999,38.16,512800,34.269163
2006-03-14,37.779999,38.099998,37.560001,37.959999,693200,34.089554
2006-03-13,38.27,38.299999,37.860001,37.860001,716200,33.999752
2006-03-10,38.130001,38.299999,37.939999,37.990002,740100,34.116498
2006-03-09,38.93,38.990002,38.00,38.00,826100,34.125477
2006-03-08,38.549999,39.009998,38.330002,38.990002,1388700,35.014537
2006-03-07,38.98,39.50,38.619999,38.779999,1154300,34.825946
2006-03-06,39.240002,39.349998,38.759998,39.080002,696600,35.09536
2006-03-03,39.52,39.68,39.09,39.279999,301400,35.274965
2006-03-02,39.279999,39.860001,39.110001,39.759998,1048600,35.706024
2006-03-01,39.189999,39.639999,38.939999,39.639999,964800,35.59826
2006-02-28,39.900002,39.98,39.119999,39.23,1031800,35.230064
2006-02-27,40.119999,40.139999,39.689999,40.00,485800,35.921555
2006-02-24,39.650002,40.029999,39.57,39.98,857800,35.903593
2006-02-23,39.389999,39.689999,39.00,39.630001,745600,35.589281
2006-02-22,39.369999,39.580002,39.09,39.400002,767700,35.382733
2006-02-21,39.59,39.59,38.880001,39.189999,599200,35.194142
2006-02-17,40.029999,40.049999,39.009998,39.450001,631700,35.427634
2006-02-16,39.700001,40.099998,39.419998,40.09,1032400,36.002378
2006-02-15,39.23,39.68,38.990002,39.48,608000,35.454574
2006-02-14,38.419998,39.25,38.060001,39.150002,861700,35.158223
2006-02-13,38.650002,38.709999,38.110001,38.41,888800,34.493673
2006-02-10,38.349998,38.810001,38.200001,38.610001,987400,34.673281
2006-02-09,38.040001,38.950001,37.799999,38.509998,1047600,34.583475
2006-02-08,37.650002,38.200001,37.650002,38.009998,904200,34.134456
2006-02-07,38.00,38.009998,37.470001,37.650002,895700,33.811165
2006-02-06,38.450001,38.509998,37.860001,37.919998,1228800,34.053632
2006-02-03,37.299999,38.099998,37.150002,37.66,1218700,33.820143
2006-02-02,37.139999,37.549999,37.139999,37.549999,1667100,33.721359
2006-02-01,37.50,37.50,36.799999,37.389999,1435900,33.577673
2006-01-31,37.799999,37.84,37.049999,37.59,1956600,33.757281
2006-01-30,36.450001,38.23,36.419998,37.639999,1743100,33.802182
2006-01-27,36.25,36.790001,35.799999,36.150002,2051700,32.464106
2006-01-26,37.50,37.869999,34.00,36.040001,6943800,32.365321
2006-01-25,40.540001,41.740002,40.189999,41.439999,998700,37.214729
2006-01-24,40.240002,40.880001,40.099998,40.32,402700,36.208927
2006-01-23,40.07,40.669998,40.009998,40.200001,485200,36.101163
2006-01-20,40.810001,40.959999,40.07,40.07,422600,35.984417
2006-01-19,40.68,40.900002,40.509998,40.82,406300,36.657946
2006-01-18,40.400002,40.68,40.02,40.599998,514100,36.460377
2006-01-17,40.889999,40.98,40.310001,40.639999,442600,36.496299
2006-01-13,41.419998,41.630001,40.720001,40.860001,761100,36.693869
2006-01-12,42.200001,42.200001,41.389999,41.459999,457800,37.23269
2006-01-11,42.349998,42.84,42.110001,42.299999,796400,37.987043
2006-01-10,40.549999,42.400002,40.400002,42.220001,1323500,37.915202
2006-01-09,41.139999,41.259998,40.490002,40.66,872300,36.51426
2006-01-06,40.900002,41.400002,40.52,40.970001,591400,36.792653
2006-01-05,40.599998,40.599998,40.119999,40.549999,559800,36.415475
2006-01-04,40.82,40.82,40.599998,40.77,338000,36.613045
2006-01-03,41.00,41.110001,40.220001,40.82,886200,36.657946
2005-12-30,40.299999,40.93,40.130001,40.66,373100,36.51426
2005-12-29,40.529999,41.00,40.259998,40.549999,442100,36.415475
2005-12-28,40.73,41.049999,40.700001,40.700001,315700,36.550182
2005-12-27,40.50,41.34,40.50,40.669998,616400,36.523239
2005-12-23,40.200001,40.52,40.200001,40.400002,250200,36.280771
2005-12-22,40.200001,40.57,40.099998,40.299999,621700,36.190966
2005-12-21,40.040001,40.599998,39.98,40.299999,733900,36.190966
2005-12-20,39.799999,40.060001,39.50,39.889999,851800,35.82277
2005-12-19,40.799999,40.889999,39.919998,39.939999,656300,35.867671
2005-12-16,40.830002,40.990002,40.299999,40.400002,820200,36.280771
2005-12-15,41.299999,41.299999,40.549999,40.830002,809000,36.666928
2005-12-14,40.98,41.43,40.849998,41.200001,1073900,36.999202
2005-12-13,41.00,41.150002,40.68,41.00,1048700,36.819593
2005-12-12,41.549999,41.599998,40.419998,40.849998,850100,36.684886
2005-12-09,40.57,41.369999,40.470001,41.279999,677600,37.071043
2005-12-08,40.360001,40.98,40.060001,40.34,883800,36.226888
2005-12-07,40.50,41.50,40.349998,40.360001,1688400,36.244849
2005-12-06,41.810001,42.220001,41.330002,41.470001,642700,37.241673
2005-12-05,41.950001,42.150002,41.41,41.82,983300,37.555985
2005-12-02,42.450001,43.389999,42.029999,42.09,1609400,37.798456
2005-12-01,39.349998,42.299999,39.049999,42.00,1253100,37.717632
2005-11-30,39.799999,39.91,39.279999,39.290001,499900,35.283948
2005-11-29,40.00,40.09,39.599998,39.599998,379000,35.562338
2005-11-28,39.869999,40.209999,39.779999,40.00,575900,35.921555
2005-11-25,40.00,40.02,39.509998,39.73,253500,35.679084
2005-11-23,39.580002,40.139999,39.52,40.00,572600,35.921555
2005-11-22,39.52,39.849998,39.450001,39.59,561200,35.553359
2005-11-21,39.299999,39.959999,39.25,39.77,533700,35.715006
2005-11-18,39.470001,39.700001,39.060001,39.349998,535000,35.337828
2005-11-17,39.16,39.889999,39.16,39.82,496900,35.221085
2005-11-16,39.889999,39.889999,39.110001,39.189999,849200,34.663844
2005-11-15,39.799999,40.139999,39.450001,39.84,855800,35.238776
2005-11-14,39.919998,40.080002,39.75,39.849998,1434000,35.247619
2005-11-11,39.950001,40.150002,39.66,39.919998,549400,35.309534
2005-11-10,39.599998,40.16,39.369999,40.00,481400,35.380297
2005-11-09,39.400002,39.610001,39.029999,39.389999,372400,34.840747
2005-11-08,39.950001,39.950001,39.330002,39.450001,326600,34.893818
2005-11-07,39.27,40.18,39.27,40.060001,418200,35.433368
2005-11-04,39.23,39.259998,38.700001,39.139999,518800,34.61962
2005-11-03,40.419998,40.490002,39.00,39.220001,773700,34.690382
2005-11-02,38.52,40.599998,38.450001,40.25,1058600,35.601424
2005-11-01,38.00,38.939999,38.00,38.75,829900,34.274662
2005-10-31,38.299999,38.66,38.130001,38.130001,878700,33.726269
2005-10-28,36.48,38.709999,35.549999,37.939999,1898400,33.55821
2005-10-27,36.549999,36.599998,35.00,35.09,1191200,31.037365
2005-10-26,37.549999,37.740002,36.75,37.130001,1160200,32.841761
2005-10-25,37.50,38.00,37.18,37.540001,871300,33.204409
2005-10-24,36.860001,37.52,36.75,37.470001,602100,33.142494
2005-10-21,36.75,37.049999,36.099998,36.830002,916500,32.57641
2005-10-20,36.52,37.52,36.32,36.759998,930100,32.514491
2005-10-19,36.549999,36.669998,35.939999,36.509998,560600,32.293364
2005-10-18,36.849998,36.950001,36.32,36.59,691000,32.364127
2005-10-17,36.200001,36.869999,36.060001,36.799999,458700,32.549872
2005-10-14,36.75,36.970001,35.849998,36.16,1217700,31.983788
2005-10-13,37.049999,37.200001,35.919998,36.139999,1614600,31.966098
2005-10-12,37.00,37.25,36.799999,36.950001,761000,32.68255
2005-10-11,37.00,37.240002,36.860001,37.009998,853800,32.735618
2005-10-10,37.299999,37.34,36.91,37.00,672100,32.726774
2005-10-07,37.00,37.32,36.919998,37.139999,786400,32.850605
2005-10-06,36.57,36.77,36.02,36.759998,1122700,32.514491
2005-10-05,37.50,37.509998,36.490002,36.650002,1018300,32.417198
2005-10-04,38.099998,38.669998,37.950001,37.970001,899200,33.584748
2005-10-03,37.57,38.290001,37.349998,38.110001,1173700,33.708578
2005-09-30,37.290001,38.009998,37.119999,37.73,742400,33.372464
2005-09-29,37.490002,37.619999,36.400002,37.240002,1893800,32.939058
2005-09-28,38.299999,38.549999,37.59,37.59,1285300,33.248634
2005-09-27,38.75,38.98,38.189999,38.25,2163600,33.832409
2005-09-26,38.540001,38.75,37.900002,38.689999,1406800,34.221591
2005-09-23,37.48,38.48,37.48,38.41,1295300,33.97393
2005-09-22,37.32,37.740002,37.279999,37.48,1391000,33.151338
2005-09-21,37.049999,37.93,37.049999,37.32,2195000,33.009817
2005-09-20,40.060001,40.77,36.650002,36.98,6046100,32.709084
2005-09-19,43.700001,43.77,42.150002,42.50,734100,37.591565
2005-09-16,43.360001,43.900002,43.299999,43.849998,687100,38.785649
2005-09-15,43.549999,43.59,43.09,43.220001,358000,38.228412
2005-09-14,44.290001,44.290001,43.50,43.599998,501900,38.564522
2005-09-13,44.00,44.389999,43.50,44.16,584100,39.059847
2005-09-12,44.900002,44.959999,44.52,44.669998,441100,39.510945
2005-09-09,44.599998,44.610001,44.25,44.450001,302900,39.316355
2005-09-08,44.799999,44.990002,44.43,44.509998,653900,39.369424
2005-09-07,43.700001,44.450001,43.619999,44.43,893500,39.298665
2005-09-06,43.490002,43.560001,43.259998,43.32,566500,38.316861
2005-09-02,42.900002,43.330002,42.830002,42.990002,591800,38.024975
2005-09-01,43.599998,44.360001,42.970001,43.00,1093000,38.033819
2005-08-31,43.41,44.150002,43.349998,44.00,661400,38.918326
2005-08-30,43.919998,44.200001,42.91,43.299999,1426700,38.299171
2005-08-29,43.50,44.099998,42.799999,43.91,1908900,38.838721
2005-08-26,42.25,42.50,42.009998,42.25,342000,37.370438
2005-08-25,42.389999,42.580002,42.220001,42.32,266200,37.432354
2005-08-24,42.360001,42.740002,42.169998,42.220001,635000,37.343904
2005-08-23,42.50,42.630001,42.380001,42.400002,678700,37.503116
2005-08-22,43.400002,43.459999,42.349998,42.450001,1034000,37.547341
2005-08-19,43.709999,43.970001,43.349998,43.349998,642900,38.343395
2005-08-18,44.029999,44.110001,43.540001,43.700001,667400,38.652975
2005-08-17,44.349998,44.639999,44.00,44.369999,462100,39.245593
2005-08-16,45.459999,45.540001,44.59,44.759998,513600,39.590551
2005-08-15,45.049999,46.00,44.91,45.720001,323400,40.43968
2005-08-12,45.279999,45.389999,44.619999,45.110001,309400,39.90013
2005-08-11,45.610001,45.860001,45.220001,45.529999,341300,40.271622
2005-08-10,45.650002,46.290001,45.419998,45.66,455300,40.386609
2005-08-09,44.900002,45.599998,44.900002,45.220001,581700,39.997427
2005-08-08,44.959999,45.150002,44.77,44.82,478700,39.643622
2005-08-05,46.130001,46.25,44.889999,44.959999,594700,39.767453
2005-08-04,46.049999,46.330002,45.779999,46.119999,666900,40.793481
2005-08-03,46.639999,46.73,45.610001,45.93,445600,40.625426
2005-08-02,46.48,46.880001,46.349998,46.630001,439300,41.244582
2005-08-01,46.669998,46.869999,46.34,46.389999,407300,41.032299
2005-07-29,45.950001,46.970001,45.810001,46.560001,614600,41.182667
2005-07-28,46.599998,46.900002,45.950001,46.380001,677600,41.023455
2005-07-27,45.900002,47.09,45.099998,46.650002,1069900,41.262272
2005-07-26,45.669998,46.09,45.380001,45.900002,697400,40.598892
2005-07-25,45.299999,46.200001,45.299999,45.740002,716100,40.457371
2005-07-22,46.700001,46.700001,45.849998,46.32,761700,40.970383
2005-07-21,45.23,47.75,45.23,46.700001,1944400,41.306497
2005-07-20,44.439999,44.59,44.009998,44.43,632500,39.298665
2005-07-19,44.25,44.549999,44.220001,44.439999,790700,39.307508
2005-07-18,44.119999,44.290001,43.849998,44.150002,703400,39.051004
2005-07-15,43.349998,44.119999,43.349998,44.099998,1103700,39.006776
2005-07-14,42.400002,43.669998,42.349998,43.450001,1439400,38.431848
2005-07-13,41.650002,42.23,41.650002,41.849998,825200,37.016634
2005-07-12,41.799999,41.990002,41.599998,41.700001,731100,36.88396
2005-07-11,41.580002,42.189999,41.52,41.849998,898800,37.016634
2005-07-08,41.200001,41.610001,41.110001,41.48,1172400,36.689367
2005-07-07,41.25,41.349998,41.099998,41.189999,2160700,36.432859
2005-07-06,44.00,44.00,41.470001,41.540001,2124600,36.742439
2005-07-05,43.889999,44.450001,43.450001,44.09,452200,38.997932
2005-07-01,43.900002,44.189999,43.43,44.189999,382100,39.086382
2005-06-30,43.82,43.919998,43.189999,43.32,529200,38.316861
2005-06-29,44.549999,44.59,43.490002,43.669998,442300,38.626437
2005-06-28,43.75,44.959999,43.66,44.48,651400,39.34289
2005-06-27,43.349998,43.669998,43.23,43.580002,381800,38.546835
2005-06-24,44.00,44.099998,42.919998,43.27,680900,38.272636
2005-06-23,44.48,44.799999,43.950001,44.09,744700,38.997932
2005-06-22,44.549999,44.900002,44.330002,44.610001,651400,39.457876
2005-06-21,43.349998,44.709999,42.970001,44.41,921500,39.280974
2005-06-20,43.150002,43.380001,42.82,43.209999,515000,38.219565
2005-06-17,43.00,43.509998,42.919998,43.34,1265500,38.334552
2005-06-16,43.009998,43.48,42.950001,43.240002,601000,38.246102
2005-06-15,43.25,43.639999,42.790001,42.900002,737300,37.94537
2005-06-14,43.330002,43.41,42.959999,43.07,622200,38.095734
2005-06-13,43.50,43.75,43.09,43.360001,428000,38.352242
2005-06-10,43.900002,44.009998,43.50,43.709999,707500,38.661818
2005-06-09,43.889999,44.200001,43.509998,44.130001,530800,39.033313
2005-06-08,44.689999,44.889999,43.700001,43.91,505000,38.838721
2005-06-07,43.650002,44.700001,43.580002,44.549999,889200,39.404805
2005-06-06,43.799999,44.110001,43.25,43.77,443200,38.71489
2005-06-03,44.650002,44.900002,43.59,43.630001,492000,38.59106
2005-06-02,43.900002,44.720001,43.470001,44.630001,550500,39.475567
2005-06-01,43.02,44.220001,42.580002,43.830002,794500,38.767962
2005-05-31,43.139999,43.450001,42.52,43.040001,756200,38.0692
2005-05-27,43.029999,43.299999,42.810001,43.150002,261800,38.166496
2005-05-26,43.00,43.16,42.740002,42.98,527400,38.016128
2005-05-25,43.990002,43.990002,42.720001,42.77,711100,37.830383
2005-05-24,44.290001,44.490002,43.75,44.240002,382600,39.13061
2005-05-23,43.799999,44.709999,43.689999,44.459999,498300,39.325199
2005-05-20,43.950001,43.959999,43.07,43.50,576500,38.476073
2005-05-19,44.50,44.799999,44.00,44.279999,307000,39.165987
2005-05-18,43.400002,44.779999,43.349998,44.599998,579400,39.449029
2005-05-17,42.34,43.400002,42.150002,43.330002,622700,38.325708
2005-05-16,41.599998,42.419998,41.400002,42.34,449700,37.450044
2005-05-13,42.450001,42.759998,41.279999,41.630001,566600,36.822045
2005-05-12,42.869999,43.09,42.41,42.459999,732300,37.556184
2005-05-11,42.669998,42.990002,42.209999,42.849998,407400,37.901141
2005-05-10,43.099998,43.27,42.549999,42.669998,631100,37.74193
2005-05-09,43.650002,43.720001,43.220001,43.529999,420900,38.502607
2005-05-06,43.470001,43.68,43.25,43.59,499900,38.555678
2005-05-05,43.32,43.619999,43.099998,43.389999,681100,38.378776
2005-05-04,43.900002,43.900002,42.630001,43.310001,898700,38.308017
2005-05-03,41.50,43.009998,41.50,42.650002,1001900,37.724243
2005-05-02,42.00,42.599998,41.759998,41.900002,582700,37.060862
2005-04-29,42.259998,42.73,41.830002,42.00,950100,37.149312
2005-04-28,42.00,42.869999,41.939999,42.110001,1984500,37.246608
2005-04-27,41.91,42.25,40.84,42.080002,2143200,37.220074
2005-04-26,45.00,45.00,40.799999,41.900002,2803800,37.060862
2005-04-25,43.299999,43.849998,43.029999,43.650002,716400,38.60875
2005-04-22,43.990002,43.990002,42.900002,43.119999,780300,38.139959
2005-04-21,43.049999,43.880001,42.84,43.849998,611100,38.785649
2005-04-20,44.00,44.939999,42.57,42.599998,726300,37.680015
2005-04-19,43.099998,44.150002,42.990002,44.00,695900,38.918326
2005-04-18,43.02,43.310001,42.77,43.049999,898700,38.078044
2005-04-15,44.540001,44.549999,42.73,42.82,1748000,37.874607
2005-04-14,45.25,45.27,44.330002,44.73,2077700,39.564016
2005-04-13,46.82,46.82,44.950001,45.139999,2648600,39.926664
2005-04-12,46.75,46.91,46.259998,46.900002,2384100,41.483399
2005-04-11,48.950001,49.040001,48.25,48.950001,362000,43.296639
2005-04-08,49.450001,49.59,48.619999,49.060001,731100,43.393935
2005-04-07,49.049999,49.77,48.849998,49.50,1057400,43.783117
2005-04-06,47.50,49.299999,47.400002,49.139999,1436400,43.464694
2005-04-05,46.669998,47.18,46.66,47.18,413000,41.73106
2005-04-04,47.220001,47.220001,46.330002,46.66,583500,41.271116
2005-04-01,47.00,47.400002,46.810001,47.220001,953300,41.766441
2005-03-31,46.00,47.330002,45.860001,46.849998,888000,41.439171
2005-03-30,45.099998,46.060001,45.099998,45.860001,341400,40.563511
2005-03-29,45.889999,46.290001,45.02,45.060001,360500,39.855905
2005-03-28,45.98,46.220001,45.720001,45.900002,326900,40.598892
2005-03-24,45.299999,46.369999,45.209999,46.049999,349300,40.731566
2005-03-23,45.66,45.68,44.84,45.299999,952800,40.068185
2005-03-22,46.360001,46.73,45.639999,45.639999,618800,40.368918
2005-03-21,46.59,46.700001,45.959999,46.25,574800,40.908468
2005-03-18,47.349998,47.490002,46.189999,46.450001,1429600,41.08537
2005-03-17,47.689999,47.700001,47.16,47.330002,827800,41.863738
2005-03-16,47.610001,47.740002,47.32,47.560001,635000,42.067174
2005-03-15,46.830002,47.919998,46.560001,47.599998,844100,42.102552
2005-03-14,45.950001,46.639999,45.889999,46.630001,362800,41.244582
2005-03-11,46.00,46.310001,45.380001,45.73,452900,40.448524
2005-03-10,46.459999,46.540001,45.389999,45.900002,629300,40.598892
2005-03-09,47.25,47.25,46.360001,46.439999,834600,41.076523
2005-03-08,47.450001,47.700001,47.150002,47.25,549100,41.792975
2005-03-07,47.860001,47.93,46.50,47.32,718000,41.854891
2005-03-04,47.080002,47.91,47.049999,47.860001,541000,42.332526
2005-03-03,47.00,47.029999,46.360001,46.959999,445400,41.536468
2005-03-02,46.860001,46.959999,46.48,46.959999,884500,41.536468
2005-03-01,46.75,46.91,46.189999,46.880001,539300,41.465709
2005-02-28,46.84,47.029999,46.23,46.639999,608800,41.253425
2005-02-25,46.75,47.00,46.189999,46.720001,568300,41.324188
2005-02-24,47.150002,47.150002,46.119999,47.00,540300,41.571849
2005-02-23,47.00,47.02,46.27,46.950001,765400,41.527624
2005-02-22,47.00,48.400002,46.529999,46.57,1416500,41.19151
2005-02-18,45.98,46.93,45.900002,45.939999,1490800,40.63427
2005-02-17,43.959999,45.84,43.84,45.82,1595000,40.52813
2005-02-16,44.00,44.02,43.299999,43.939999,645500,38.865255
2005-02-15,43.93,44.130001,43.720001,44.049999,840900,38.962551
2005-02-14,44.599998,44.75,43.900002,43.950001,1594400,38.874102
2005-02-11,45.869999,46.09,45.23,45.630001,653700,40.360074
2005-02-10,45.110001,46.00,45.07,45.869999,856400,40.572354
2005-02-09,46.700001,46.900002,45.00,45.00,869500,39.802834
2005-02-08,47.27,47.330002,46.509998,46.509998,585500,41.138439
2005-02-07,47.080002,47.50,47.00,47.150002,870000,41.704526
2005-02-04,46.540001,47.080002,46.040001,47.080002,832900,41.642611
2005-02-03,45.970001,46.529999,45.860001,46.509998,806200,41.138439
2005-02-02,46.50,46.59,45.470001,45.950001,1172700,40.643117
2005-02-01,46.119999,46.599998,46.119999,46.400002,1255400,41.041146
2005-01-31,45.16,46.25,44.740002,46.119999,1149300,40.793481
2005-01-28,45.00,45.049999,44.34,45.049999,1053800,39.847058
2005-01-27,44.900002,45.650002,44.16,45.00,3163000,39.802834
2005-01-26,47.799999,48.349998,47.610001,47.75,869100,42.235229
2005-01-25,47.799999,48.32,47.540001,47.740002,542700,42.226386
2005-01-24,48.049999,48.150002,47.689999,47.73,652600,42.217539
2005-01-21,48.209999,48.419998,47.75,47.900002,822000,42.367907
2005-01-20,47.919998,48.450001,47.91,48.110001,896900,42.553652
2005-01-19,48.599998,48.689999,47.610001,47.700001,324800,42.191004
2005-01-18,47.00,48.599998,46.830002,48.529999,444100,42.925144
2005-01-14,46.970001,47.619999,46.959999,47.450001,332000,41.969878
2005-01-13,47.25,47.610001,46.779999,46.959999,356300,41.536468
2005-01-12,47.41,47.59,46.810001,47.380001,438500,41.907962
2005-01-11,48.18,48.23,47.060001,47.310001,626700,41.846047
2005-01-10,46.950001,48.32,46.93,48.16,756200,42.597877
2005-01-07,48.00,48.040001,46.950001,47.099998,683200,41.660298
2005-01-06,47.849998,47.880001,47.18,47.700001,674200,42.191004
2005-01-05,48.299999,48.619999,47.779999,47.900002,704900,42.367907
2005-01-04,48.700001,49.18,47.93,48.189999,577500,42.624411
2005-01-03,49.50,49.759998,48.400002,48.57,876700,42.960525
2004-12-31,49.400002,49.610001,49.189999,49.50,366400,43.783117
2004-12-30,49.580002,49.580002,48.84,49.400002,386700,43.694668
2004-12-29,49.34,49.689999,49.009998,49.580002,267200,43.853879
2004-12-28,48.349998,49.389999,48.349998,49.349998,388300,43.65044
2004-12-27,49.490002,49.490002,48.419998,48.48,544900,42.880919
2004-12-23,48.869999,49.689999,48.75,49.549999,562600,43.827342
2004-12-22,48.009998,48.880001,48.009998,48.880001,728400,43.234724
2004-12-21,47.400002,48.060001,47.130001,48.009998,650800,42.4652
2004-12-20,47.189999,47.560001,46.849998,47.220001,604900,41.766441
2004-12-17,47.400002,47.799999,46.919998,47.110001,1058000,41.669145
2004-12-16,48.950001,49.080002,47.599998,48.040001,913500,42.491737
2004-12-15,48.25,48.389999,47.27,47.57,628600,42.076018
2004-12-14,47.869999,48.439999,47.650002,48.299999,696600,42.721708
2004-12-13,48.00,48.060001,47.049999,47.900002,597900,42.367907
2004-12-10,49.650002,49.650002,47.419998,47.650002,846200,42.14678
2004-12-09,48.75,48.919998,48.400002,48.790001,535500,43.155118
2004-12-08,48.540001,49.07,48.52,48.830002,380400,43.190499
2004-12-07,49.200001,49.299999,48.509998,48.540001,475300,42.933991
2004-12-06,49.450001,49.52,48.889999,49.27,510500,43.579681
2004-12-03,49.110001,49.619999,49.040001,49.299999,403400,43.606215
2004-12-02,49.709999,49.709999,49.009998,49.240002,1076000,43.553147
2004-12-01,48.75,49.709999,48.75,49.709999,492100,43.968863
2004-11-30,48.549999,49.060001,48.490002,48.82,558900,43.181652
2004-11-29,49.389999,49.389999,48.419998,48.57,407700,42.960525
2004-11-26,49.25,49.450001,48.810001,49.34,208100,43.641596
2004-11-24,47.950001,49.110001,47.880001,49.09,781500,43.420469
2004-11-23,47.400002,47.990002,47.400002,47.950001,708900,42.412131
2004-11-22,47.029999,47.380001,47.009998,47.25,644900,41.792975
2004-11-19,47.900002,48.049999,46.73,47.02,936900,41.589539
2004-11-18,48.049999,48.169998,47.389999,47.689999,506200,42.182158
2004-11-17,48.900002,49.34,48.349998,48.50,438300,42.367906
2004-11-16,49.349998,49.349998,48.630001,48.630001,458300,42.481471
2004-11-15,49.849998,49.849998,49.099998,49.380001,486500,43.136644
2004-11-12,48.419998,49.810001,48.060001,49.810001,735600,43.512278
2004-11-11,47.950001,48.490002,47.919998,48.369999,232900,42.254342
2004-11-10,47.950001,48.240002,47.400002,47.810001,596500,41.765148
2004-11-09,48.00,48.240002,47.75,47.900002,594600,41.843769
2004-11-08,48.400002,48.400002,47.599998,47.869999,468800,41.817559
2004-11-05,48.00,48.84,47.73,47.939999,654600,41.878709
2004-11-04,46.259998,47.98,46.049999,47.91,712000,41.852503
2004-11-03,46.560001,46.75,45.869999,46.150002,873900,40.31503
2004-11-02,46.00,46.959999,45.919998,46.560001,517500,40.673191
2004-11-01,46.779999,46.779999,45.900002,46.09,916400,40.262615
2004-10-29,47.00,47.299999,46.669998,46.919998,604700,40.987672
2004-10-28,47.50,47.509998,46.299999,47.00,1327800,41.057559
2004-10-27,47.529999,48.599998,47.240002,48.27,1165400,42.166987
2004-10-26,46.150002,47.610001,45.990002,47.529999,1138800,41.520547
2004-10-25,45.299999,45.950001,45.110001,45.860001,445500,40.061695
2004-10-22,46.450001,46.82,45.450001,45.57,517400,39.80836
2004-10-21,45.950001,46.700001,45.75,46.619999,583100,40.725603
2004-10-20,45.240002,45.830002,44.799999,45.830002,638400,40.035489
2004-10-19,45.68,46.00,45.25,45.439999,614400,39.694796
2004-10-18,45.650002,45.849998,45.099998,45.459999,460800,39.712268
2004-10-15,44.939999,45.759998,44.93,45.700001,552900,39.921925
2004-10-14,44.93,45.110001,44.639999,44.689999,560300,39.039622
2004-10-13,45.380001,45.799999,44.779999,44.93,653700,39.249279
2004-10-12,45.299999,45.360001,44.860001,45.27,475100,39.546291
2004-10-11,45.400002,45.610001,45.139999,45.380001,831800,39.642384
2004-10-08,46.369999,46.400002,45.150002,45.25,889100,39.52882
2004-10-07,46.400002,46.810001,46.27,46.380001,856600,40.515949
2004-10-06,45.880001,46.419998,45.849998,46.200001,643800,40.358707
2004-10-05,46.32,46.32,45.57,45.799999,661200,40.00928
2004-10-04,46.439999,46.93,46.240002,46.369999,575500,40.507212
2004-10-01,45.759998,46.200001,45.610001,46.200001,727400,40.358707
2004-09-30,44.759998,45.900002,44.75,45.759998,784000,39.974336
2004-09-29,44.369999,45.299999,44.200001,45.189999,1172500,39.476405
2004-09-28,43.950001,44.110001,43.490002,43.950001,935100,38.393186
2004-09-27,43.599998,43.639999,43.09,43.110001,591200,37.659391
2004-09-24,43.439999,43.66,43.439999,43.599998,356700,38.087436
2004-09-23,43.200001,43.540001,43.07,43.439999,808900,37.947666
2004-09-22,43.099998,43.240002,42.830002,43.060001,635400,37.615713
2004-09-21,42.389999,43.189999,42.389999,43.18,839700,37.72054
2004-09-20,42.099998,42.439999,42.040001,42.310001,340700,36.96054
2004-09-17,42.00,42.400002,42.00,42.130001,347200,36.803298
2004-09-16,41.57,41.959999,41.540001,41.950001,263200,36.646056
2004-09-15,42.25,42.299999,41.209999,41.57,405700,36.3141
2004-09-14,41.849998,42.380001,41.790001,42.18,713600,36.846975
2004-09-13,41.369999,41.880001,41.23,41.849998,497400,36.558697
2004-09-10,40.849998,41.419998,40.549999,41.369999,505600,36.139386
2004-09-09,40.900002,41.369999,40.50,40.77,1242500,35.615249
2004-09-08,41.400002,41.52,41.029999,41.049999,804100,35.859846
2004-09-07,39.169998,41.549999,39.150002,41.439999,2003400,36.200536
2004-09-03,39.099998,39.240002,39.049999,39.16,382000,34.208808
2004-09-02,39.130001,39.380001,38.959999,39.110001,645100,34.165131
2004-09-01,39.200001,39.779999,39.029999,39.130001,810200,34.182602
2004-08-31,39.150002,39.41,39.040001,39.310001,949400,34.339844
2004-08-30,38.950001,39.290001,38.720001,39.209999,342000,34.252486
2004-08-27,38.919998,39.080002,38.73,38.900002,229200,33.981683
2004-08-26,38.75,39.970001,38.540001,38.82,496200,33.911796
2004-08-25,38.549999,38.669998,37.959999,38.529999,548400,33.658461
2004-08-24,39.299999,39.810001,38.25,38.34,819900,33.492485
2004-08-23,39.169998,39.599998,39.009998,39.189999,312400,34.235014
2004-08-20,38.509998,38.959999,38.279999,38.919998,367500,33.999151
2004-08-19,38.650002,38.869999,38.25,38.509998,324600,33.64099
2004-08-18,38.07,39.00,38.040001,38.939999,615600,34.016623
2004-08-17,37.650002,38.23,37.59,37.82,435300,33.038231
2004-08-16,36.700001,37.849998,36.630001,37.799999,649400,33.020759
2004-08-13,37.110001,37.200001,36.509998,36.540001,531300,31.920069
2004-08-12,37.50,37.549999,36.91,37.110001,562900,32.418001
2004-08-11,37.599998,37.810001,37.080002,37.57,479100,32.81984
2004-08-10,36.799999,37.869999,36.799999,37.849998,517000,33.064437
2004-08-09,36.50,37.080002,36.50,36.669998,338600,32.03363
2004-08-06,36.849998,36.849998,36.240002,36.310001,878300,31.719149
2004-08-05,38.599998,38.650002,36.830002,36.84,1069400,32.182138
2004-08-04,38.349998,39.040001,37.779999,38.790001,558700,33.88559
2004-08-03,39.00,39.450001,38.349998,38.349998,703200,33.501219
2004-08-02,39.029999,39.330002,38.50,39.310001,608100,34.339844
2004-07-30,38.580002,39.029999,38.349998,39.029999,552500,34.095244
2004-07-29,36.299999,38.950001,35.75,38.68,2752800,33.789497
2004-07-28,34.75,35.029999,34.73,34.939999,1688700,30.522363
2004-07-27,34.849998,34.869999,34.549999,34.700001,707900,30.312709
2004-07-26,35.099998,35.330002,34.66,34.860001,549100,30.452479
2004-07-23,35.200001,35.349998,34.509998,34.849998,608000,30.443742
2004-07-22,35.700001,35.93,34.75,35.549999,1075200,31.055238
2004-07-21,36.50,36.810001,35.82,35.91,638700,31.369722
2004-07-20,35.880001,36.25,35.41,36.25,861500,31.666734
2004-07-19,36.709999,36.720001,35.720001,35.779999,929500,31.256157
2004-07-16,37.32,37.400002,36.580002,36.619999,1334300,31.989952
2004-07-15,37.52,37.700001,37.18,37.23,591300,32.522827
2004-07-14,37.400002,37.880001,37.25,37.419998,824000,32.688804
2004-07-13,36.900002,37.490002,36.900002,37.279999,1322400,32.566505
2004-07-12,36.950001,37.00,36.639999,36.75,583700,32.103517
2004-07-09,36.700001,37.16,36.700001,36.900002,639000,32.234553
2004-07-08,37.84,37.84,36.68,36.700001,1029300,32.059839
2004-07-07,38.00,38.439999,37.549999,37.84,703300,33.055703
2004-07-06,38.939999,39.049999,37.91,37.91,714800,33.116852
2004-07-02,39.299999,39.299999,38.549999,38.900002,533600,33.981683
2004-07-01,40.450001,40.450001,39.200001,39.200001,1249300,34.243752
2004-06-30,40.360001,40.889999,40.139999,40.799999,367000,35.641455
2004-06-29,40.099998,40.59,40.099998,40.310001,404100,35.213409
2004-06-28,40.380001,40.68,39.900002,40.099998,634900,35.029958
2004-06-25,39.91,40.349998,39.91,40.130001,689600,35.056168
2004-06-24,40.50,40.50,39.810001,39.889999,848400,34.84651
2004-06-23,40.599998,40.849998,40.509998,40.599998,511200,35.466741
2004-06-22,41.029999,41.029999,40.220001,40.689999,529400,35.545362
2004-06-21,41.099998,41.419998,41.040001,41.040001,240700,35.851112
2004-06-18,41.650002,41.740002,41.290001,41.330002,629800,36.104446
2004-06-17,41.299999,41.880001,41.00,41.810001,648300,36.523757
2004-06-16,41.209999,41.450001,41.110001,41.290001,426400,36.069503
2004-06-15,40.849998,41.290001,40.759998,41.200001,690800,35.990882
2004-06-14,40.82,40.889999,40.619999,40.849998,472900,35.685132
2004-06-10,40.700001,40.830002,40.41,40.82,603800,35.658926
2004-06-09,40.900002,40.970001,40.73,40.790001,374500,35.63272
2004-06-08,41.099998,41.16,40.689999,40.900002,513200,35.728813
2004-06-07,40.200001,41.049999,40.139999,41.049999,500200,35.859846
2004-06-04,39.849998,40.040001,39.639999,39.950001,322800,34.898926
2004-06-03,40.400002,40.400002,39.639999,39.639999,660500,34.628119
2004-06-02,40.119999,40.810001,39.939999,40.52,1094800,35.396857
2004-06-01,40.50,40.50,39.880001,40.080002,1068000,35.01249
2004-05-28,40.419998,40.759998,40.209999,40.50,1428200,35.379386
2004-05-27,41.150002,41.16,40.16,40.419998,1008700,35.309499
2004-05-26,40.66,41.700001,40.59,41.400002,1047600,36.165596
2004-05-25,40.049999,40.700001,39.849998,40.610001,1050300,35.475478
2004-05-24,39.669998,40.119999,39.450001,39.990002,817400,34.933869
2004-05-21,40.00,40.279999,39.509998,39.57,646700,34.56697
2004-05-20,39.869999,40.169998,39.639999,39.880001,521300,34.837776
2004-05-19,39.450001,40.84,39.450001,39.900002,957700,34.855248
2004-05-18,38.700001,39.369999,38.57,39.279999,317900,34.313635
2004-05-17,39.549999,39.560001,38.200001,38.470001,947100,33.60605
2004-05-14,39.52,39.779999,39.200001,39.68,526800,34.663063
2004-05-13,39.150002,39.939999,39.150002,39.509998,1301600,34.514555
2004-05-12,39.400002,39.84,38.240002,39.810001,1425000,34.776627
2004-05-11,38.650002,39.389999,38.650002,39.330002,647800,34.357316
2004-05-10,38.700001,38.900002,38.139999,38.400002,1520900,33.5449
2004-05-07,40.93,40.950001,39.400002,39.400002,744000,34.418465
2004-05-06,41.990002,41.990002,40.799999,40.970001,555500,35.789962
2004-05-05,41.599998,42.150002,41.25,42.080002,513800,36.75962
2004-05-04,41.299999,42.00,41.209999,41.700001,683700,36.427664
2004-05-03,41.00,41.50,40.799999,41.50,611000,36.252951
2004-04-30,41.200001,41.529999,40.900002,41.110001,608900,35.912261
2004-04-29,41.799999,42.080002,41.16,41.50,967800,36.252951
2004-04-28,41.450001,42.080002,41.400002,42.009998,1064500,36.698467
2004-04-27,42.950001,42.950001,41.470001,41.700001,1110300,36.427664
2004-04-26,43.200001,43.400002,42.849998,42.939999,461500,37.510883
2004-04-23,43.400002,43.43,42.82,43.00,558900,37.563298
2004-04-22,43.400002,43.630001,43.099998,43.25,840000,37.78169
2004-04-21,42.700001,43.470001,42.669998,43.470001,920900,37.973875
2004-04-20,43.50,44.50,42.349998,42.48,1816300,37.109044
2004-04-19,42.75,42.75,42.27,42.450001,707700,37.082838
2004-04-16,42.00,42.599998,41.75,42.549999,717400,37.170193
2004-04-15,41.599998,42.099998,41.400002,41.939999,1019200,36.637318
2004-04-14,41.00,41.599998,40.77,41.599998,811300,36.340306
2004-04-13,41.75,42.16,41.080002,41.080002,829900,35.886055
2004-04-12,41.119999,41.900002,41.119999,41.84,298000,36.549963
2004-04-08,41.950001,42.099998,40.799999,41.119999,379700,35.920995
2004-04-07,41.93,41.93,41.23,41.740002,427700,36.462608
2004-04-06,42.00,42.450001,41.759998,41.889999,765700,36.593641
2004-04-05,41.450001,42.00,41.380001,42.00,565900,36.689733
2004-04-02,40.00,41.470001,40.00,41.450001,898400,36.209273
2004-04-01,40.75,40.759998,39.82,39.959999,611500,34.90766
2004-03-31,40.150002,40.880001,40.049999,40.830002,443500,35.667664
2004-03-30,39.900002,40.209999,39.619999,40.169998,369400,35.091108
2004-03-29,39.50,40.259998,39.450001,40.110001,487600,35.038696
2004-03-26,39.09,39.700001,38.900002,39.290001,552200,34.322373
2004-03-25,38.799999,39.18,38.349998,39.080002,589200,34.138925
2004-03-24,38.59,39.00,38.509998,38.700001,681600,33.806969
2004-03-23,39.099998,39.099998,38.380001,38.580002,586700,33.702142
2004-03-22,39.25,39.25,38.380001,38.73,742600,33.833175
2004-03-19,39.900002,40.200001,39.450001,39.459999,804000,34.470877
2004-03-18,40.00,40.07,39.830002,39.970001,623100,34.916397
2004-03-17,40.060001,40.189999,39.75,40.099998,1000900,35.029958
2004-03-16,39.98,40.240002,39.619999,39.959999,880800,34.90766
2004-03-15,40.349998,40.639999,39.599998,39.93,972500,34.881454
2004-03-12,39.330002,40.349998,39.18,40.349998,746900,35.24835
2004-03-11,40.599998,40.650002,39.119999,39.32,1417200,34.348579
2004-03-10,41.200001,41.459999,40.860001,41.139999,859900,35.938467
2004-03-09,41.349998,41.849998,41.130001,41.299999,1342100,36.078237
2004-03-08,39.799999,40.59,39.650002,40.290001,877100,35.195938
2004-03-05,39.00,39.790001,39.00,39.330002,642000,34.357316
2004-03-04,39.900002,39.91,39.110001,39.490002,413600,34.497086
2004-03-03,39.950001,39.950001,39.400002,39.68,534900,34.663063
2004-03-02,39.50,39.959999,39.450001,39.82,620500,34.785361
2004-03-01,39.200001,39.459999,38.610001,39.450001,891900,34.462143
2004-02-27,38.450001,39.639999,38.400002,39.360001,1368000,34.383522
2004-02-26,38.00,38.48,37.509998,38.240002,523700,33.40513
2004-02-25,37.200001,38.080002,37.110001,37.939999,518300,33.143058
2004-02-24,37.25,37.27,36.720001,37.099998,587300,32.409263
2004-02-23,37.93,38.00,37.509998,37.66,335800,32.898461
2004-02-20,38.130001,38.220001,37.630001,37.82,415400,33.038231
2004-02-19,38.299999,38.400002,38.049999,38.130001,833500,33.309037
2004-02-18,38.50,38.599998,38.310001,38.360001,490900,33.509957
2004-02-17,37.450001,38.470001,37.380001,38.130001,912400,33.309037
2004-02-13,37.07,37.400002,36.650002,37.259998,484600,32.549033
2004-02-12,37.549999,37.549999,37.200001,37.200001,357000,32.496622
2004-02-11,36.650002,37.490002,36.650002,37.450001,772600,32.715013
2004-02-10,36.450001,36.650002,36.16,36.650002,767900,32.016161
2004-02-09,35.900002,36.50,35.900002,36.32,594500,31.727883
2004-02-06,35.82,36.00,35.639999,35.98,518400,31.430871
2004-02-05,35.75,35.970001,35.689999,35.799999,885500,31.273629
2004-02-04,35.48,35.970001,35.380001,35.830002,638600,31.299838
2004-02-03,35.18,36.00,35.150002,35.98,466400,31.430871
2004-02-02,35.099998,35.75,35.099998,35.52,700000,31.029032
2004-01-30,34.50,34.970001,34.330002,34.849998,833900,30.443742
2004-01-29,36.450001,36.450001,35.099998,35.400002,866300,30.924205
2004-01-28,36.450001,36.849998,35.490002,35.490002,723700,31.002826
2004-01-27,36.48,36.529999,36.099998,36.50,569600,31.885125
2004-01-26,35.950001,36.389999,35.720001,36.360001,399800,31.762827
2004-01-23,35.950001,36.150002,35.849998,36.080002,497800,31.51823
2004-01-22,36.200001,36.200001,35.549999,36.00,681700,31.448343
2004-01-21,35.200001,36.259998,34.880001,36.259998,483000,31.675468
2004-01-20,35.299999,35.759998,34.799999,35.349998,579200,30.880524
2004-01-16,35.080002,35.900002,34.75,35.549999,1420600,31.055238
2004-01-15,32.700001,34.209999,32.50,34.18,840900,29.858455
2004-01-14,32.349998,32.950001,32.349998,32.700001,361700,28.565579
2004-01-13,31.58,32.369999,31.58,32.290001,606600,28.207417
2004-01-12,31.60,31.90,31.59,31.74,338100,27.726955
2004-01-09,31.50,31.66,31.299999,31.610001,324700,27.613393
2004-01-08,31.35,31.82,31.299999,31.67,317600,27.665806
2004-01-07,31.50,31.59,31.25,31.43,697600,27.456151
2004-01-06,32.00,32.00,31.639999,31.700001,303000,27.692014
2004-01-05,31.91,32.169998,31.82,32.099998,407300,28.041438
2004-01-02,31.90,32.200001,31.889999,31.940001,285100,27.901669
2003-12-31,31.85,32.080002,31.780001,31.83,404000,27.805576
2003-12-30,31.950001,31.950001,31.65,31.93,237500,27.892933
2003-12-29,31.77,31.959999,31.75,31.84,286400,27.814312
2003-12-26,31.58,31.790001,31.52,31.76,72900,27.744427
2003-12-24,31.469999,31.629999,31.200001,31.58,90200,27.587185
2003-12-23,31.690001,31.690001,31.209999,31.40,572500,27.429943
2003-12-22,31.75,31.99,31.60,31.959999,341600,27.919139
2003-12-19,31.60,31.790001,31.32,31.75,994900,27.735691
2003-12-18,30.82,31.530001,30.77,31.530001,459200,27.543508
2003-12-17,30.65,30.82,30.41,30.82,313600,26.923275
2003-12-16,30.540001,30.65,29.92,30.65,731900,26.774769
2003-12-15,30.700001,30.950001,30.610001,30.639999,592200,26.766033
2003-12-12,30.200001,30.549999,30.030001,30.549999,436200,26.687412
2003-12-11,29.790001,30.24,29.790001,30.24,378600,26.416608
2003-12-10,29.75,30.01,29.57,29.620001,621300,25.874998
2003-12-09,30.049999,30.190001,29.82,29.870001,387400,26.09339
2003-12-08,29.700001,30.040001,29.620001,29.99,541700,26.198216
2003-12-05,30.200001,30.34,29.82,29.85,584200,26.075918
2003-12-04,30.25,30.42,30.200001,30.389999,396100,26.547642
2003-12-03,30.00,30.450001,29.90,30.40,589500,26.556378
2003-12-02,30.120001,30.190001,29.90,30.00,291700,26.206952
2003-12-01,30.049999,30.299999,29.950001,30.280001,280900,26.451551
2003-11-28,29.799999,30.07,29.799999,30.049999,194200,26.25063
2003-11-26,29.90,29.90,29.559999,29.76,243900,25.997297
2003-11-25,29.66,29.85,29.559999,29.700001,369500,25.944883
2003-11-24,29.610001,29.780001,29.52,29.709999,357700,25.953618
2003-11-21,29.200001,29.65,29.200001,29.620001,256500,25.874998
2003-11-20,29.450001,29.83,29.25,29.469999,256500,25.307179
2003-11-19,29.549999,29.700001,29.379999,29.58,293400,25.401641
2003-11-18,29.60,29.889999,27.200001,29.459999,222800,25.298591
2003-11-17,30.120001,30.120001,29.309999,29.60,298200,25.418816
2003-11-14,30.35,30.51,30.02,30.120001,319700,25.865364
2003-11-13,30.25,30.65,30.190001,30.35,456300,26.062874
2003-11-12,29.870001,30.450001,29.85,30.40,459900,26.105811
2003-11-11,30.00,30.09,29.799999,29.85,531300,25.633502
2003-11-10,30.50,30.59,30.049999,30.10,563500,25.848188
2003-11-07,30.00,30.75,29.969999,30.51,1044100,26.200273
2003-11-06,29.83,30.120001,29.719999,30.120001,435100,25.865364
2003-11-05,29.75,29.85,29.50,29.84,515900,25.624915
2003-11-04,29.65,29.98,29.450001,29.690001,336000,25.496103
2003-11-03,29.67,29.780001,29.559999,29.700001,237800,25.504691
2003-10-31,29.799999,29.799999,29.40,29.67,359000,25.478928
2003-10-30,29.50,29.639999,29.07,29.620001,678200,25.435992
2003-10-29,29.15,29.530001,29.049999,29.50,552500,25.332942
2003-10-28,28.67,29.389999,25.299999,29.190001,727400,25.066732
2003-10-27,27.74,28.719999,27.74,28.690001,539500,24.63736
2003-10-24,27.799999,28.190001,27.459999,27.73,594000,23.812965
2003-10-23,27.40,27.77,27.049999,27.75,574200,23.83014
2003-10-22,27.65,27.65,27.219999,27.49,304500,23.606867
2003-10-21,27.950001,27.959999,27.690001,27.75,250800,23.83014
2003-10-20,27.50,28.00,27.50,27.790001,329600,23.864491
2003-10-17,27.40,27.60,27.190001,27.32,422100,23.46088
2003-10-16,27.219999,27.629999,27.200001,27.50,569000,23.615454
2003-10-15,27.50,27.620001,27.209999,27.209999,460300,23.366418
2003-10-14,27.469999,27.559999,27.290001,27.450001,269700,23.572518
2003-10-13,27.10,27.48,27.01,27.370001,255000,23.503818
2003-10-10,27.049999,27.280001,26.98,26.98,662000,23.168907
2003-10-09,26.889999,27.34,26.700001,27.00,431200,23.186082
2003-10-08,27.01,27.049999,26.51,26.639999,381500,22.876934
2003-10-07,26.58,27.030001,26.49,27.01,426100,23.19467
2003-10-06,26.60,26.889999,26.60,26.68,201200,22.911284
2003-10-03,26.549999,27.10,26.40,26.75,669300,22.971396
2003-10-02,26.00,26.10,25.860001,25.90,329300,22.241464
2003-10-01,25.60,25.950001,25.459999,25.950001,343500,22.284402
2003-09-30,25.549999,25.82,25.190001,25.68,263900,22.052541
2003-09-29,25.85,25.90,25.459999,25.549999,593100,21.940903
2003-09-26,26.00,26.040001,25.620001,25.629999,408100,22.009603
2003-09-25,26.950001,26.950001,25.940001,25.99,680000,22.318751
2003-09-24,27.51,27.52,26.870001,26.90,559800,23.100208
2003-09-23,27.309999,27.66,27.299999,27.50,350500,23.615454
2003-09-22,27.34,27.440001,27.040001,27.209999,360300,23.366418
2003-09-19,27.450001,27.58,27.299999,27.469999,334300,23.589691
2003-09-18,27.50,27.629999,27.35,27.58,493600,23.684154
2003-09-17,27.860001,27.870001,27.469999,27.48,376300,23.598279
2003-09-16,27.58,27.889999,27.51,27.860001,326800,23.924602
2003-09-15,27.370001,27.530001,27.280001,27.49,311800,23.606867
2003-09-12,27.25,27.360001,26.92,27.33,465100,23.469468
2003-09-11,27.50,27.549999,27.299999,27.43,361800,23.555342
2003-09-10,28.00,28.00,27.09,27.27,686100,23.417943
2003-09-09,28.15,28.15,27.629999,28.040001,670900,24.079177
2003-09-08,28.139999,28.48,27.969999,28.299999,382200,24.302449
2003-09-05,28.00,28.18,27.950001,28.01,516200,24.053414
2003-09-04,27.75,28.00,27.709999,27.98,421900,24.027651
2003-09-03,27.200001,27.940001,27.18,27.83,567300,23.89884
2003-09-02,26.799999,27.10,26.57,27.08,491300,23.254782
2003-08-29,26.42,26.99,26.42,26.98,292600,23.168907
2003-08-28,26.50,26.67,26.190001,26.66,315300,22.894109
2003-08-27,26.620001,26.76,26.34,26.620001,397200,22.85976
2003-08-26,26.959999,27.00,26.26,26.620001,348100,22.85976
2003-08-25,26.98,26.99,26.57,26.959999,273700,23.151732
2003-08-22,27.98,27.98,26.90,26.98,321900,23.168907
2003-08-21,27.85,27.950001,27.65,27.84,459900,23.907427
2003-08-20,27.360001,27.68,27.24,27.620001,391700,23.718504
2003-08-19,26.85,27.360001,26.799999,27.360001,445700,23.495231
2003-08-18,26.42,26.84,26.42,26.76,294500,22.979984
2003-08-15,26.60,26.73,26.299999,26.549999,172800,22.799647
2003-08-14,26.51,26.57,26.24,26.51,670900,22.765298
2003-08-13,26.870001,26.98,26.50,26.51,411000,22.765298
2003-08-12,26.530001,26.870001,26.40,26.870001,215100,23.074446
2003-08-11,26.620001,26.690001,26.18,26.360001,237100,22.636487
2003-08-08,26.620001,26.780001,26.57,26.780001,258100,22.997159
2003-08-07,26.370001,26.60,26.25,26.60,357100,22.842585
2003-08-06,26.50,26.51,26.17,26.290001,482700,22.576375
2003-08-05,26.92,27.129999,26.60,26.700001,590000,22.92846
2003-08-04,26.889999,27.049999,26.68,27.00,369700,23.186082
2003-08-01,26.85,27.00,26.799999,26.889999,353900,23.09162
2003-07-31,26.799999,27.07,26.60,26.950001,728200,23.143146
2003-07-30,26.68,26.90,26.66,26.700001,499700,22.92846
2003-07-29,26.700001,26.76,26.299999,26.67,529000,22.902697
2003-07-28,26.700001,26.82,26.40,26.60,477400,22.842585
2003-07-25,26.40,27.00,26.40,26.799999,706500,23.014333
2003-07-24,25.85,26.549999,25.74,26.32,1083600,22.602136
2003-07-23,24.959999,25.40,24.75,25.389999,544400,21.803504
2003-07-22,24.52,25.27,24.50,24.959999,712400,21.434244
2003-07-21,24.60,24.60,24.40,24.440001,535700,20.987699
2003-07-18,24.50,24.74,24.41,24.73,559700,21.236733
2003-07-17,24.440001,24.690001,24.35,24.450001,631500,20.996286
2003-07-16,24.549999,24.68,24.200001,24.559999,501500,21.090747
2003-07-15,24.74,24.84,24.35,24.35,461000,20.910412
2003-07-14,24.719999,24.98,24.450001,24.65,615200,21.168034
2003-07-11,24.700001,24.92,24.559999,24.65,543300,21.168034
2003-07-10,24.799999,24.799999,24.370001,24.450001,717000,20.996286
2003-07-09,25.25,25.35,24.91,24.92,684500,21.399895
2003-07-08,25.469999,25.469999,25.040001,25.25,954900,21.683281
2003-07-07,25.24,25.610001,25.219999,25.309999,626100,21.734805
2003-07-03,25.299999,25.34,25.07,25.15,176100,21.597406
2003-07-02,25.139999,25.540001,25.07,25.450001,372500,21.85503
2003-07-01,24.950001,25.15,24.65,25.139999,461700,21.588818
2003-06-30,24.99,25.18,24.82,25.02,299700,21.48577
2003-06-27,25.059999,25.35,24.870001,24.98,293800,21.451419
2003-06-26,24.790001,25.08,24.51,25.059999,819100,21.520119
2003-06-25,25.450001,25.459999,24.82,24.870001,410400,21.356959
2003-06-24,25.559999,25.690001,25.209999,25.360001,457100,21.777743
2003-06-23,26.00,26.01,25.50,25.59,572600,21.975254
2003-06-20,26.25,26.40,25.92,26.01,601400,22.335926
2003-06-19,26.309999,26.40,25.90,25.90,445700,22.241464
2003-06-18,26.15,26.530001,25.92,26.41,943500,22.679423
2003-06-17,25.75,26.32,25.629999,26.190001,808700,22.4905
2003-06-16,25.25,25.85,25.25,25.66,509600,22.035365
2003-06-13,25.15,25.42,25.00,25.17,411300,21.614581
2003-06-12,25.25,25.379999,24.85,25.09,395200,21.545882
2003-06-11,24.799999,25.34,24.73,25.120001,495400,21.571645
2003-06-10,24.549999,24.85,24.360001,24.66,705100,21.176622
2003-06-09,25.00,25.00,24.49,24.540001,1009700,21.073573
2003-06-06,25.01,25.08,24.10,24.15,905600,20.738662
2003-06-05,22.90,23.24,22.799999,23.15,394200,19.879918
2003-06-04,22.370001,23.139999,22.370001,23.00,444100,19.751107
2003-06-03,22.200001,22.48,22.200001,22.40,327000,19.23586
2003-06-02,22.08,22.49,22.049999,22.200001,519800,19.064113
2003-05-30,21.50,22.01,21.50,21.950001,519200,18.849427
2003-05-29,21.629999,21.780001,21.129999,21.41,407700,18.385704
2003-05-28,21.84,21.959999,21.620001,21.68,380700,18.617566
2003-05-27,21.049999,21.83,20.950001,21.799999,289600,18.720614
2003-05-23,21.08,21.10,20.799999,21.049999,214500,18.076556
2003-05-22,21.049999,21.16,20.809999,21.08,312500,18.102319
2003-05-21,21.01,21.040001,20.700001,21.040001,347600,18.06797
2003-05-20,21.32,21.50,20.889999,21.02,438000,18.050795
2003-05-19,21.950001,21.950001,21.17,21.219999,586400,18.222543
2003-05-16,22.07,22.10,21.780001,22.00,410400,18.892363
2003-05-15,22.049999,22.10,21.790001,22.059999,407900,18.943887
2003-05-14,22.290001,22.299999,21.959999,22.030001,296700,18.918126
2003-05-13,22.299999,22.43,22.200001,22.290001,516800,19.1414
2003-05-12,22.15,22.639999,22.07,22.629999,280200,19.433371
2003-05-09,22.10,22.42,21.799999,22.41,463600,19.244448
2003-05-08,22.120001,22.309999,21.85,22.08,399700,18.961063
2003-05-07,21.83,22.43,21.77,22.26,600500,19.115637
2003-05-06,21.620001,22.10,21.620001,21.83,452800,18.746377
2003-05-05,21.799999,21.969999,21.629999,21.719999,312500,18.651914
2003-05-02,21.450001,21.98,21.440001,21.85,641100,18.763552
2003-05-01,21.799999,22.00,21.309999,21.93,469500,18.832252
2003-04-30,21.799999,22.00,21.459999,21.83,464000,18.746377
2003-04-29,21.700001,21.969999,21.49,21.84,376200,18.754964
2003-04-28,21.01,21.73,21.00,21.709999,486900,18.643327
2003-04-25,21.67,21.67,21.00,21.00,537300,18.03362
2003-04-24,21.110001,21.75,20.90,21.73,785400,18.660502
2003-04-23,21.10,21.15,20.82,21.110001,385600,18.128082
2003-04-22,20.60,21.26,20.40,21.200001,252100,18.205369
2003-04-21,20.60,20.799999,20.60,20.639999,475800,17.724471
2003-04-17,20.49,20.68,20.360001,20.68,482800,17.758822
2003-04-16,20.17,20.58,20.17,20.440001,1025600,17.552723
2003-04-15,19.889999,20.209999,19.60,20.18,364600,17.32945
2003-04-14,19.450001,19.90,19.379999,19.889999,358000,17.080413
2003-04-11,19.469999,19.790001,19.450001,19.549999,315400,16.78844
2003-04-10,19.60,19.60,19.200001,19.51,330200,16.754091
2003-04-09,19.799999,20.08,19.32,19.40,329600,16.659629
2003-04-08,20.10,20.10,19.65,19.67,388800,16.89149
2003-04-07,19.90,20.200001,19.90,19.950001,551000,17.131939
2003-04-04,19.780001,19.870001,19.48,19.549999,423500,16.78844
2003-04-03,19.65,19.84,19.50,19.530001,509000,16.771267
2003-04-02,19.25,19.57,19.10,19.50,693000,16.745504
2003-04-01,18.950001,19.24,18.91,19.00,544600,16.316132
2003-03-31,18.82,19.190001,18.51,19.00,578000,16.316132
2003-03-28,19.129999,19.190001,18.90,18.90,347800,16.230257
2003-03-27,19.15,19.309999,18.959999,19.129999,695300,16.427768
2003-03-26,19.49,19.60,19.15,19.25,470000,16.530818
2003-03-25,19.200001,19.58,19.190001,19.49,742900,16.736916
2003-03-24,19.99,19.99,19.110001,19.25,519800,16.530818
2003-03-21,19.700001,20.110001,19.620001,19.98,1044200,17.1577
2003-03-20,19.389999,19.790001,18.799999,19.559999,706100,16.797028
2003-03-19,19.190001,19.389999,19.08,19.389999,367000,16.651042
2003-03-18,19.66,19.76,19.15,19.290001,697000,16.565168
2003-03-17,18.74,19.690001,18.49,19.639999,749400,16.865727
2003-03-14,18.360001,19.00,18.209999,18.74,592900,16.092858
2003-03-13,17.66,18.41,17.66,18.41,358500,15.809473
2003-03-12,17.32,17.60,16.35,17.559999,400800,15.07954
2003-03-11,17.799999,18.049999,17.48,17.50,303600,15.028016
2003-03-10,17.969999,18.00,17.799999,17.85,317400,15.328577
2003-03-07,17.620001,18.219999,17.60,18.10,512100,15.543263
2003-03-06,18.26,18.26,17.90,18.02,367000,15.474563
2003-03-05,18.200001,18.48,18.15,18.26,401800,15.680662
2003-03-04,18.85,18.870001,18.25,18.290001,609000,15.706425
2003-03-03,19.00,19.059999,18.75,18.77,593000,16.118621
2003-02-28,19.01,19.25,18.90,18.90,334700,16.230257
2003-02-27,18.40,19.01,18.280001,19.01,365200,16.32472
2003-02-26,18.700001,18.709999,18.35,18.379999,474400,15.78371
2003-02-25,18.549999,18.719999,18.23,18.709999,350900,16.067095
2003-02-24,19.030001,19.049999,18.549999,18.58,334800,15.955459
2003-02-21,18.799999,19.110001,18.49,19.030001,367200,16.341895
2003-02-20,18.92,18.940001,18.540001,18.60,394200,15.972635
2003-02-19,19.10,19.10,18.690001,18.83,262700,16.170145
2003-02-18,19.110001,19.43,19.01,19.120001,383200,16.419182
2003-02-14,18.780001,19.139999,18.60,19.10,227700,16.402007
2003-02-13,18.709999,18.969999,18.540001,18.709999,415300,16.067095
2003-02-12,18.950001,19.049999,18.700001,18.700001,278900,16.058509
2003-02-11,19.09,19.34,18.940001,18.98,317700,16.298957
2003-02-10,18.719999,19.190001,18.719999,19.00,522500,16.316132
2003-02-07,19.219999,19.35,18.82,18.82,241900,16.161558
2003-02-06,19.18,19.389999,19.01,19.15,297200,16.444943
2003-02-05,19.35,19.65,19.17,19.17,450800,16.462118
2003-02-04,19.549999,19.629999,19.209999,19.25,329100,16.530818
2003-02-03,19.530001,19.860001,19.50,19.76,381300,16.968777
2003-01-31,19.01,19.73,19.01,19.469999,366600,16.719741
2003-01-30,19.01,19.610001,18.799999,19.00,859600,16.316132
2003-01-29,18.75,19.190001,18.50,18.98,513500,16.298957
2003-01-28,19.07,19.10,18.66,19.030001,435600,16.341895
2003-01-27,18.620001,19.049999,18.620001,18.719999,571700,16.075683
2003-01-24,19.51,19.51,18.93,18.99,756700,16.307544
2003-01-23,19.309999,19.690001,19.299999,19.68,408800,16.900078
2003-01-22,19.40,19.50,19.049999,19.309999,494900,16.582342
2003-01-21,20.049999,20.10,19.549999,19.559999,449700,16.797028
2003-01-17,20.219999,20.219999,19.90,20.00,280100,17.174876
2003-01-16,20.530001,20.540001,20.10,20.219999,342600,17.363799
2003-01-15,20.90,20.91,20.32,20.530001,371700,17.630011
2003-01-14,20.879999,20.969999,20.60,20.90,339000,17.947745
2003-01-13,21.15,21.280001,20.83,20.879999,296200,17.93057
2003-01-10,20.50,21.200001,20.50,20.98,404500,18.016444
2003-01-09,20.40,20.98,20.40,20.879999,236500,17.93057
2003-01-08,20.719999,20.719999,20.309999,20.360001,239000,17.484024
2003-01-07,20.549999,20.98,20.459999,20.790001,376800,17.853284
2003-01-06,20.35,20.67,20.32,20.59,269700,17.681535
2003-01-03,20.60,20.66,20.299999,20.34,371000,17.466849
2003-01-02,19.84,20.620001,19.780001,20.620001,440000,17.707298
2002-12-31,19.66,20.10,19.43,19.860001,331300,17.054652
2002-12-30,19.59,19.690001,19.280001,19.65,317300,16.874315
2002-12-27,19.75,19.790001,19.51,19.58,201100,16.814203
2002-12-26,19.700001,20.23,19.700001,19.870001,279800,17.06324
2002-12-24,19.950001,19.950001,19.60,19.60,118700,16.831379
2002-12-23,19.75,19.860001,19.51,19.860001,304400,17.054652
2002-12-20,19.469999,19.85,19.450001,19.709999,468500,16.925839
2002-12-19,19.75,20.07,19.440001,19.52,491500,16.762679
2002-12-18,20.200001,20.200001,19.629999,19.780001,347100,16.985953
2002-12-17,20.57,20.700001,20.16,20.219999,451600,17.363799
2002-12-16,20.290001,20.52,20.17,20.450001,417400,17.561311
2002-12-13,19.950001,20.299999,19.65,20.200001,583200,17.346625
2002-12-12,20.41,20.41,19.950001,20.110001,371800,17.269338
2002-12-11,20.200001,20.40,19.98,20.280001,304600,17.415325
2002-12-10,19.91,20.33,19.83,20.299999,257900,17.432498
2002-12-09,20.299999,20.34,19.90,19.90,207300,17.089001
2002-12-06,20.290001,20.77,20.00,20.540001,328600,17.638598
2002-12-05,20.549999,20.620001,20.10,20.299999,530000,17.432498
2002-12-04,19.950001,20.700001,19.75,20.50,644700,17.604248
2002-12-03,21.07,21.16,19.77,20.00,890800,17.174876
2002-12-02,21.200001,21.370001,21.00,21.10,602700,18.119494
2002-11-29,21.200001,21.360001,20.950001,21.02,127400,18.050795
2002-11-27,20.700001,21.10,20.620001,21.10,432900,18.119494
2002-11-26,20.870001,20.870001,20.43,20.50,402600,17.604248
2002-11-25,20.85,21.18,20.58,20.90,308000,17.947745
2002-11-22,20.84,21.049999,20.49,20.700001,544700,17.775997
2002-11-21,20.02,20.950001,20.01,20.82,737700,17.879045
2002-11-20,19.75,20.60,19.75,20.27,411500,16.977366
2002-11-19,20.10,20.24,19.65,19.889999,451400,16.659092
2002-11-18,20.75,20.99,20.09,20.23,451000,16.943862
2002-11-15,20.10,20.84,20.10,20.77,431200,17.396146
2002-11-14,19.65,20.469999,19.549999,20.469999,307400,17.144877
2002-11-13,19.24,19.870001,19.190001,19.559999,434600,16.382696
2002-11-12,19.25,19.780001,19.25,19.49,354600,16.324067
2002-11-11,19.40,19.42,18.799999,19.110001,464100,16.005795
2002-11-08,19.57,20.01,19.32,19.450001,386200,16.290566
2002-11-07,19.969999,19.98,19.48,19.50,600100,16.332443
2002-11-06,19.90,20.219999,19.42,20.00,608700,16.751224
2002-11-05,20.309999,20.50,19.459999,19.700001,820100,16.499956
2002-11-04,21.030001,21.200001,20.52,20.549999,557100,17.211882
2002-11-01,20.559999,21.040001,20.32,21.030001,397700,17.613912
2002-10-31,20.33,20.879999,20.15,20.58,563900,17.237009
2002-10-30,19.60,20.43,19.35,20.33,616200,17.027619
2002-10-29,19.799999,19.93,18.99,19.65,639600,16.458077
2002-10-28,20.50,20.50,19.00,19.90,1482400,16.667467
2002-10-25,19.799999,21.10,19.58,20.879999,1679600,17.488277
2002-10-24,22.040001,22.530001,21.950001,22.18,615200,18.577107
2002-10-23,21.459999,21.860001,21.07,21.860001,323000,18.309088
2002-10-22,21.809999,21.809999,21.23,21.49,332000,17.99919
2002-10-21,20.90,21.93,20.709999,21.85,509400,18.300712
2002-10-18,21.299999,21.299999,20.74,21.16,316400,17.722795
2002-10-17,20.75,21.33,20.540001,21.33,340500,17.86518
2002-10-16,21.00,21.08,20.299999,20.34,439200,17.035995
2002-10-15,21.030001,21.25,20.76,21.00,482900,17.588785
2002-10-14,19.99,20.299999,19.889999,20.110001,539900,16.843356
2002-10-11,19.799999,20.549999,19.65,19.98,399900,16.734472
2002-10-10,19.00,19.23,18.59,19.23,861900,16.106301
2002-10-09,19.48,19.48,18.48,18.93,816600,15.855034
2002-10-08,18.83,19.67,18.67,19.51,922900,16.340819
2002-10-07,19.610001,19.92,18.52,18.719999,407100,15.679145
2002-10-04,20.24,20.24,19.120001,19.51,666500,16.340819
2002-10-03,20.870001,20.870001,19.90,20.24,938100,16.952238
2002-10-02,21.52,21.52,20.82,20.870001,556000,17.479903
2002-10-01,21.40,21.719999,20.59,21.59,669800,18.082946
2002-09-30,21.50,21.50,20.35,21.040001,559800,17.622288
2002-09-27,22.33,22.50,21.43,21.559999,253200,18.057819
2002-09-26,22.09,22.68,22.07,22.58,306800,18.912132
2002-09-25,21.40,22.049999,21.110001,22.030001,373900,18.451474
2002-09-24,21.35,21.60,21.00,21.52,578200,18.024317
2002-09-23,21.60,21.60,20.83,21.35,586500,17.881932
2002-09-20,21.450001,21.82,21.41,21.66,435400,18.141575
2002-09-19,21.799999,22.15,21.43,21.450001,255500,17.965688
2002-09-18,21.75,22.25,21.75,22.02,419200,18.443098
2002-09-17,23.23,23.40,21.83,21.959999,648000,18.392843
2002-09-16,22.950001,23.299999,22.84,23.200001,348900,19.43142
2002-09-13,23.16,23.35,22.809999,23.27,440100,19.490049
2002-09-12,24.24,24.24,23.25,23.360001,314500,19.56543
2002-09-11,24.50,24.620001,24.18,24.26,197200,20.319235
2002-09-10,24.120001,24.549999,24.10,24.450001,168600,20.478372
2002-09-09,23.90,24.360001,23.629999,24.139999,197500,20.218727
2002-09-06,23.469999,24.10,23.450001,24.049999,295800,20.143346
2002-09-05,23.549999,23.549999,23.00,23.290001,239700,19.506801
2002-09-04,23.08,23.719999,22.950001,23.68,269100,19.833449
2002-09-03,23.799999,23.799999,22.940001,23.049999,484600,19.305785
2002-08-30,24.200001,24.85,24.16,24.450001,204900,20.478372
2002-08-29,23.60,24.32,23.40,24.27,566200,20.32761
2002-08-28,24.360001,24.40,23.83,23.99,336500,20.093093
2002-08-27,24.24,24.549999,23.90,24.379999,534400,20.419741
2002-08-26,23.65,23.889999,23.389999,23.809999,172500,19.942331
2002-08-23,24.10,24.15,23.549999,23.629999,411300,19.79157
2002-08-22,23.700001,24.35,23.60,24.219999,343600,20.285731
2002-08-21,23.700001,23.969999,23.450001,23.780001,308700,19.917206
2002-08-20,23.879999,23.93,23.42,23.48,323400,19.665936
2002-08-19,23.00,23.99,23.00,23.940001,337900,20.051215
2002-08-16,22.98,23.24,22.610001,23.030001,310000,19.289035
2002-08-15,22.15,23.049999,22.08,23.00,591200,19.263907
2002-08-14,21.85,22.10,21.299999,22.049999,634800,18.468224
2002-08-13,22.25,22.48,22.059999,22.15,1009800,18.55198
2002-08-12,22.639999,22.639999,21.950001,22.35,405000,18.719493
2002-08-09,22.40,22.799999,22.10,22.639999,728700,18.962385
2002-08-08,21.700001,22.620001,21.620001,22.48,920700,18.828375
2002-08-07,21.83,22.10,21.33,21.690001,649100,18.166703
2002-08-06,21.459999,22.00,21.459999,21.83,761400,18.283961
2002-08-05,21.40,21.59,20.879999,20.93,413100,17.530156
2002-08-02,22.50,22.50,21.309999,21.50,668300,18.007566
2002-08-01,22.75,23.120001,22.129999,22.459999,575000,18.811624
2002-07-31,23.85,24.02,22.57,22.879999,688600,19.163399
2002-07-30,23.91,24.299999,23.40,23.940001,757100,20.051215
2002-07-29,22.10,23.90,22.049999,23.90,953600,20.017712
2002-07-26,21.280001,21.74,20.879999,21.559999,885000,18.057819
2002-07-25,20.90,22.299999,20.459999,20.98,1417300,17.572033
2002-07-24,19.60,20.75,18.299999,20.389999,1660600,17.077872
2002-07-23,20.00,20.41,19.299999,19.74,939200,16.533458
2002-07-22,21.190001,21.42,19.00,20.00,1633500,16.751224
2002-07-19,22.48,22.48,21.110001,21.190001,751100,17.747922
2002-07-18,22.700001,23.08,22.299999,22.48,263000,18.828375
2002-07-17,23.139999,23.68,22.219999,22.700001,598500,19.01264
2002-07-16,23.00,23.200001,22.049999,22.860001,651200,19.146649
2002-07-15,24.24,24.25,21.450001,23.209999,1352900,19.439794
2002-07-12,24.35,24.85,24.01,24.24,463400,20.302483
2002-07-11,24.90,24.90,23.83,24.32,1232300,20.369488
2002-07-10,25.799999,25.799999,25.09,25.09,534400,21.01441
2002-07-09,26.200001,26.700001,25.950001,25.950001,638300,21.734714
2002-07-08,26.299999,26.629999,26.049999,26.440001,377900,22.145118
2002-07-05,25.00,26.459999,24.950001,26.360001,323000,22.078113
2002-07-03,26.00,26.049999,24.00,25.24,1054300,21.140044
2002-07-02,27.40,27.40,26.450001,26.540001,893300,22.228875
2002-07-01,27.85,28.200001,27.440001,27.540001,682200,23.066436
2002-06-28,27.17,28.25,27.17,28.00,546300,23.451713
2002-06-27,26.90,27.25,26.35,27.15,253800,22.739786
2002-06-26,26.90,26.90,26.440001,26.719999,442900,22.379634
2002-06-25,27.200001,27.50,27.08,27.25,565800,22.823542
2002-06-24,27.059999,27.450001,26.48,27.059999,250300,22.664405
2002-06-21,26.58,27.139999,26.57,27.049999,603900,22.65603
2002-06-20,27.25,27.59,26.82,27.00,309100,22.614152
2002-06-19,26.85,27.42,26.629999,27.040001,253300,22.647655
2002-06-18,26.40,27.10,26.389999,26.950001,316500,22.572275
2002-06-17,26.450001,27.200001,26.450001,26.879999,410000,22.513644
2002-06-14,25.75,26.059999,24.68,26.030001,737600,21.801718
2002-06-13,25.92,26.43,25.75,25.790001,288400,21.600704
2002-06-12,26.00,26.00,25.35,25.860001,430400,21.659333
2002-06-11,26.40,26.780001,26.049999,26.15,162300,21.902225
2002-06-10,26.48,26.780001,26.299999,26.48,280200,22.17862
2002-06-07,25.85,26.370001,25.35,26.24,467200,21.977605
2002-06-06,26.15,26.379999,25.76,25.950001,343400,21.734714
2002-06-05,25.450001,26.110001,25.450001,26.10,427500,21.860347
2002-06-04,25.50,25.629999,24.799999,25.41,512000,21.28243
2002-06-03,26.50,26.52,25.93,26.00,354800,21.776591
2002-05-31,26.40,26.799999,26.389999,26.60,326100,22.279128
2002-05-30,26.75,26.85,25.92,26.360001,701600,22.078113
2002-05-29,26.68,27.049999,26.67,26.889999,484700,22.52202
2002-05-28,27.440001,27.440001,26.780001,27.00,376900,22.614152
2002-05-24,27.75,27.75,27.040001,27.440001,205300,22.98268
2002-05-23,27.50,27.75,26.879999,27.49,362800,23.024557
2002-05-22,27.540001,27.860001,27.00,27.41,534700,22.957552
2002-05-21,28.60,28.700001,27.24,27.540001,361500,23.066436
2002-05-20,28.60,28.700001,28.059999,28.23,147500,23.644352
2002-05-17,28.60,28.799999,28.360001,28.690001,187800,24.029631
2002-05-16,28.40,29.07,28.35,28.73,292600,24.063133
2002-05-15,28.50,28.73,27.90,28.67,277600,24.012879
2002-05-14,28.15,28.85,28.15,28.75,384700,24.079884
2002-05-13,27.90,28.40,27.629999,28.10,447500,23.53547
2002-05-10,28.469999,28.65,28.00,28.049999,289100,23.493591
2002-05-09,29.00,29.049999,28.60,28.629999,360500,23.979376
2002-05-08,29.799999,29.85,28.90,29.040001,432900,24.322778
2002-05-07,29.459999,29.879999,29.24,29.309999,361900,24.548918
2002-05-06,29.879999,29.889999,29.200001,29.459999,568500,24.674552
2002-05-03,29.90,30.01,29.16,29.700001,907400,24.875568
2002-05-02,28.98,29.51,28.889999,29.41,1086300,24.632674
2002-05-01,28.24,28.75,27.969999,28.67,685100,24.012879
2002-04-30,28.00,28.389999,28.00,28.190001,867800,23.61085
2002-04-29,28.049999,28.33,27.799999,27.889999,644200,23.359581
2002-04-26,27.90,28.40,27.67,27.780001,689000,23.26745
2002-04-25,27.90,28.209999,27.26,27.82,1188800,23.300952
2002-04-24,26.299999,27.00,26.200001,26.299999,561100,22.027859
2002-04-23,25.91,26.389999,25.91,26.25,413000,21.985981
2002-04-22,26.690001,26.780001,26.02,26.110001,557000,21.868723
2002-04-19,26.85,26.85,26.280001,26.690001,431000,22.354509
2002-04-18,27.50,27.65,26.85,26.85,357700,22.488518
2002-04-17,27.92,27.950001,27.25,27.34,425400,22.898923
2002-04-16,28.190001,28.24,27.620001,27.67,684900,23.175318
2002-04-15,28.24,28.24,27.799999,27.99,293500,23.443338
2002-04-12,27.51,28.23,27.459999,28.09,515500,23.527094
2002-04-11,28.23,28.24,27.549999,27.610001,606100,23.125065
2002-04-10,26.799999,28.48,26.74,28.23,1216600,23.644352
2002-04-09,25.76,26.610001,25.76,26.40,413900,22.111615
2002-04-08,25.389999,26.200001,25.32,26.01,631700,21.784967
2002-04-05,26.049999,26.049999,25.700001,25.84,622700,21.642581
2002-04-04,26.24,26.35,25.809999,26.049999,486100,21.818468
2002-04-03,26.549999,26.559999,26.15,26.24,464300,21.977605
2002-04-02,27.049999,27.190001,26.75,26.799999,396700,22.446639
2002-04-01,26.99,27.309999,26.219999,27.25,234400,22.823542
2002-03-28,27.24,27.700001,27.01,27.32,291100,22.882171
2002-03-27,26.93,27.360001,26.85,27.08,278400,22.681157
2002-03-26,27.24,27.299999,26.709999,26.709999,414900,22.371259
2002-03-25,27.50,27.620001,27.129999,27.200001,373500,22.781665
2002-03-22,27.549999,27.84,27.309999,27.50,385900,23.032933
2002-03-21,28.00,28.07,27.26,27.700001,729300,23.200446
2002-03-20,27.799999,28.030001,27.700001,28.01,523300,23.460089
2002-03-19,27.200001,27.950001,27.15,27.719999,537000,23.217196
2002-03-18,27.190001,27.25,27.00,27.200001,281300,22.781665
2002-03-15,26.75,27.23,26.75,27.200001,557500,22.781665
2002-03-14,26.77,27.00,26.59,26.65,440200,22.321005
2002-03-13,26.75,26.99,26.709999,26.91,201100,22.538771
2002-03-12,26.65,27.030001,26.629999,27.00,458400,22.614152
2002-03-11,27.610001,27.610001,26.940001,27.10,517200,22.697909
2002-03-08,27.51,28.25,27.440001,27.52,743000,23.049684
2002-03-07,27.75,27.75,27.110001,27.459999,569800,22.99943
2002-03-06,27.15,27.690001,26.799999,27.65,956400,23.158567
2002-03-05,27.75,27.75,27.07,27.190001,585700,22.773289
2002-03-04,26.950001,27.799999,26.74,27.799999,1002400,23.2842
2002-03-01,27.00,27.299999,26.85,27.25,715000,22.823542
2002-02-28,26.90,27.00,26.75,26.99,517800,22.605776
2002-02-27,26.700001,26.950001,26.50,26.889999,479100,22.52202
2002-02-26,26.700001,26.74,26.17,26.639999,613100,22.31263
2002-02-25,26.610001,26.75,26.309999,26.51,876500,22.203747
2002-02-22,26.41,26.639999,26.17,26.610001,455900,22.287504
2002-02-21,26.799999,27.309999,26.629999,26.66,950500,22.329381
2002-02-20,26.200001,26.870001,26.200001,26.870001,984000,22.50527
2002-02-19,25.549999,26.379999,25.549999,26.00,773800,21.776591
2002-02-15,25.85,26.18,25.639999,26.120001,408600,21.877099
2002-02-14,25.379999,26.200001,25.379999,26.059999,852800,21.826844
2002-02-13,25.299999,25.549999,25.17,25.379999,489100,21.257302
2002-02-12,25.49,25.60,25.139999,25.299999,1272200,21.190297
2002-02-11,24.299999,25.60,24.25,25.49,1106200,21.349435
2002-02-08,23.68,24.219999,23.610001,24.120001,485300,20.201977
2002-02-07,24.10,24.209999,23.620001,23.68,588700,19.833449
2002-02-06,24.51,24.82,24.00,24.10,746400,20.185225
2002-02-05,24.42,24.90,24.27,24.51,649100,20.528625
2002-02-04,24.60,24.60,24.25,24.41,622500,20.444869
2002-02-01,24.60,24.700001,24.34,24.49,866100,20.511873
2002-01-31,24.120001,24.700001,23.85,24.60,1093200,20.604006
2002-01-30,24.00,24.299999,23.290001,23.799999,1349400,19.933956
2002-01-29,24.700001,24.93,24.110001,24.41,768800,20.444869
2002-01-28,24.40,24.74,24.299999,24.67,448200,20.662635
2002-01-25,24.299999,24.60,24.27,24.389999,237600,20.428117
2002-01-24,23.940001,24.85,23.93,24.58,546500,20.587254
2002-01-23,23.50,24.23,23.299999,24.190001,439600,20.260606
2002-01-22,23.33,23.65,23.33,23.52,449300,19.69944
2002-01-18,23.200001,23.629999,23.049999,23.33,219700,19.540303
2002-01-17,23.02,23.879999,23.00,23.50,233200,19.682688
2002-01-16,23.139999,23.43,23.01,23.01,646400,19.272283
2002-01-15,23.02,23.24,22.83,23.110001,311400,19.35604
2002-01-14,22.85,23.299999,22.76,23.02,269500,19.280659
2002-01-11,23.40,23.57,23.00,23.01,461400,19.272283
2002-01-10,23.459999,23.790001,23.27,23.440001,357000,19.632435
2002-01-09,23.15,24.15,23.15,23.450001,672400,19.640811
2002-01-08,22.799999,23.219999,22.66,23.190001,509500,19.423044
2002-01-07,22.75,23.10,22.52,22.65,459700,18.970761
2002-01-04,22.25,22.93,22.219999,22.91,458800,19.188527
2002-01-03,21.75,22.200001,21.700001,22.01,281900,18.434722
2002-01-02,21.75,21.870001,21.51,21.82,381500,18.275585
2001-12-31,21.809999,22.00,21.610001,21.76,386500,18.225332
2001-12-28,21.85,22.00,21.280001,21.41,385300,17.932185
2001-12-27,22.01,22.25,21.799999,21.85,348800,18.300712
2001-12-26,21.76,22.200001,21.51,22.00,166600,18.426346
2001-12-24,21.50,21.75,21.379999,21.52,166100,18.024317
2001-12-21,21.549999,21.65,21.290001,21.290001,429500,17.831679
2001-12-20,21.700001,21.90,21.50,21.60,308600,18.091322
2001-12-19,21.620001,21.99,21.60,21.780001,418500,18.242083
2001-12-18,21.01,21.719999,21.00,21.620001,365400,18.108074
2001-12-17,21.16,21.639999,21.10,21.18,343100,17.739546
2001-12-14,21.200001,21.549999,21.120001,21.200001,470000,17.756298
2001-12-13,21.15,21.299999,21.00,21.209999,293300,17.764672
2001-12-12,21.01,21.389999,21.00,21.15,219900,17.714419
2001-12-11,21.27,21.27,21.00,21.049999,264900,17.630662
2001-12-10,21.27,21.35,20.959999,21.25,464600,17.798175
2001-12-07,20.75,21.450001,20.67,21.18,759900,17.739546
2001-12-06,20.51,20.860001,20.459999,20.75,517500,17.379395
2001-12-05,19.85,20.90,19.85,20.610001,1439700,17.262137
2001-12-04,19.60,19.92,19.50,19.82,293000,16.600463
2001-12-03,19.700001,19.91,19.35,19.59,330300,16.407824
2001-11-30,19.00,19.950001,18.940001,19.700001,526500,16.499956
2001-11-29,19.120001,19.120001,18.50,18.92,351600,15.846658
2001-11-28,19.00,19.10,18.879999,18.91,581400,15.838282
2001-11-27,19.16,19.40,18.75,19.200001,844300,16.081175
2001-11-26,18.85,19.24,18.68,18.92,310900,15.846658
2001-11-23,18.75,19.00,18.700001,18.950001,69000,15.871785
2001-11-21,18.959999,18.959999,18.34,18.83,301500,15.771277
2001-11-20,19.190001,19.280001,18.68,18.84,260300,15.674957
2001-11-19,18.969999,19.15,18.49,18.969999,381100,15.783117
2001-11-16,18.85,19.00,18.620001,18.73,215100,15.583436
2001-11-15,18.799999,18.860001,18.450001,18.66,626400,15.525196
2001-11-14,18.40,18.85,18.32,18.690001,457700,15.550157
2001-11-13,17.959999,18.200001,17.90,18.15,1101300,15.100874
2001-11-12,18.049999,18.049999,17.60,17.959999,241700,14.942792
2001-11-09,18.35,18.40,17.950001,18.02,240500,14.992714
2001-11-08,18.379999,18.60,17.75,18.299999,286700,15.225674
2001-11-07,18.690001,18.799999,18.049999,18.129999,219100,15.084233
2001-11-06,17.99,18.91,17.809999,18.60,476800,15.475276
2001-11-05,18.139999,18.35,17.84,17.99,375300,14.967753
2001-11-02,17.959999,18.139999,17.74,17.889999,444400,14.884552
2001-11-01,17.77,18.10,17.60,17.959999,464700,14.942792
2001-10-31,18.219999,18.34,17.799999,17.889999,493100,14.884552
2001-10-30,18.82,18.82,18.059999,18.059999,426300,15.025993
2001-10-29,19.00,19.00,18.66,18.809999,510400,15.649996
2001-10-26,18.57,19.40,18.51,19.24,410500,16.007758
2001-10-25,18.18,18.66,17.950001,18.559999,551900,15.441995
2001-10-24,18.00,19.40,17.60,18.18,728500,15.125834
2001-10-23,18.75,19.00,18.440001,18.49,241800,15.383755
2001-10-22,17.90,18.75,17.90,18.73,344300,15.583436
2001-10-19,18.33,18.34,17.719999,17.77,709900,14.784713
2001-10-18,18.25,18.459999,18.15,18.33,152700,15.250635
2001-10-17,19.049999,19.40,18.15,18.34,293600,15.258955
2001-10-16,18.450001,19.01,18.43,18.969999,280200,15.783117
2001-10-15,18.82,18.82,18.049999,18.360001,461000,15.275595
2001-10-12,18.950001,19.02,18.200001,18.82,354100,15.658316
2001-10-11,18.01,19.23,18.01,18.93,423200,15.749837
2001-10-10,17.60,18.450001,17.450001,18.18,272000,15.125834
2001-10-09,17.309999,17.84,17.26,17.60,235300,14.643272
2001-10-08,17.58,17.85,17.00,17.549999,196000,14.601671
2001-10-05,18.00,18.059999,17.299999,17.58,390800,14.626631
2001-10-04,18.200001,18.58,17.75,17.799999,659000,14.809672
2001-10-03,17.459999,18.389999,17.25,18.389999,778300,15.300554
2001-10-02,17.209999,17.58,17.00,17.23,529800,14.33543
2001-10-01,16.709999,17.50,16.700001,16.969999,774600,14.119109
2001-09-28,16.09,16.58,15.90,16.469999,210200,13.703106
2001-09-27,15.80,15.95,15.15,15.85,328100,13.187265
2001-09-26,15.84,16.40,15.55,15.80,259700,13.145664
2001-09-25,15.65,16.00,15.60,15.76,465900,13.112384
2001-09-24,16.00,16.09,15.55,15.85,464400,13.187265
2001-09-21,14.05,15.29,14.03,15.16,789200,12.613182
2001-09-20,16.299999,16.299999,14.80,15.00,456700,12.480061
2001-09-19,16.90,16.969999,15.65,16.299999,462300,13.561666
2001-09-18,17.549999,17.74,16.610001,16.809999,834500,13.985988
2001-09-17,18.00,18.92,17.75,17.799999,1315900,14.809672
2001-09-10,20.50,20.959999,20.280001,20.809999,481900,17.314004
2001-09-07,21.860001,21.860001,20.33,20.610001,549600,17.147604
2001-09-06,22.379999,22.379999,21.620001,21.620001,203600,17.987929
2001-09-05,22.059999,22.360001,21.719999,22.360001,422600,18.603612
2001-09-04,21.799999,22.65,21.790001,22.280001,302200,18.537051
2001-08-31,21.25,21.85,21.059999,21.790001,406100,18.129369
2001-08-30,21.26,21.50,21.26,21.32,340900,17.738327
2001-08-29,21.40,21.450001,21.00,21.26,213000,17.688407
2001-08-28,21.50,21.75,21.10,21.43,409100,17.829847
2001-08-27,21.25,21.77,21.200001,21.75,172700,18.096089
2001-08-24,20.889999,21.59,20.799999,21.459999,270200,17.854807
2001-08-23,20.799999,21.24,20.799999,21.110001,169100,17.563606
2001-08-22,20.90,21.360001,20.90,21.02,372200,17.488726
2001-08-21,21.25,21.35,20.790001,20.879999,259100,17.268244
2001-08-20,21.059999,21.280001,20.65,21.209999,474300,17.541161
2001-08-17,21.25,21.35,20.610001,20.860001,493300,17.251705
2001-08-16,21.51,21.620001,21.25,21.49,290200,17.772729
2001-08-15,21.99,21.99,21.620001,21.690001,367300,17.938134
2001-08-14,21.66,21.91,21.65,21.780001,226200,18.012566
2001-08-13,21.90,22.030001,21.889999,21.91,204700,18.120078
2001-08-10,21.860001,21.98,21.860001,21.90,287300,18.111808
2001-08-09,21.99,22.049999,21.85,21.950001,190500,18.15316
2001-08-08,21.90,22.219999,21.90,21.959999,225200,18.161429
2001-08-07,22.00,22.10,21.85,22.040001,400700,18.227592
2001-08-06,22.15,22.219999,21.860001,22.139999,155600,18.310293
2001-08-03,21.90,22.65,21.58,22.40,248700,18.52532
2001-08-02,21.51,21.98,21.51,21.83,216100,18.053917
2001-08-01,21.84,22.01,21.450001,21.60,394200,17.863702
2001-07-31,21.99,22.25,21.530001,21.84,259400,18.062187
2001-07-30,22.459999,22.50,21.50,21.940001,271300,18.14489
2001-07-27,22.50,22.610001,22.15,22.23,267400,18.384726
2001-07-26,22.77,22.85,22.15,22.52,240900,18.624563
2001-07-25,20.25,22.809999,20.24,22.780001,1122800,18.839589
2001-07-24,22.450001,22.73,22.16,22.26,150300,18.409537
2001-07-23,22.75,22.950001,22.33,22.780001,230900,18.839589
2001-07-20,22.90,23.120001,22.40,22.860001,434300,18.905751
2001-07-19,23.799999,23.98,23.389999,23.43,161900,19.377154
2001-07-18,23.690001,23.76,23.32,23.549999,97300,19.476396
2001-07-17,23.24,23.75,23.02,23.690001,161300,19.59218
2001-07-16,23.50,23.50,23.219999,23.23,165900,19.211749
2001-07-13,23.50,23.50,22.76,23.389999,379800,19.344072
2001-07-12,22.52,23.540001,22.51,23.40,318900,19.352343
2001-07-11,22.690001,23.08,22.52,22.73,560200,18.798237
2001-07-10,22.85,23.360001,22.75,22.940001,241200,18.971913
2001-07-09,23.15,23.40,23.110001,23.24,162500,19.220019
2001-07-06,24.059999,24.059999,23.15,23.299999,250900,19.26964
2001-07-05,23.98,24.25,23.60,24.07,267100,19.906448
2001-07-03,24.209999,24.60,23.879999,24.309999,191500,20.104934
2001-07-02,24.030001,24.50,23.860001,24.35,384100,20.138015
2001-06-29,23.809999,24.10,23.66,24.030001,433000,19.873368
2001-06-28,24.40,24.40,23.67,23.709999,726200,19.60872
2001-06-27,24.299999,24.309999,23.10,23.75,1103000,19.641801
2001-06-26,24.01,25.01,24.01,24.75,742800,20.468824
2001-06-25,24.10,24.379999,23.90,24.26,218500,20.063583
2001-06-22,24.49,24.49,23.709999,24.25,303300,20.055313
2001-06-21,24.200001,24.43,23.82,24.43,559600,20.204177
2001-06-20,24.129999,24.639999,23.60,24.200001,674400,20.013962
2001-06-19,24.120001,24.459999,24.07,24.42,489900,20.195907
2001-06-18,23.68,24.450001,23.549999,24.120001,343500,19.9478
2001-06-15,23.200001,23.99,23.200001,23.93,578100,19.790666
2001-06-14,24.40,24.469999,23.85,23.91,243100,19.774125
2001-06-13,24.450001,24.75,24.209999,24.40,552000,20.179366
2001-06-12,24.26,24.559999,24.26,24.450001,582800,20.220718
2001-06-11,24.00,24.450001,23.77,24.18,424800,19.997421
2001-06-08,24.200001,24.33,23.540001,24.00,603400,19.848557
2001-06-07,23.50,24.24,23.50,24.110001,521800,19.93953
2001-06-06,23.799999,23.969999,23.43,23.700001,536700,19.600451
2001-06-05,23.10,24.00,23.10,23.889999,537400,19.757584
2001-06-04,22.74,23.190001,22.60,23.139999,430200,19.137317
2001-06-01,22.700001,23.030001,22.450001,22.74,418100,18.806508
2001-05-31,22.00,22.75,22.00,22.60,517600,18.690725
2001-05-30,21.799999,22.299999,21.799999,22.00,376800,18.194511
2001-05-29,22.35,22.40,22.18,22.389999,331000,18.517049
2001-05-25,22.450001,22.57,22.25,22.43,232000,18.550131
2001-05-24,22.799999,23.00,22.16,22.629999,838100,18.715535
2001-05-23,22.700001,22.870001,22.50,22.860001,536400,18.905751
2001-05-22,23.15,23.40,22.93,23.02,566100,18.934697
2001-05-21,23.139999,23.41,23.10,23.40,540800,19.247258
2001-05-18,23.280001,23.290001,22.780001,23.139999,651800,19.0334
2001-05-17,23.209999,23.74,23.15,23.530001,845000,19.354188
2001-05-16,21.90,23.549999,21.690001,23.450001,1232500,19.288386
2001-05-15,20.77,22.290001,20.77,22.00,1243900,18.095713
2001-05-14,20.200001,20.950001,20.049999,20.76,275900,17.075773
2001-05-11,20.82,20.90,20.02,20.299999,284500,16.697407
2001-05-10,20.60,20.93,20.440001,20.620001,336300,16.960619
2001-05-09,20.00,20.450001,19.66,20.299999,460400,16.697407
2001-05-08,20.200001,20.219999,19.76,19.98,429000,16.434197
2001-05-07,20.299999,20.49,19.959999,20.25,240100,16.656281
2001-05-04,19.90,20.25,19.84,20.23,437200,16.63983
2001-05-03,20.52,20.719999,20.15,20.200001,506300,16.615155
2001-05-02,20.40,20.870001,20.190001,20.719999,354800,17.042871
2001-05-01,19.860001,20.25,19.84,20.15,375900,16.574028
2001-04-30,20.60,20.60,19.75,20.059999,530100,16.50
2001-04-27,20.50,20.870001,20.15,20.700001,357800,17.026422
2001-04-26,20.530001,20.799999,20.40,20.559999,440400,16.911266
2001-04-25,20.459999,20.75,20.25,20.67,435800,17.001745
2001-04-24,20.200001,20.90,19.950001,20.700001,713100,17.026422
2001-04-23,20.879999,20.99,20.67,20.90,159900,17.190927
2001-04-20,21.26,21.790001,20.82,21.129999,449800,17.380109
2001-04-19,21.33,21.40,21.02,21.26,402100,17.487039
2001-04-18,20.059999,21.42,20.00,21.33,651700,17.544616
2001-04-17,19.50,20.030001,19.27,20.030001,417500,16.475325
2001-04-16,19.75,19.799999,19.18,19.32,395100,15.891326
2001-04-12,19.629999,19.65,19.120001,19.549999,615900,16.080508
2001-04-11,20.15,20.299999,19.299999,19.43,528800,15.981805
2001-04-10,19.75,20.50,19.75,20.299999,200100,16.697407
2001-04-09,19.35,19.68,19.299999,19.49,201300,16.031157
2001-04-06,19.40,19.41,19.01,19.41,293700,15.965354
2001-04-05,19.299999,20.00,19.25,19.549999,416400,16.080508
2001-04-04,18.93,19.08,18.76,19.00,226900,15.628116
2001-04-03,19.610001,19.610001,18.77,18.93,399100,15.570539
2001-04-02,19.450001,19.870001,19.450001,19.60,390100,16.121636
2001-03-30,19.90,20.139999,19.549999,19.629999,315600,16.146311
2001-03-29,19.440001,20.00,19.440001,19.700001,282000,16.203889
2001-03-28,19.950001,20.10,19.25,19.43,464300,15.981805
2001-03-27,20.049999,20.360001,19.540001,20.17,437900,16.590479
2001-03-26,20.200001,20.280001,19.879999,20.049999,282800,16.491774
2001-03-23,20.10,20.25,19.610001,20.00,327200,16.450648
2001-03-22,19.75,19.950001,19.120001,19.889999,684100,16.360169
2001-03-21,20.93,21.00,19.959999,19.969999,629700,16.425972
2001-03-20,21.00,21.209999,20.83,20.85,628700,17.149801
2001-03-19,21.35,21.50,20.85,21.09,448300,17.347209
2001-03-16,21.10,21.17,20.67,20.809999,908600,17.116899
2001-03-15,21.35,21.42,21.00,21.200001,520100,17.437688
2001-03-14,21.50,21.50,21.02,21.10,489800,17.355434
2001-03-13,22.049999,22.10,21.26,21.48,477200,17.667996
2001-03-12,22.50,22.549999,22.049999,22.23,274700,18.284895
2001-03-09,22.99,23.00,22.450001,22.559999,479300,18.556331
2001-03-08,22.200001,22.950001,22.16,22.85,548800,18.794866
2001-03-07,22.25,22.25,21.639999,21.90,621100,18.01346
2001-03-06,21.76,22.40,21.719999,22.25,317600,18.301346
2001-03-05,21.540001,21.940001,21.540001,21.799999,374000,17.931206
2001-03-02,21.60,21.85,21.40,21.60,377700,17.7667
2001-03-01,21.299999,21.49,20.90,21.49,664800,17.676221
2001-02-28,21.60,21.60,21.15,21.290001,502600,17.511716
2001-02-27,21.18,21.60,21.18,21.549999,400600,17.725573
2001-02-26,20.90,21.25,20.90,21.17,453800,17.413011
2001-02-23,20.60,20.93,20.23,20.799999,719200,17.108674
2001-02-22,20.370001,20.65,20.02,20.549999,472300,16.903041
2001-02-21,20.559999,20.90,20.26,20.60,593300,16.841352
2001-02-20,20.549999,20.969999,20.52,20.860001,368500,17.053913
2001-02-16,20.51,20.59,20.25,20.52,1616300,16.775949
2001-02-15,20.27,20.67,20.200001,20.51,212600,16.767773
2001-02-14,20.139999,20.34,20.08,20.27,228200,16.571564
2001-02-13,20.15,20.73,20.129999,20.34,478100,16.628791
2001-02-12,20.26,20.27,19.799999,19.90,736000,16.269073
2001-02-09,21.02,21.040001,20.16,20.51,717000,16.767773
2001-02-08,21.25,22.00,20.90,21.01,1014900,17.176544
2001-02-07,19.950001,21.02,19.950001,20.73,521600,16.947632
2001-02-06,19.700001,19.99,19.50,19.92,368600,16.285424
2001-02-05,19.450001,19.60,19.190001,19.469999,457400,15.91753
2001-02-02,19.209999,19.24,19.00,19.110001,403100,15.623216
2001-02-01,19.530001,19.65,19.00,19.200001,416500,15.696795
2001-01-31,19.40,19.639999,19.389999,19.530001,491200,15.966583
2001-01-30,19.35,19.360001,19.16,19.209999,444700,15.704969
2001-01-29,19.00,19.40,18.75,19.389999,377700,15.852126
2001-01-26,18.75,19.00,18.00,18.8125,687200,15.379997
2001-01-25,18.625,18.9375,18.1875,18.8125,1076300,15.379997
2001-01-24,19.4375,19.4375,19.0625,19.3125,206700,15.788768
2001-01-23,19.75,19.9375,19.1875,19.4375,289600,15.89096
2001-01-22,19.1875,19.6875,19.1875,19.625,457900,16.044249
2001-01-19,18.875,19.3125,18.8125,19.3125,528300,15.788768
2001-01-18,18.9375,19.375,18.5625,18.9375,691200,15.48219
2001-01-17,18.4375,18.875,18.00,18.625,381600,15.226708
2001-01-16,17.625,19.00,17.625,18.125,678800,14.817937
2001-01-12,17.625,18.00,17.375,17.875,397500,14.613552
2001-01-11,17.50,17.50,17.125,17.375,374200,14.204781
2001-01-10,17.6875,17.875,17.0625,17.25,475100,14.102588
2001-01-09,17.3125,18.125,17.3125,17.8125,423000,14.562455
2001-01-08,17.9375,18.4375,17.3125,17.50,382700,14.306974
2001-01-05,18.1875,18.375,17.5625,17.875,426000,14.613552
2001-01-04,17.8125,18.5625,17.50,18.125,682800,14.817937
2001-01-03,15.375,18.125,15.125,17.9375,1030100,14.664648
2001-01-02,16.1875,16.1875,14.8125,15.0625,559500,12.314217
2000-12-29,16.75,16.9375,16.375,16.4375,373300,13.438336
2000-12-28,16.1875,16.875,16.1875,16.75,295800,13.693818
2000-12-27,15.6875,16.50,15.6875,16.375,390900,13.38724
2000-12-26,16.25,16.3125,15.50,15.9375,509500,13.029565
2000-12-22,15.875,16.5625,15.875,16.4375,403800,13.438336
2000-12-21,16.0625,16.4375,15.875,16.00,345400,13.080662
2000-12-20,16.8125,16.8125,15.875,16.0625,294500,13.131758
2000-12-19,17.1875,17.1875,16.375,16.6875,382300,13.642721
2000-12-18,17.50,17.625,16.625,17.00,443600,13.898203
2000-12-15,17.6875,18.1875,17.25,17.25,611000,14.102588
2000-12-14,18.375,18.4375,17.8125,18.00,381500,14.715744
2000-12-13,18.3125,18.625,18.00,18.375,363200,15.022323
2000-12-12,17.9375,18.4375,17.875,18.375,203500,15.022323
2000-12-11,17.1875,18.00,17.00,18.00,330400,14.715744
2000-12-08,17.375,17.5625,17.125,17.4375,207300,14.255877
2000-12-07,17.375,17.50,17.1875,17.1875,262400,14.051492
2000-12-06,17.375,17.875,17.25,17.50,153000,14.306974
2000-12-05,17.1875,17.625,17.00,17.375,288300,14.204781
2000-12-04,17.125,17.375,16.6875,17.125,257500,14.000396
2000-12-01,17.25,17.25,16.75,17.0625,200100,13.949299
2000-11-30,17.3125,17.375,16.375,17.1875,179300,14.051492
2000-11-29,17.625,17.625,16.9375,17.3125,136000,14.153685
2000-11-28,17.5625,17.625,17.25,17.625,131500,14.409166
2000-11-27,17.75,17.75,17.4375,17.5625,234200,14.35807
2000-11-24,17.50,17.8125,17.50,17.6875,47400,14.460263
2000-11-22,17.8125,17.8125,17.3125,17.50,127100,14.306974
2000-11-21,17.625,17.9375,17.375,17.625,163800,14.409166
2000-11-20,18.25,18.25,17.625,17.875,146400,14.613552
2000-11-17,18.25,18.50,18.1875,18.3125,194500,14.869034
2000-11-16,18.5625,18.5625,18.0625,18.50,261100,15.021276
2000-11-15,18.875,18.875,18.1875,18.5625,175900,15.072024
2000-11-14,18.3125,18.75,18.25,18.6875,174700,15.173519
2000-11-13,18.375,18.5625,18.125,18.3125,167600,14.869034
2000-11-10,19.50,19.50,18.625,18.625,185600,15.122771
2000-11-09,19.4375,19.75,19.00,19.375,154400,15.731742
2000-11-08,19.00,19.50,18.75,19.375,122300,15.731742
2000-11-07,19.1875,19.25,18.9375,18.9375,171800,15.376509
2000-11-06,19.125,19.25,18.9375,19.1875,66000,15.579499
2000-11-03,19.375,19.375,19.00,19.1875,349400,15.579499
2000-11-02,19.3125,19.8125,19.0625,19.50,322800,15.833237
2000-11-01,19.375,19.4375,19.0625,19.375,215500,15.731742
2000-10-31,18.875,19.50,18.5625,19.4375,262800,15.78249
2000-10-30,18.25,19.00,18.25,19.00,200800,15.427257
2000-10-27,18.125,18.50,17.875,18.25,257100,14.818286
2000-10-26,18.00,18.5625,17.8125,18.25,166700,14.818286
2000-10-25,18.1875,18.375,17.875,18.0625,251200,14.666043
2000-10-24,17.8125,18.3125,17.6875,18.00,397100,14.615296
2000-10-23,18.00,18.00,17.5625,17.5625,112500,14.260063
2000-10-20,17.75,18.00,17.625,17.8125,191000,14.463053
2000-10-19,17.6875,18.125,17.25,17.875,317800,14.513801
2000-10-18,17.00,17.1875,16.25,17.1875,191000,13.955578
2000-10-17,17.5625,17.625,16.875,17.00,159300,13.803335
2000-10-16,17.625,17.625,16.75,17.375,194000,14.10782
2000-10-13,16.875,17.6875,16.875,17.50,153700,14.209315
2000-10-12,17.625,17.8125,16.5625,16.6875,334900,13.549597
2000-10-11,18.1875,18.1875,17.5625,17.75,110600,14.412306
2000-10-10,17.9375,18.4375,17.875,18.125,326000,14.716791
2000-10-09,18.25,18.25,17.8125,18.00,96600,14.615296
2000-10-06,18.0625,18.1875,17.75,18.0625,344900,14.666043
2000-10-05,18.25,18.3125,17.9375,18.1875,156400,14.767538
2000-10-04,18.125,18.6875,18.00,18.1875,103200,14.767538
2000-10-03,18.0625,18.3125,18.00,18.0625,284100,14.666043
2000-10-02,18.50,18.50,17.9375,18.0625,303500,14.666043
2000-09-29,18.50,18.6875,17.875,18.25,349400,14.818286
2000-09-28,18.8125,18.875,18.50,18.6875,224200,15.173519
2000-09-27,18.6875,18.9375,18.4375,18.6875,784700,15.173519
2000-09-26,18.9375,18.9375,18.5625,18.5625,225600,15.072024
2000-09-25,19.125,19.25,18.875,18.875,213700,15.325762
2000-09-22,19.3125,19.375,19.00,19.125,142000,15.528752
2000-09-21,19.625,19.625,19.0625,19.3125,162800,15.680994
2000-09-20,19.5625,19.6875,19.1875,19.5625,162600,15.883985
2000-09-19,19.875,20.1875,19.50,19.75,189100,16.036227
2000-09-18,20.4375,20.4375,19.625,19.625,378400,15.934732
2000-09-15,20.9375,20.9375,20.25,20.3125,982000,16.492955
2000-09-14,20.125,20.75,19.9375,20.625,324600,16.746693
2000-09-13,20.25,20.25,19.50,20.00,191500,16.239218
2000-09-12,19.25,19.875,19.1875,19.875,201600,16.137722
2000-09-11,19.50,19.53125,19.125,19.25,198000,15.630247
2000-09-08,19.50,19.5625,19.0625,19.3125,406100,15.680994
2000-09-07,19.375,19.4375,19.25,19.4375,174600,15.78249
2000-09-06,19.625,20.00,19.50,19.75,123600,16.036227
2000-09-05,19.375,19.625,19.125,19.375,336200,15.731742
2000-09-01,18.625,18.75,18.5625,18.6875,256900,15.173519
2000-08-31,18.9375,19.125,18.4375,18.765619,256800,15.236949
2000-08-30,19.25,19.3125,19.00,19.125,198700,15.528752
2000-08-29,19.25,19.5625,19.00,19.50,140700,15.833237
2000-08-28,19.75,19.75,19.1875,19.25,143400,15.630247
2000-08-25,19.5625,19.875,19.34375,19.50,136800,15.833237
2000-08-24,19.50,19.625,19.125,19.375,152600,15.731742
2000-08-23,20.375,20.6875,19.375,19.5625,402800,15.883985
2000-08-22,20.375,20.6875,20.25,20.50,178300,16.543702
2000-08-21,20.8125,20.8125,20.0625,20.3125,227300,16.392388
2000-08-18,20.375,21.0625,20.375,21.0625,924100,16.997646
2000-08-17,19.375,20.3125,19.25,20.1875,658500,16.291512
2000-08-16,18.9375,19.375,18.8125,19.3125,246100,15.585378
2000-08-15,18.8125,19.0625,18.50,19.00,248000,15.333188
2000-08-14,18.75,18.9375,18.50,18.9375,102300,15.28275
2000-08-11,18.875,18.9375,18.625,18.75,123200,15.131435
2000-08-10,18.9375,18.9375,18.625,18.625,59900,15.030559
2000-08-09,19.00,19.00,18.50,18.5625,130400,14.980121
2000-08-08,18.5625,19.00,18.5625,19.00,170400,15.333188
2000-08-07,18.4375,18.9375,18.4375,18.75,122500,15.131435
2000-08-04,18.0625,18.6875,17.9375,18.4375,212100,14.879245
2000-08-03,18.25,18.25,18.00,18.0625,239900,14.576616
2000-08-02,18.625,18.625,18.25,18.25,646600,14.72793
2000-08-01,18.6875,18.8125,18.125,18.375,272800,14.828806
2000-07-31,18.625,19.1875,18.625,18.75,349200,15.131435
2000-07-28,18.9375,18.9375,18.5625,18.75,512300,15.131435
2000-07-27,19.1875,19.1875,18.75,18.9375,262200,15.28275
2000-07-26,19.00,19.1875,18.875,18.875,224900,15.232311
2000-07-25,18.8125,19.125,18.8125,19.00,435400,15.333188
2000-07-24,18.8125,19.00,18.75,18.75,356800,15.131435
2000-07-21,18.9375,18.9375,18.625,18.75,282400,15.131435
2000-07-20,19.00,19.25,18.75,18.8125,367300,15.181873
2000-07-19,18.8125,19.0625,18.75,18.9375,1061100,15.28275
2000-07-18,18.75,18.8125,18.5625,18.6875,206100,15.080997
2000-07-17,18.75,18.875,18.6875,18.75,229500,15.131435
2000-07-14,18.75,18.9375,18.50,18.75,408500,15.131435
2000-07-13,18.625,18.875,18.50,18.75,265700,15.131435
2000-07-12,18.0625,18.6875,18.0625,18.5625,589000,14.980121
2000-07-11,17.75,18.125,17.75,18.00,345500,14.526178
2000-07-10,17.75,17.9375,17.6875,17.8125,371400,14.374863
2000-07-07,17.4375,17.75,17.375,17.625,371900,14.223549
2000-07-06,17.50,17.8125,17.3125,17.4375,319200,14.072235
2000-07-05,17.25,17.6875,17.125,17.50,186600,14.122673
2000-07-03,16.6875,17.4375,16.4375,17.25,132400,13.92092
2000-06-30,17.1875,17.50,16.3125,16.5625,357000,13.366101
2000-06-29,17.3125,17.9375,17.1875,17.4375,438000,14.072235
2000-06-28,17.1875,18.125,17.1875,17.578119,406100,14.185716
2000-06-27,16.9375,17.125,16.625,16.6875,261400,13.466977
2000-06-26,16.8125,16.9375,16.6875,16.75,121500,13.517415
2000-06-23,16.8125,16.9375,16.5625,16.625,139400,13.416539
2000-06-22,17.25,17.25,16.4375,16.625,267400,13.416539
2000-06-21,16.875,17.3125,16.8125,17.25,278400,13.92092
2000-06-20,17.4375,17.50,16.75,17.00,401500,13.719168
2000-06-19,17.875,18.125,17.50,17.75,201700,14.324425
2000-06-16,17.125,17.8125,17.125,17.6875,479900,14.273987
2000-06-15,18.75,18.75,18.375,18.375,195600,14.828806
2000-06-14,18.9375,18.9375,18.6875,18.6875,124800,15.080997
2000-06-13,18.8125,19.00,18.8125,18.875,152100,15.232311
2000-06-12,18.75,19.00,18.75,18.8125,176800,15.181873
2000-06-09,18.9375,19.0625,18.625,18.6875,175800,15.080997
2000-06-08,19.125,19.25,18.5625,19.125,334600,15.434064
2000-06-07,19.3125,19.4375,19.25,19.375,214500,15.635816
2000-06-06,19.3125,19.375,19.1875,19.375,132100,15.635816
2000-06-05,19.3125,19.3125,18.875,19.25,223000,15.53494
2000-06-02,19.00,19.4375,18.875,19.3125,202500,15.585378
2000-06-01,19.00,19.1875,18.875,18.9375,294800,15.28275
2000-05-31,19.3125,19.4375,19.1875,19.25,212000,15.53494
2000-05-30,19.3125,19.50,19.25,19.4375,153700,15.686254
2000-05-26,19.50,19.875,19.3125,19.3125,179600,15.585378
2000-05-25,19.4375,19.875,19.375,19.50,213100,15.736693
2000-05-24,19.625,19.875,19.375,19.5625,243900,15.787131
2000-05-23,19.375,19.9375,19.375,19.625,255600,15.837569
2000-05-22,19.375,19.375,19.125,19.3125,219100,15.484503
2000-05-19,19.75,19.8125,19.00,19.375,241500,15.534614
2000-05-18,19.625,20.00,19.4375,19.9375,187200,15.985619
2000-05-17,19.5625,19.875,19.3125,19.75,522000,15.835284
2000-05-16,19.125,19.75,19.125,19.5625,629300,15.684949
2000-05-15,19.75,19.8125,18.9375,19.1875,351800,15.384279
2000-05-12,19.4375,19.75,19.125,19.6875,299100,15.785173
2000-05-11,19.125,19.625,18.375,19.5625,287200,15.684949
2000-05-10,19.125,19.125,18.6875,19.00,243700,15.233944
2000-05-09,19.125,19.125,18.6875,19.125,261400,15.334168
2000-05-08,19.4375,19.50,19.00,19.125,167100,15.334168
2000-05-05,18.8125,19.50,18.75,19.4375,280300,15.584726
2000-05-04,19.25,19.375,19.00,19.0625,170800,15.284056
2000-05-03,19.0625,19.6875,18.9375,19.50,317500,15.634838
2000-05-02,19.25,19.25,18.625,18.8125,427800,15.083609
2000-05-01,19.0625,19.625,18.875,19.50,229400,15.634838
2000-04-28,18.5625,19.1875,18.5625,19.1875,252600,15.384279
2000-04-27,19.00,19.125,18.4375,18.8125,186200,15.083609
2000-04-26,19.50,19.50,18.9375,19.125,192100,15.334168
2000-04-25,18.25,19.625,18.25,19.50,330100,15.634838
2000-04-24,19.1875,19.3125,18.3125,18.50,333600,14.833051
2000-04-20,18.50,19.50,18.50,18.9375,265400,15.183833
2000-04-19,18.4375,19.0625,18.4375,18.625,279100,14.933274
2000-04-18,18.5625,18.6875,18.25,18.6875,375500,14.983386
2000-04-17,18.00,18.8125,18.00,18.75,395100,15.033498
2000-04-14,19.125,19.4375,17.875,17.9375,779000,14.382046
2000-04-13,19.5625,19.625,19.25,19.3125,820600,15.484503
2000-04-12,19.125,19.625,19.125,19.4375,528400,15.584726
2000-04-11,18.4375,19.125,18.3125,19.125,642500,15.334168
2000-04-10,18.375,18.75,18.125,18.3125,374800,14.682716
2000-04-07,18.5625,18.8125,18.1875,18.25,305900,14.632604
2000-04-06,18.75,19.125,18.25,18.625,329700,14.933274
2000-04-05,17.9375,18.625,17.9375,18.50,274900,14.833051
2000-04-04,18.25,19.1875,17.8125,18.3125,825400,14.682716
2000-04-03,18.9375,19.0625,17.625,17.75,829300,14.231711
2000-03-31,18.75,19.25,18.1875,18.9375,441400,15.183833
2000-03-30,17.50,19.125,17.50,18.5625,546600,14.883163
2000-03-29,18.25,18.5625,16.6875,17.25,962300,13.830818
2000-03-28,19.3125,19.50,18.1875,18.1875,397600,14.582493
2000-03-27,19.50,19.875,18.50,19.125,3906900,15.334168
2000-03-24,16.5625,19.50,16.50,19.50,2673900,15.634838
2000-03-23,16.0625,16.9375,16.00,16.375,1456500,13.129255
2000-03-22,16.00,16.25,16.00,16.125,502000,12.928808
2000-03-21,16.00,16.4375,15.6875,16.25,805400,13.029031
2000-03-20,16.25,16.25,15.875,16.00,454000,12.828585
2000-03-17,16.00,16.9375,16.00,16.1875,689900,12.97892
2000-03-16,15.5625,16.875,15.5625,16.6875,777700,13.379813
2000-03-15,15.25,16.25,15.125,15.875,350700,12.728361
2000-03-14,15.0625,15.4375,15.00,15.25,295500,12.227245
2000-03-13,15.3125,15.75,15.125,15.1875,329000,12.177133
2000-03-10,15.625,15.9375,15.3125,15.5625,258200,12.477803
2000-03-09,15.25,16.0625,14.9375,15.8125,789600,12.67825
2000-03-08,15.375,15.4375,14.75,14.75,545300,11.826351
2000-03-07,16.00,16.00,15.1875,15.1875,369900,12.177133
2000-03-06,16.75,16.75,15.4375,15.8125,409300,12.67825
2000-03-03,16.375,16.875,16.1875,16.6875,522500,13.379813
2000-03-02,17.625,17.625,16.625,16.75,481100,13.429925
2000-03-01,17.5625,17.9375,17.375,17.625,253200,14.131488
2000-02-29,17.125,17.75,17.125,17.6875,273000,14.181599
2000-02-28,17.875,17.9375,17.25,17.375,247300,13.931041
2000-02-25,17.625,18.25,17.5625,17.75,305300,14.231711
2000-02-24,18.0625,18.125,17.625,18.00,147600,14.432158
2000-02-23,18.25,18.50,18.125,18.1875,180500,14.582493
2000-02-22,18.6875,19.0625,18.4375,18.625,266300,14.83305
2000-02-18,18.875,18.875,18.25,18.50,203700,14.733499
2000-02-17,18.6875,19.00,18.5625,18.75,134900,14.932601
2000-02-16,18.50,19.00,18.50,18.75,325600,14.932601
2000-02-15,18.6875,18.8125,18.50,18.50,195500,14.733499
2000-02-14,18.375,18.5625,18.3125,18.5625,229500,14.783275
2000-02-11,18.875,19.00,18.3125,18.50,220100,14.733499
2000-02-10,18.25,18.9375,18.25,18.375,420200,14.633949
2000-02-09,17.75,18.5625,17.4375,18.25,478300,14.534398
2000-02-08,17.75,17.8125,17.375,17.625,461300,14.036645
2000-02-07,18.375,18.50,17.0625,17.3125,474800,13.787768
2000-02-04,18.0625,18.50,18.0625,18.375,387600,14.633949
2000-02-03,18.625,18.6875,17.6875,18.0625,367500,14.385072
2000-02-02,18.75,19.00,18.3125,18.8125,253400,14.982376
2000-02-01,18.875,19.25,18.3125,18.9375,338100,15.081927
2000-01-31,18.875,19.125,18.5625,18.9375,154700,15.081927
2000-01-28,19.25,19.375,18.8125,18.8125,236900,14.982376
2000-01-27,19.25,19.625,19.25,19.4375,440600,15.480129
2000-01-26,19.3125,19.4375,18.75,18.875,279000,15.032151
2000-01-25,20.375,21.00,19.125,19.5625,328200,15.57968
2000-01-24,20.375,20.6875,20.0625,20.25,199900,16.127209
2000-01-21,20.8125,21.125,20.3125,20.375,477200,16.22676
2000-01-20,21.25,21.3125,20.4375,20.5625,342400,16.376086
2000-01-19,21.4375,21.5625,21.125,21.25,325200,16.923614
2000-01-18,20.6875,21.50,20.375,21.4375,188500,17.07294
2000-01-14,21.4375,21.5625,21.0625,21.3125,150100,16.97339
2000-01-13,21.125,21.875,21.00,21.5625,306500,17.172491
2000-01-12,21.1875,21.9375,21.00,21.375,158200,17.023165
2000-01-11,21.625,21.875,21.375,21.4375,264300,17.07294
2000-01-10,21.25,21.75,21.25,21.4375,207000,17.07294
2000-01-07,21.25,21.625,20.9375,21.375,207800,17.023165
2000-01-06,21.125,21.3125,20.875,21.25,232700,16.923614
2000-01-05,20.6875,21.625,20.6875,21.0625,214000,16.774288
2000-01-04,21.9375,22.125,20.875,20.9375,338700,16.674738
2000-01-03,22.00,22.09375,21.6875,21.9375,286700,17.471143
