Date,Open,High,Low,Close,Volume,Adj_Close
2016-04-01,1295.00,1309.00,1295.00,1300.00,15900,1284.218
2016-03-31,1303.00,1320.00,1298.00,1319.00,34700,1302.988
2016-03-30,1295.00,1330.00,1295.00,1322.00,7900,1305.951
2016-03-29,1320.00,1320.00,1306.00,1320.00,19700,1303.976
2016-03-28,1315.00,1315.00,1315.00,1315.00,000,1299.036
2016-03-24,1301.00,1334.00,1301.00,1315.00,24800,1299.036
2016-03-23,1240.00,1327.00,1240.00,1316.00,86500,1300.024
2016-03-22,1246.00,1264.00,1243.00,1264.00,17400,1248.656
2016-03-21,1225.00,1258.00,1219.00,1254.00,32700,1238.777
2016-03-18,1206.00,1220.00,1200.00,1211.00,19100,1196.299
2016-03-17,1207.00,1210.00,1180.50,1210.00,19500,1195.311
2016-03-16,1204.00,1211.65,1189.00,1203.00,8800,1188.396
2016-03-15,1190.00,1195.00,1179.00,1195.00,27900,1180.493
2016-03-14,1173.00,1188.35,1173.00,1186.00,46600,1171.602
2016-03-11,1174.00,1189.00,1166.00,1181.00,29500,1166.663
2016-03-10,1141.00,1183.00,1138.00,1170.00,17400,1155.797
2016-03-09,1136.00,1150.00,1136.00,1144.00,4900,1130.112
2016-03-08,1150.00,1150.00,1132.00,1140.00,29000,1126.161
2016-03-07,1145.00,1153.60,1130.00,1135.00,25800,1121.222
2016-03-04,1140.00,1150.00,1127.00,1144.00,16700,1130.112
2016-03-03,1100.00,1150.00,1098.00,1135.00,35200,1121.222
2016-03-02,990.00,1125.00,983.00,1100.00,134500,1086.646
2016-03-01,953.00,964.00,948.00,956.50,13100,944.888
2016-02-29,968.00,970.50,942.50,942.50,83000,931.058
2016-02-26,980.00,980.00,957.761,973.00,135600,961.188
2016-02-25,952.50,969.50,950.00,958.50,12600,946.864
2016-02-24,961.00,961.00,941.85,950.00,7100,938.467
2016-02-23,950.00,951.00,936.00,950.00,34600,938.467
2016-02-22,940.50,948.50,936.615,950.00,7200,938.467
2016-02-19,944.00,950.00,935.00,950.00,8000,938.467
2016-02-18,960.00,960.00,940.00,948.00,4300,936.492
2016-02-17,949.50,950.00,940.00,950.00,9800,938.467
2016-02-16,950.00,950.50,942.00,942.00,27300,930.564
2016-02-15,970.00,972.281,944.55,960.00,21700,948.346
2016-02-12,951.50,951.60,935.875,943.50,12700,932.046
2016-02-11,980.00,980.00,940.50,947.00,65700,935.504
2016-02-10,990.00,991.50,974.50,980.00,21300,968.103
2016-02-09,986.00,993.25,979.00,985.00,5800,973.042
2016-02-08,999.50,999.50,986.00,995.00,7600,982.921
2016-02-05,999.50,999.50,982.50,995.00,3900,982.921
2016-02-04,1030.00,1030.00,978.00,995.50,22700,983.415
2016-02-03,1065.00,1065.00,970.50,1030.00,37800,1017.496
2016-02-02,1069.00,1075.00,1065.00,1065.00,13800,1052.071
2016-02-01,1090.00,1090.00,1067.00,1075.00,12100,1061.95
2016-01-29,1090.00,1090.00,1073.00,1080.00,189400,1066.889
2016-01-28,1097.00,1098.50,1073.00,1090.00,10700,1076.768
2016-01-27,1097.00,1102.00,1086.19,1095.00,11400,1081.707
2016-01-26,1100.00,1102.00,1080.00,1093.00,9900,1079.731
2016-01-25,1100.00,1106.00,1087.00,1105.00,13100,1091.586
2016-01-22,1070.00,1100.00,1070.00,1098.00,33600,1084.671
2016-01-21,1079.00,1084.00,1065.00,1080.00,6200,1066.889
2016-01-20,1090.00,1090.00,1069.50,1087.00,12900,1073.804
2016-01-19,1110.00,1110.00,1079.25,1097.00,8200,1083.683
2016-01-18,1092.00,1103.50,1072.03,1090.00,21800,1076.768
2016-01-15,1108.00,1110.00,1092.00,1102.00,8300,1088.622
2016-01-14,1107.00,1124.00,1070.00,1102.00,21900,1088.622
2016-01-13,1113.00,1125.80,1093.00,1095.00,13600,1081.707
2016-01-12,1132.00,1138.00,1115.00,1120.00,7500,1106.404
2016-01-11,1131.00,1168.50,1125.75,1127.00,12900,1113.319
2016-01-08,1120.00,1154.00,1120.00,1154.00,13000,1139.991
2016-01-07,1120.00,1148.00,1087.00,1115.00,34400,1101.464
2016-01-06,1145.00,1158.00,1130.00,1157.00,6800,1142.954
2016-01-05,1153.00,1160.00,1144.00,1159.00,3200,1144.93
2016-01-04,1169.00,1169.00,1138.00,1144.00,7500,1130.112
2015-12-31,1147.00,1200.00,1145.25,1168.00,28900,1153.821
2015-12-30,1137.00,1145.00,1124.00,1145.00,7900,1131.10
2015-12-29,1120.00,1140.00,1090.00,1137.00,19200,1123.197
2015-12-28,1090.00,1090.00,1090.00,1090.00,000,1076.768
2015-12-25,1090.00,1090.00,1090.00,1090.00,000,1076.768
2015-12-24,1097.00,1120.00,1090.00,1090.00,1300,1076.768
2015-12-23,1090.00,1104.00,1082.00,1101.00,2600,1087.634
2015-12-22,1080.00,1100.00,1079.00,1100.00,6800,1086.646
2015-12-21,1080.00,1092.00,1080.00,1089.00,9300,1075.78
2015-12-18,1070.00,1100.00,1070.00,1088.00,10400,1074.792
2015-12-17,1062.00,1100.00,1062.00,1097.00,12600,1083.683
2015-12-16,1075.00,1075.00,1060.00,1074.00,85500,1060.962
2015-12-15,1060.00,1069.00,1056.00,1058.00,31600,1045.156
2015-12-14,1060.00,1060.00,1048.00,1059.00,113900,1046.144
2015-12-11,1049.00,1057.00,1047.00,1057.00,25800,1044.168
2015-12-10,1030.00,1057.00,1030.00,1050.00,13500,1037.253
2015-12-09,1060.00,1065.00,1045.00,1055.00,19200,1042.193
2015-12-08,1030.00,1060.00,1030.00,1051.00,63900,1038.241
2015-12-07,1040.00,1062.00,1034.00,1056.00,58100,1043.181
2015-12-04,1050.00,1058.00,1030.00,1036.00,23700,1023.423
2015-12-03,1019.00,1042.00,996.00,1042.00,96700,1029.351
2015-12-02,1021.00,1034.00,1000.00,1021.00,28500,1008.605
2015-12-01,985.00,1029.52,985.00,1021.00,45500,1008.605
2015-11-30,968.00,994.50,950.50,990.00,29000,977.982
2015-11-27,942.50,964.50,934.50,960.50,241300,948.84
2015-11-26,919.00,938.50,900.00,938.50,32200,927.107
2015-11-25,965.00,965.00,923.50,925.50,13300,914.265
2015-11-24,925.00,959.00,919.591,940.00,23800,928.589
2015-11-23,919.50,930.00,911.247,918.00,12700,906.856
2015-11-20,910.00,925.398,902.393,915.00,24900,903.892
2015-11-19,936.50,939.50,908.50,919.50,25700,908.338
2015-11-18,930.00,939.50,921.00,934.00,17600,922.662
2015-11-17,940.00,950.00,915.00,920.00,88800,908.832
2015-11-16,919.50,938.00,911.00,935.00,212700,923.649
2015-11-13,910.50,920.00,900.00,917.50,13900,906.362
2015-11-12,910.00,915.00,900.00,914.50,19600,903.398
2015-11-11,942.00,942.00,894.50,914.00,25500,902.904
2015-11-10,955.00,955.00,921.50,936.00,14300,924.637
2015-11-09,944.00,948.00,934.50,940.00,113600,928.589
2015-11-06,941.00,950.00,921.04,942.00,21200,930.564
2015-11-05,965.00,965.00,940.00,940.00,102900,928.589
2015-11-04,980.00,980.00,950.50,961.50,22800,949.828
2015-11-03,957.50,978.50,957.50,972.00,12500,960.20
2015-11-02,950.50,968.125,950.50,960.00,9300,948.346
2015-10-30,980.00,980.00,959.50,959.50,8400,947.852
2015-10-29,989.00,997.00,965.00,973.00,21200,961.188
2015-10-28,990.00,999.50,971.00,999.00,21300,986.873
2015-10-27,981.00,992.00,970.50,970.50,10200,958.719
2015-10-26,971.50,992.50,970.50,979.50,67700,967.609
2015-10-23,930.00,976.50,930.00,974.00,21600,962.176
2015-10-22,949.00,955.50,933.50,935.50,22900,924.143
2015-10-21,947.00,957.00,946.50,946.50,8900,935.01
2015-10-20,945.50,946.55,932.079,943.50,20900,932.046
2015-10-19,944.50,958.00,940.00,947.50,10800,935.998
2015-10-16,945.00,962.50,941.25,944.50,16300,933.034
2015-10-15,949.50,951.50,946.50,948.00,5000,936.492
2015-10-14,980.00,986.50,951.00,951.00,20600,939.455
2015-10-13,1003.00,1004.00,985.00,987.50,15400,975.512
2015-10-12,1000.00,1001.00,992.00,1001.00,16500,988.848
2015-10-09,990.00,1002.88,990.00,995.50,10800,983.415
2015-10-08,990.00,990.00,984.60,988.00,20500,976.006
2015-10-07,982.00,989.50,974.50,985.00,51600,973.042
2015-10-06,968.50,981.50,960.50,975.00,69000,963.164
2015-10-05,940.00,969.50,940.00,965.50,52100,953.779
2015-10-02,931.50,958.50,931.50,958.50,11400,946.864
2015-10-01,926.00,947.10,926.00,933.50,29500,922.168
2015-09-30,961.50,962.25,930.00,931.00,51900,911.993
2015-09-29,970.00,970.00,945.00,955.00,114300,935.503
2015-09-28,961.00,970.00,942.50,953.50,90200,934.033
2015-09-25,950.00,974.00,950.00,959.00,43800,939.421
2015-09-24,951.50,960.00,947.00,955.00,79000,935.503
2015-09-23,940.00,956.00,940.00,950.50,158300,931.095
2015-09-22,951.00,962.50,951.00,955.00,55100,935.503
2015-09-21,980.00,980.00,944.50,956.50,51900,936.972
2015-09-18,993.00,1009.20,964.50,964.50,534400,944.809
2015-09-17,1000.00,1014.00,993.00,993.00,59900,972.727
2015-09-16,1050.00,1065.54,1000.00,1000.00,54400,979.584
2015-09-15,1110.00,1111.15,1061.00,1061.00,348800,1039.339
2015-09-14,1080.00,1097.00,1080.00,1097.00,130800,1074.604
2015-09-11,1085.00,1111.00,1085.00,1099.00,71200,1076.563
2015-09-10,1080.00,1100.00,1080.00,1097.00,85900,1074.604
2015-09-09,1110.00,1110.00,1080.00,1090.00,97600,1067.747
2015-09-08,1080.00,1097.00,1078.00,1080.00,76000,1057.951
2015-09-07,1076.00,1094.00,1076.00,1080.00,83300,1057.951
2015-09-04,1070.00,1090.00,1070.00,1080.00,85900,1057.951
2015-09-03,1070.00,1080.00,1058.25,1076.00,157800,1054.032
2015-09-02,1040.00,1078.00,1040.00,1074.00,77000,1052.073
2015-09-01,1025.00,1062.18,1025.00,1052.00,36400,1030.522
2015-08-31,1045.00,1045.00,1045.00,1045.00,000,1023.665
2015-08-28,1033.00,1060.00,1033.00,1045.00,26700,1023.665
2015-08-27,1010.00,1050.98,994.844,1033.00,69000,1011.91
2015-08-26,970.00,1036.00,960.00,1035.00,59100,1013.869
2015-08-25,975.00,997.00,958.50,970.50,422900,950.686
2015-08-24,1060.00,1061.00,999.50,1011.00,58100,990.359
2015-08-21,1124.00,1124.00,1070.00,1075.00,46800,1053.053
2015-08-20,1095.00,1119.00,1086.00,1104.00,43200,1081.461
2015-08-19,1125.00,1125.00,1095.00,1110.00,52600,1087.338
2015-08-18,1135.00,1140.00,1107.00,1129.00,15400,1105.95
2015-08-17,1134.00,1139.00,1095.00,1109.00,12200,1086.359
2015-08-14,1119.00,1133.25,1114.00,1131.00,23900,1107.91
2015-08-13,1140.00,1140.00,1115.00,1121.00,5400,1098.114
2015-08-12,1150.00,1150.00,1117.00,1117.00,47300,1094.195
2015-08-11,1153.00,1153.00,1130.00,1138.00,14900,1114.767
2015-08-10,1130.00,1136.00,1116.00,1130.00,13700,1106.93
2015-08-07,1121.00,1142.00,1121.00,1137.00,117400,1113.787
2015-08-06,1115.00,1138.00,1113.00,1121.00,16600,1098.114
2015-08-05,1122.00,1145.00,1112.00,1135.00,65500,1111.828
2015-08-04,1120.00,1123.00,1105.00,1110.00,16200,1087.338
2015-08-03,1080.00,1120.00,1080.00,1114.00,44100,1091.257
2015-07-31,1100.00,1117.00,1060.00,1114.00,43100,1091.257
2015-07-30,1145.00,1145.00,1075.00,1093.00,29500,1070.685
2015-07-29,1170.00,1170.00,1111.73,1125.00,22100,1102.032
2015-07-28,1152.00,1162.00,1147.00,1154.00,20200,1130.44
2015-07-27,1185.00,1205.00,1150.00,1151.00,16500,1127.501
2015-07-24,1220.00,1224.00,1189.64,1191.00,45900,1166.685
2015-07-23,1220.00,1239.00,1220.00,1223.00,12800,1198.031
2015-07-22,1250.00,1250.00,1228.00,1240.00,5900,1214.684
2015-07-21,1270.00,1270.00,1236.00,1236.00,32400,1210.766
2015-07-20,1260.00,1279.36,1260.00,1262.00,23300,1236.235
2015-07-17,1290.00,1290.00,1265.00,1270.00,22400,1244.072
2015-07-16,1295.00,1295.00,1260.00,1266.00,53900,1240.153
2015-07-15,1300.00,1300.00,1266.00,1268.00,35300,1242.113
2015-07-14,1303.00,1303.00,1271.00,1285.00,15700,1258.765
2015-07-13,1320.00,1320.00,1290.00,1296.00,50500,1269.541
2015-07-10,1284.00,1319.00,1271.04,1294.00,81900,1267.582
2015-07-09,1285.00,1295.00,1282.00,1284.00,69900,1257.786
2015-07-08,1315.00,1315.00,1280.00,1285.00,18600,1258.765
2015-07-07,1338.00,1338.00,1309.38,1313.00,37600,1286.194
2015-07-06,1330.00,1354.00,1330.00,1330.00,19900,1302.847
2015-07-03,1349.00,1360.00,1340.00,1355.00,20700,1327.336
2015-07-02,1350.00,1357.84,1345.00,1355.00,8800,1327.336
2015-07-01,1350.00,1360.00,1346.00,1360.00,17700,1332.234
2015-06-30,1335.00,1360.00,1335.00,1354.00,30800,1326.357
2015-06-29,1345.00,1355.22,1317.00,1350.00,15400,1322.438
2015-06-26,1360.00,1378.00,1350.00,1361.00,17600,1333.214
2015-06-25,1389.00,1395.00,1355.00,1374.00,44500,1345.948
2015-06-24,1400.00,1400.00,1368.40,1392.00,24700,1363.581
2015-06-23,1375.00,1400.00,1375.00,1399.00,13500,1370.438
2015-06-22,1355.00,1385.00,1355.00,1385.00,29100,1356.724
2015-06-19,1347.00,1369.00,1340.00,1366.00,48200,1338.112
2015-06-18,1340.00,1370.00,1340.00,1353.00,23900,1325.377
2015-06-17,1320.00,1360.00,1320.00,1360.00,15400,1332.234
2015-06-16,1310.00,1329.00,1310.00,1326.00,45200,1298.928
2015-06-15,1370.00,1370.00,1324.00,1324.00,41700,1296.969
2015-06-12,1330.00,1367.00,1330.00,1365.00,27300,1337.132
2015-06-11,1349.00,1366.00,1339.00,1362.00,13900,1334.193
2015-06-10,1340.00,1350.00,1326.00,1340.00,261400,1312.643
2015-06-09,1340.00,1340.00,1316.00,1335.00,18300,1307.745
2015-06-08,1335.00,1339.00,1320.00,1332.00,22800,1304.806
2015-06-05,1300.00,1335.00,1300.00,1335.00,22000,1307.745
2015-06-04,1300.00,1324.00,1300.00,1308.00,9100,1281.296
2015-06-03,1330.00,1336.00,1300.00,1304.00,41800,1277.378
2015-06-02,1345.00,1349.00,1304.00,1319.00,13800,1292.071
2015-06-01,1321.00,1341.00,1316.00,1316.00,15800,1289.133
2015-05-29,1319.00,1338.00,1318.17,1331.00,15300,1303.826
2015-05-28,1326.00,1338.00,1326.00,1331.00,36400,1303.826
2015-05-27,1305.00,1325.00,1300.00,1322.00,6300,1295.01
2015-05-26,1329.00,1329.00,1295.00,1296.00,114800,1269.541
2015-05-25,1317.00,1317.00,1317.00,1317.00,000,1290.112
2015-05-22,1324.00,1328.00,1310.00,1317.00,5300,1290.112
2015-05-21,1321.00,1331.00,1312.60,1313.00,11200,1286.194
2015-05-20,1310.00,1347.00,1309.00,1323.00,96500,1295.99
2015-05-19,1320.00,1348.00,1320.00,1337.00,23900,1309.704
2015-05-18,1320.00,1347.00,1320.00,1344.00,7000,1316.561
2015-05-15,1360.00,1360.00,1328.15,1348.00,288000,1320.479
2015-05-14,1324.00,1360.00,1308.48,1357.00,36800,1329.296
2015-05-13,1283.00,1326.00,1268.48,1325.00,28400,1297.949
2015-05-12,1262.00,1294.00,1262.00,1287.00,20300,1260.725
2015-05-11,1240.00,1296.00,1240.00,1295.00,36600,1268.561
2015-05-08,1210.00,1274.00,1208.53,1261.00,151600,1235.255
2015-05-07,1185.00,1205.00,1185.00,1205.00,18000,1180.399
2015-05-06,1175.00,1204.60,1170.00,1186.00,36700,1161.787
2015-05-05,1175.00,1185.00,1162.00,1179.00,50500,1154.93
2015-05-04,1168.00,1168.00,1168.00,1168.00,000,1144.154
2015-05-01,1166.00,1187.00,1150.00,1168.00,54000,1144.154
2015-04-30,1280.00,1280.00,1156.00,1156.00,155500,1132.399
2015-04-29,1320.00,1341.00,1303.00,1303.00,36300,1276.398
2015-04-28,1354.00,1355.00,1325.00,1335.00,18700,1307.745
2015-04-27,1321.00,1360.00,1321.00,1358.00,23300,1330.275
2015-04-24,1355.00,1356.00,1318.00,1344.00,13600,1316.561
2015-04-23,1320.00,1346.48,1320.00,1324.00,28500,1296.969
2015-04-22,1295.00,1348.00,1295.00,1346.00,28900,1318.52
2015-04-21,1310.00,1324.00,1302.00,1303.00,25100,1276.398
2015-04-20,1310.00,1335.00,1310.00,1323.00,12200,1295.99
2015-04-17,1290.00,1336.00,1290.00,1320.00,25700,1293.051
2015-04-16,1285.00,1325.00,1285.00,1315.00,17400,1288.153
2015-04-15,1287.00,1324.00,1285.00,1310.00,23300,1283.255
2015-04-14,1292.00,1325.00,1292.00,1323.00,24100,1295.99
2015-04-13,1303.00,1327.00,1285.00,1305.00,17600,1278.357
2015-04-10,1325.00,1340.00,1297.30,1327.00,17000,1299.908
2015-04-09,1300.00,1318.00,1291.00,1309.00,44000,1282.276
2015-04-08,1320.00,1348.00,1315.00,1317.00,27900,1275.516
2015-04-07,1279.00,1319.00,1276.80,1311.00,83200,1269.705
2015-04-06,1278.00,1278.00,1278.00,1278.00,000,1237.745
2015-04-03,1278.00,1278.00,1278.00,1278.00,000,1237.745
2015-04-02,1320.00,1320.00,1272.34,1278.00,29700,1237.745
2015-04-01,1314.00,1316.00,1282.00,1282.00,28600,1241.619
2015-03-31,1370.00,1370.00,1309.00,1309.00,40900,1267.768
2015-03-30,1348.00,1351.00,1331.00,1347.00,10200,1304.571
2015-03-27,1370.00,1370.00,1342.15,1347.00,19000,1304.571
2015-03-26,1380.00,1380.00,1335.63,1343.00,15700,1300.697
2015-03-25,1384.00,1384.00,1357.07,1370.00,26600,1326.847
2015-03-24,1384.00,1394.00,1376.00,1376.00,23000,1332.658
2015-03-23,1425.00,1425.00,1371.00,1371.00,26300,1327.815
2015-03-20,1440.00,1442.00,1400.00,1401.00,59500,1356.87
2015-03-19,1440.00,1440.00,1423.00,1423.00,75200,1378.177
2015-03-18,1405.00,1438.00,1400.00,1436.00,43300,1390.768
2015-03-17,1413.00,1413.00,1379.85,1400.00,31000,1355.902
2015-03-16,1407.00,1413.00,1379.00,1386.00,83700,1342.343
2015-03-13,1400.00,1406.00,1377.00,1400.00,226200,1355.902
2015-03-12,1378.00,1395.00,1358.00,1390.00,40600,1346.217
2015-03-11,1342.00,1370.00,1341.00,1368.00,79600,1324.91
2015-03-10,1320.00,1374.00,1303.00,1374.00,84000,1330.721
2015-03-09,1275.00,1319.00,1248.00,1310.00,84500,1268.737
2015-03-06,1297.00,1312.00,1294.00,1297.00,22900,1256.146
2015-03-05,1270.00,1311.00,1270.00,1310.00,23800,1268.737
2015-03-04,1250.00,1300.00,1238.00,1285.00,59100,1244.524
2015-03-03,1161.00,1250.00,1161.00,1250.00,158100,1210.627
2015-03-02,1162.00,1189.00,1146.00,1160.00,10300,1123.462
2015-02-27,1200.00,1200.00,1162.16,1174.00,15100,1137.021
2015-02-26,1200.00,1200.00,1179.00,1186.00,18800,1148.643
2015-02-25,1185.00,1194.00,1160.00,1181.00,127700,1143.80
2015-02-24,1183.00,1184.00,1160.00,1169.00,66700,1132.178
2015-02-23,1190.00,1197.16,1163.00,1177.00,15500,1139.926
2015-02-20,1160.00,1204.00,1160.00,1196.00,17500,1158.328
2015-02-19,1185.00,1185.00,1148.00,1181.00,111400,1143.80
2015-02-18,1185.00,1185.00,1164.29,1170.00,35800,1133.147
2015-02-17,1185.00,1185.00,1160.00,1177.00,17900,1139.926
2015-02-16,1180.00,1180.00,1147.59,1160.00,24300,1123.462
2015-02-13,1154.00,1181.00,1146.00,1150.00,49200,1113.777
2015-02-12,1145.00,1172.00,1145.00,1169.00,9600,1132.178
2015-02-11,1136.00,1170.00,1136.00,1170.00,15100,1133.147
2015-02-10,1160.00,1164.50,1125.00,1152.00,22000,1115.714
2015-02-09,1130.00,1155.00,1123.00,1137.00,11000,1101.186
2015-02-06,1145.00,1157.00,1137.00,1152.00,21600,1115.714
2015-02-05,1128.00,1145.00,1119.00,1145.00,6300,1108.934
2015-02-04,1130.00,1133.00,1104.00,1128.00,13300,1092.47
2015-02-03,1090.00,1128.00,1089.49,1126.00,159800,1090.533
2015-02-02,1133.00,1133.00,1080.00,1097.00,21600,1062.446
2015-01-30,1102.00,1125.00,1097.91,1100.00,158400,1065.352
2015-01-29,1120.00,1146.68,1100.00,1107.00,84100,1072.131
2015-01-28,1175.00,1175.00,1136.00,1148.00,3400,1111.84
2015-01-27,1175.00,1175.00,1142.00,1142.00,32600,1106.029
2015-01-26,1110.00,1180.00,1110.00,1143.00,46200,1106.997
2015-01-23,1125.00,1138.00,1113.00,1137.00,36000,1101.186
2015-01-22,1080.00,1124.00,1064.76,1118.00,218400,1082.785
2015-01-21,1065.00,1077.00,1055.00,1068.00,11900,1034.359
2015-01-20,1045.00,1065.00,1017.96,1065.00,211900,1031.454
2015-01-19,1065.00,1065.00,1035.00,1038.00,48900,1005.304
2015-01-16,1065.00,1065.00,1037.00,1060.00,118500,1026.611
2015-01-15,1100.00,1100.00,1032.00,1041.00,67300,1008.21
2015-01-14,1090.00,1090.00,1062.93,1066.00,31800,1032.422
2015-01-13,1083.00,1104.84,1063.00,1077.00,100200,1043.076
2015-01-12,1140.00,1140.00,1096.08,1108.00,31200,1073.10
2015-01-09,1145.00,1145.00,1122.00,1128.00,15200,1092.47
2015-01-08,1150.00,1150.00,1130.00,1140.00,20800,1104.092
2015-01-07,1152.00,1152.00,1123.68,1140.00,28300,1104.092
2015-01-06,1160.00,1165.00,1142.00,1149.00,37200,1112.808
2015-01-05,1176.00,1192.00,1162.00,1162.00,15000,1125.399
2015-01-02,1165.00,1197.57,1165.00,1180.00,13200,1142.832
2015-01-01,1199.00,1199.00,1199.00,1199.00,000,1161.233
2014-12-31,1160.00,1200.00,1160.00,1199.00,4900,1161.233
2014-12-30,1183.00,1196.00,1162.00,1178.00,22400,1140.895
2014-12-29,1175.00,1190.00,1159.20,1182.00,74000,1144.769
2014-12-26,1175.00,1175.00,1175.00,1175.00,000,1137.989
2014-12-25,1175.00,1175.00,1175.00,1175.00,000,1137.989
2014-12-24,1175.00,1175.00,1150.00,1175.00,12500,1137.989
2014-12-23,1175.00,1175.00,1150.00,1159.00,33600,1122.493
2014-12-22,1184.00,1194.00,1167.00,1173.00,49300,1136.052
2014-12-19,1160.00,1189.76,1140.00,1181.00,95600,1143.80
2014-12-18,1115.00,1154.00,1115.00,1143.00,779400,1106.997
2014-12-17,1139.00,1140.00,1121.00,1140.00,29200,1104.092
2014-12-16,1110.00,1141.81,1110.00,1136.00,48000,1100.218
2014-12-15,1125.00,1154.96,1123.69,1125.00,22600,1089.564
2014-12-12,1125.00,1155.00,1125.00,1140.00,102300,1104.092
2014-12-11,1150.00,1155.00,1140.00,1154.00,23700,1117.651
2014-12-10,1120.00,1158.00,1120.00,1151.00,32800,1114.745
2014-12-09,1145.00,1154.44,1125.00,1141.00,32300,1105.06
2014-12-08,1095.00,1142.00,1095.00,1139.00,39800,1103.123
2014-12-05,1092.00,1130.21,1085.50,1129.00,84400,1093.438
2014-12-04,1056.00,1095.00,1056.00,1094.00,32100,1059.541
2014-12-03,1041.00,1069.00,1041.00,1056.00,92200,1022.737
2014-12-02,1020.00,1057.00,1013.00,1040.00,368400,1007.241
2014-12-01,1060.00,1060.00,1003.00,1007.00,33800,975.281
2014-11-28,1030.00,1063.51,1030.00,1051.00,433400,1017.895
2014-11-27,1034.00,1059.85,1028.00,1040.00,35700,1007.241
2014-11-26,1050.00,1069.00,1025.00,1031.00,130600,998.525
2014-11-25,1110.00,1110.00,1052.00,1059.00,48600,1025.643
2014-11-24,1099.00,1099.00,1079.47,1080.00,22900,1045.982
2014-11-21,1080.00,1100.00,1080.00,1084.00,20100,1049.856
2014-11-20,1104.00,1105.00,1080.00,1088.00,98400,1053.73
2014-11-19,1120.00,1120.00,1080.00,1082.00,60100,1047.919
2014-11-18,1125.00,1126.12,1077.34,1087.00,50700,1052.761
2014-11-17,1165.00,1165.00,1098.00,1098.00,48500,1063.415
2014-11-14,1183.00,1183.00,1140.00,1147.00,22200,1110.871
2014-11-13,1174.00,1205.00,1174.00,1183.00,16900,1145.737
2014-11-12,1200.00,1200.00,1165.00,1172.00,24300,1135.084
2014-11-11,1215.00,1215.00,1168.00,1168.00,23100,1131.21
2014-11-10,1228.00,1228.00,1185.00,1195.00,28700,1157.359
2014-11-07,1260.00,1260.00,1200.00,1201.00,21600,1163.17
2014-11-06,1237.00,1259.00,1235.00,1240.00,15600,1200.942
2014-11-05,1300.00,1300.00,1237.00,1238.00,339600,1199.005
2014-11-04,1275.00,1293.00,1269.00,1277.00,15900,1236.776
2014-11-03,1320.00,1321.31,1276.00,1291.00,28200,1250.335
2014-10-31,1290.00,1313.00,1290.00,1306.00,16600,1264.863
2014-10-30,1260.00,1300.00,1260.00,1297.00,15300,1256.146
2014-10-29,1219.00,1299.00,1219.00,1274.00,25000,1233.871
2014-10-28,1203.00,1245.00,1203.00,1238.00,22300,1199.005
2014-10-27,1195.00,1225.00,1195.00,1218.00,20800,1179.635
2014-10-24,1220.00,1225.00,1201.00,1221.00,17300,1182.54
2014-10-23,1200.00,1212.00,1191.16,1207.00,10700,1168.981
2014-10-22,1205.00,1205.00,1194.00,1204.00,19900,1166.076
2014-10-21,1155.00,1210.00,1155.00,1200.00,118700,1162.202
2014-10-20,1158.00,1163.61,1147.00,1156.00,41700,1119.588
2014-10-17,1140.00,1158.00,1121.00,1158.00,60300,1121.525
2014-10-16,1194.00,1194.00,1040.00,1116.00,124200,1080.848
2014-10-15,1219.00,1219.00,1155.00,1155.00,226200,1118.619
2014-10-14,1234.00,1234.00,1178.00,1197.00,100800,1159.296
2014-10-13,1250.00,1274.32,1216.00,1216.00,131700,1177.698
2014-10-10,1254.00,1268.00,1253.00,1255.00,24900,1215.469
2014-10-09,1321.00,1321.00,1245.00,1257.00,38900,1217.406
2014-10-08,1291.00,1304.00,1287.00,1287.00,120700,1246.461
2014-10-07,1291.00,1311.68,1291.00,1304.00,17900,1262.926
2014-10-06,1301.00,1307.43,1293.00,1300.00,20200,1259.052
2014-10-03,1314.00,1314.00,1288.60,1300.00,15000,1259.052
2014-10-02,1316.00,1316.00,1282.00,1297.00,43800,1256.146
2014-10-01,1322.00,1323.00,1225.00,1294.00,59600,1253.241
2014-09-30,1368.00,1368.00,1304.00,1326.00,24800,1277.356
2014-09-29,1331.00,1355.56,1331.00,1340.00,4800,1290.843
2014-09-26,1330.00,1362.00,1330.00,1346.00,6800,1296.623
2014-09-25,1343.00,1356.32,1330.00,1330.00,53100,1281.21
2014-09-24,1366.00,1366.00,1340.00,1340.00,8200,1290.843
2014-09-23,1330.00,1362.80,1330.00,1344.00,9900,1294.696
2014-09-22,1364.00,1367.00,1334.40,1359.00,199100,1309.146
2014-09-19,1329.00,1369.00,1319.00,1351.00,55200,1301.439
2014-09-18,1314.00,1330.00,1303.10,1305.00,41200,1257.127
2014-09-17,1348.00,1348.00,1291.00,1305.00,95100,1257.127
2014-09-16,1328.00,1339.05,1308.00,1310.00,43600,1261.943
2014-09-15,1326.00,1352.45,1320.00,1327.00,37300,1278.32
2014-09-12,1327.00,1363.00,1327.00,1359.00,11100,1309.146
2014-09-11,1325.00,1355.00,1325.00,1330.00,26100,1281.21
2014-09-10,1325.00,1334.00,1325.00,1330.00,14400,1281.21
2014-09-09,1365.00,1365.00,1330.00,1330.00,19700,1281.21
2014-09-08,1358.00,1358.00,1330.00,1330.00,21800,1281.21
2014-09-05,1367.00,1370.00,1351.00,1351.00,17200,1301.439
2014-09-04,1364.00,1382.00,1358.00,1362.00,8700,1312.036
2014-09-03,1342.00,1381.76,1329.00,1370.00,18700,1319.742
2014-09-02,1348.00,1360.00,1330.00,1340.00,26000,1290.843
2014-09-01,1325.00,1349.00,1325.00,1349.00,12000,1299.513
2014-08-29,1359.00,1371.40,1325.00,1339.00,15100,1289.88
2014-08-28,1370.00,1389.20,1350.00,1350.00,12600,1300.476
2014-08-27,1381.00,1416.56,1366.00,1370.00,59500,1319.742
2014-08-26,1368.00,1371.00,1335.00,1355.00,22100,1305.293
2014-08-25,1372.00,1372.00,1372.00,1372.00,000,1321.669
2014-08-22,1353.00,1372.00,1337.00,1372.00,15400,1321.669
2014-08-21,1364.00,1376.00,1355.00,1356.00,12700,1306.256
2014-08-20,1406.00,1406.00,1336.00,1336.00,18100,1286.99
2014-08-19,1417.00,1430.00,1388.00,1389.00,16300,1338.045
2014-08-18,1438.00,1438.00,1405.00,1416.00,7000,1364.055
2014-08-15,1429.00,1445.00,1408.07,1411.00,12500,1359.238
2014-08-14,1403.00,1440.00,1391.86,1433.00,24000,1380.431
2014-08-13,1378.00,1400.00,1367.00,1400.00,10000,1348.642
2014-08-12,1370.00,1378.00,1353.00,1370.00,11200,1319.742
2014-08-11,1351.00,1377.00,1351.00,1362.00,11300,1312.036
2014-08-08,1362.00,1385.00,1350.00,1357.00,19000,1307.219
2014-08-07,1400.00,1404.00,1362.00,1362.00,18900,1312.036
2014-08-06,1371.00,1400.00,1371.00,1399.00,14100,1347.679
2014-08-05,1350.00,1398.00,1341.50,1398.00,26100,1346.715
2014-08-04,1334.00,1357.00,1333.00,1350.00,7700,1300.476
2014-08-01,1321.00,1356.00,1305.00,1353.00,21300,1303.366
2014-07-31,1316.00,1316.28,1300.00,1315.00,10100,1266.76
2014-07-30,1343.00,1343.00,1321.00,1329.00,5700,1280.246
2014-07-29,1321.00,1342.20,1315.00,1316.00,6700,1267.723
2014-07-28,1316.00,1331.00,1315.00,1315.00,13400,1266.76
2014-07-25,1311.00,1340.00,1311.00,1340.00,12300,1290.843
2014-07-24,1316.00,1322.04,1305.00,1319.00,11300,1270.613
2014-07-23,1334.00,1340.00,1295.00,1323.00,17700,1274.467
2014-07-22,1301.00,1317.00,1295.00,1305.00,24900,1257.127
2014-07-21,1301.00,1316.00,1300.00,1310.00,14500,1261.943
2014-07-18,1306.00,1321.00,1301.00,1310.00,15000,1261.943
2014-07-17,1349.00,1349.00,1314.00,1330.00,6900,1281.21
2014-07-16,1327.00,1350.00,1317.88,1334.00,9400,1285.063
2014-07-15,1313.00,1354.00,1310.00,1327.00,16400,1278.32
2014-07-14,1315.00,1339.00,1302.00,1331.00,8400,1282.173
2014-07-11,1345.00,1345.00,1290.00,1299.00,25600,1251.347
2014-07-10,1338.00,1349.00,1314.00,1314.00,22400,1265.797
2014-07-09,1364.00,1364.00,1341.00,1341.00,110900,1291.806
2014-07-08,1388.00,1388.00,1336.00,1354.00,31800,1304.329
2014-07-07,1400.00,1400.00,1350.00,1352.00,32500,1302.403
2014-07-04,1400.00,1400.00,1381.75,1400.00,10600,1348.642
2014-07-03,1390.00,1396.00,1370.00,1370.00,12600,1319.742
2014-07-02,1386.00,1414.80,1380.00,1395.00,12400,1343.825
2014-07-01,1386.00,1422.00,1386.00,1400.00,41600,1348.642
2014-06-30,1390.00,1417.00,1387.00,1415.00,10800,1363.092
2014-06-27,1376.00,1415.00,1376.00,1400.00,29300,1348.642
2014-06-26,1329.00,1413.00,1320.00,1403.00,122000,1351.532
2014-06-25,1354.00,1354.00,1310.00,1311.00,10300,1262.907
2014-06-24,1362.00,1364.00,1326.00,1350.00,28500,1300.476
2014-06-23,1389.00,1389.05,1341.00,1355.00,35200,1305.293
2014-06-20,1319.00,1384.00,1315.00,1384.00,33900,1333.229
2014-06-19,1336.00,1339.00,1308.00,1310.00,139400,1261.943
2014-06-18,1309.00,1340.00,1283.00,1340.00,38000,1290.843
2014-06-17,1291.00,1304.99,1280.00,1280.00,34500,1233.044
2014-06-16,1339.00,1339.00,1270.00,1289.00,51200,1241.714
2014-06-13,1322.00,1327.24,1312.00,1314.00,15700,1265.797
2014-06-12,1330.00,1330.00,1311.11,1321.00,39800,1272.54
2014-06-11,1305.00,1320.00,1293.00,1310.00,14000,1261.943
2014-06-10,1315.00,1334.00,1302.00,1307.00,9000,1259.053
2014-06-09,1359.00,1359.00,1315.00,1322.00,11000,1273.503
2014-06-06,1310.00,1356.28,1308.00,1350.00,21600,1300.476
2014-06-05,1300.00,1318.00,1297.52,1310.00,35400,1261.943
2014-06-04,1285.00,1322.00,1285.00,1307.00,7800,1259.053
2014-06-03,1300.00,1313.00,1286.00,1288.00,15000,1240.751
2014-06-02,1330.00,1330.00,1313.00,1320.00,10700,1271.577
2014-05-30,1324.00,1325.00,1307.71,1321.00,38000,1272.54
2014-05-29,1328.00,1329.00,1300.00,1301.00,33100,1253.274
2014-05-28,1320.00,1338.00,1320.00,1337.00,8300,1287.953
2014-05-27,1328.00,1333.75,1311.00,1323.00,17100,1274.467
2014-05-26,1323.00,1323.00,1323.00,1323.00,000,1274.467
2014-05-23,1310.00,1323.00,1301.00,1323.00,15400,1274.467
2014-05-22,1282.00,1328.00,1282.00,1310.00,14900,1261.943
2014-05-21,1287.00,1289.00,1274.00,1289.00,12400,1241.714
2014-05-20,1260.00,1281.80,1260.00,1270.00,47800,1223.411
2014-05-19,1319.00,1319.00,1257.00,1257.00,45600,1210.888
2014-05-16,1354.00,1354.00,1290.00,1290.00,36800,1242.677
2014-05-15,1394.00,1394.00,1324.00,1324.00,27100,1275.43
2014-05-14,1387.00,1398.63,1370.00,1375.00,20200,1324.559
2014-05-13,1352.00,1378.00,1339.00,1378.00,17000,1327.449
2014-05-12,1395.00,1400.12,1320.00,1320.00,34100,1271.577
2014-05-09,1408.00,1416.00,1380.24,1392.00,28600,1340.935
2014-05-08,1396.00,1428.00,1396.00,1409.00,33500,1357.312
2014-05-07,1418.00,1418.00,1393.00,1393.00,23600,1341.899
2014-05-06,1445.00,1445.00,1397.00,1409.00,17700,1357.312
2014-05-05,1445.00,1445.00,1445.00,1445.00,000,1391.991
2014-05-02,1435.00,1468.28,1425.00,1445.00,56700,1391.991
2014-05-01,1322.00,1433.00,1315.00,1433.00,52700,1380.431
2014-04-30,1353.00,1353.00,1290.88,1291.00,41600,1243.64
2014-04-29,1352.00,1366.00,1339.00,1341.00,165300,1291.806
2014-04-28,1372.00,1374.00,1350.00,1350.00,15100,1300.476
2014-04-25,1386.00,1393.00,1360.00,1382.00,14700,1331.302
2014-04-24,1416.00,1420.00,1391.00,1391.00,62400,1339.972
2014-04-23,1416.00,1428.99,1416.00,1420.00,25800,1367.908
2014-04-22,1398.00,1430.00,1398.00,1411.00,16100,1359.238
2014-04-21,1399.00,1399.00,1399.00,1399.00,000,1347.679
2014-04-18,1399.00,1399.00,1399.00,1399.00,000,1347.679
2014-04-17,1416.00,1417.00,1399.00,1399.00,6000,1347.679
2014-04-16,1403.00,1417.00,1397.00,1410.00,21500,1358.275
2014-04-15,1399.00,1420.00,1399.00,1411.00,12000,1359.238
2014-04-14,1427.00,1430.00,1391.00,1412.00,38300,1360.202
2014-04-11,1445.00,1451.32,1424.00,1438.00,11800,1385.248
2014-04-10,1440.00,1471.00,1431.00,1465.00,141900,1411.257
2014-04-09,1381.00,1434.00,1357.25,1434.00,20300,1381.395
2014-04-08,1420.00,1444.75,1332.04,1371.00,25700,1307.662
2014-04-07,1442.00,1474.00,1415.00,1422.00,29300,1356.306
2014-04-04,1461.00,1482.00,1440.00,1450.00,22400,1383.013
2014-04-03,1476.00,1479.84,1464.00,1474.00,97800,1405.904
2014-04-02,1491.00,1509.05,1483.00,1483.00,24800,1414.488
2014-04-01,1476.00,1511.00,1462.60,1501.00,198800,1431.657
2014-03-31,1481.00,1495.82,1463.00,1463.00,18200,1395.412
2014-03-28,1499.00,1504.12,1490.00,1497.00,18000,1427.841
2014-03-27,1512.00,1512.97,1496.66,1500.00,15400,1430.703
2014-03-26,1514.00,1519.00,1500.05,1511.00,28400,1441.195
2014-03-25,1528.00,1534.00,1497.00,1514.00,25700,1444.056
2014-03-24,1540.00,1540.00,1516.00,1528.00,19800,1457.409
2014-03-21,1550.00,1550.00,1515.00,1530.00,224000,1459.317
2014-03-20,1540.00,1549.00,1516.00,1549.00,236200,1477.439
2014-03-19,1546.00,1552.40,1516.00,1529.00,15300,1458.363
2014-03-18,1527.00,1565.00,1525.00,1552.00,25500,1480.301
2014-03-17,1488.00,1535.00,1488.00,1535.00,34200,1464.086
2014-03-14,1473.00,1503.00,1469.90,1503.00,16000,1433.564
2014-03-13,1492.00,1499.88,1474.00,1474.00,9000,1405.904
2014-03-12,1503.00,1509.41,1494.00,1500.00,13700,1430.703
2014-03-11,1509.00,1509.00,1488.00,1509.00,15900,1439.287
2014-03-10,1483.00,1510.00,1476.00,1499.00,25900,1429.749
2014-03-07,1479.00,1488.00,1475.00,1475.00,16600,1406.858
2014-03-06,1485.00,1504.00,1478.00,1482.00,32200,1413.534
2014-03-05,1438.00,1485.00,1438.00,1485.00,34000,1416.396
2014-03-04,1408.00,1439.00,1407.25,1439.00,38700,1372.521
2014-03-03,1381.00,1403.56,1371.00,1390.00,36700,1325.785
2014-02-28,1399.00,1408.00,1389.00,1399.00,21900,1334.369
2014-02-27,1387.00,1401.04,1387.00,1395.00,87700,1330.554
2014-02-26,1384.00,1407.00,1374.45,1404.00,16900,1339.138
2014-02-25,1391.00,1391.00,1378.40,1385.00,45200,1321.016
2014-02-24,1363.00,1392.00,1350.83,1392.00,25900,1327.692
2014-02-21,1402.00,1406.00,1357.00,1361.00,19700,1298.124
2014-02-20,1381.00,1405.00,1381.00,1392.00,10900,1327.692
2014-02-19,1386.00,1400.00,1385.00,1393.00,81600,1328.646
2014-02-18,1381.00,1396.00,1381.00,1394.00,12700,1329.60
2014-02-17,1380.00,1405.00,1380.00,1405.00,18900,1340.092
2014-02-14,1399.00,1399.00,1380.26,1392.00,12000,1327.692
2014-02-13,1381.00,1393.00,1381.00,1392.00,8200,1327.692
2014-02-12,1386.00,1401.00,1385.00,1394.00,9200,1329.60
2014-02-11,1400.00,1400.00,1390.00,1394.00,9400,1329.60
2014-02-10,1395.00,1395.00,1385.00,1394.00,130600,1329.60
2014-02-07,1392.00,1395.00,1385.00,1395.00,2300,1330.554
2014-02-06,1405.00,1405.00,1385.00,1392.00,11500,1327.692
2014-02-05,1376.00,1395.00,1375.25,1390.00,27200,1325.785
2014-02-04,1376.00,1395.00,1376.00,1382.00,41900,1318.154
2014-02-03,1376.00,1395.00,1376.00,1387.00,32300,1322.923
2014-01-31,1395.00,1395.00,1385.00,1393.00,241200,1328.646
2014-01-30,1385.00,1395.76,1383.00,1395.00,15400,1330.554
2014-01-29,1390.00,1397.00,1376.00,1386.00,13200,1321.969
2014-01-28,1358.00,1404.00,1357.00,1385.00,13600,1321.016
2014-01-27,1366.00,1381.00,1363.00,1372.00,90300,1308.616
2014-01-24,1371.00,1382.00,1366.00,1374.00,29000,1310.524
2014-01-23,1361.00,1394.00,1360.71,1380.00,45500,1316.247
2014-01-22,1366.00,1380.00,1366.00,1380.00,7100,1316.247
2014-01-21,1386.00,1390.00,1363.00,1376.00,26400,1312.431
2014-01-20,1365.00,1400.00,1365.00,1400.00,9800,1335.323
2014-01-17,1373.00,1380.68,1367.00,1376.00,12200,1312.431
2014-01-16,1380.00,1380.00,1360.78,1370.00,17700,1306.709
2014-01-15,1362.00,1380.00,1362.00,1380.00,24300,1316.247
2014-01-14,1361.00,1362.00,1336.00,1362.00,28400,1299.078
2014-01-13,1350.00,1385.00,1336.00,1363.00,43800,1300.032
2014-01-10,1297.00,1364.00,1297.00,1364.00,15400,1300.986
2014-01-09,1289.00,1307.00,1289.00,1301.00,8300,1240.896
2014-01-08,1285.00,1289.00,1270.00,1288.00,17900,1228.497
2014-01-07,1266.00,1280.00,1261.00,1280.00,143200,1220.866
2014-01-06,1272.00,1276.00,1260.00,1262.00,7000,1203.698
2014-01-03,1263.00,1274.00,1251.00,1274.00,14800,1215.144
2014-01-02,1259.00,1264.50,1254.00,1257.00,8300,1198.929
2014-01-01,1250.00,1250.00,1250.00,1250.00,000,1192.252
2013-12-31,1260.00,1266.40,1250.00,1250.00,3600,1192.252
2013-12-30,1276.00,1277.00,1260.00,1269.00,5400,1210.375
2013-12-27,1272.00,1277.00,1255.00,1277.00,6600,1218.005
2013-12-26,1270.00,1270.00,1270.00,1270.00,000,1211.328
2013-12-25,1270.00,1270.00,1270.00,1270.00,000,1211.328
2013-12-24,1266.00,1270.00,1256.25,1270.00,900,1211.328
2013-12-23,1258.00,1272.00,1254.70,1268.00,3900,1209.421
2013-12-20,1255.00,1260.00,1255.00,1257.00,41900,1198.929
2013-12-19,1256.00,1260.00,1256.00,1260.00,3700,1201.79
2013-12-18,1252.00,1258.00,1250.81,1255.00,13600,1197.021
2013-12-17,1200.00,1258.00,1200.00,1257.00,40000,1198.929
2013-12-16,1205.00,1211.90,1200.00,1206.00,6100,1150.285
2013-12-13,1203.00,1220.97,1200.00,1209.00,8600,1153.147
2013-12-12,1224.00,1224.00,1200.00,1204.00,16100,1148.378
2013-12-11,1191.00,1224.50,1191.00,1219.00,31800,1162.685
2013-12-10,1190.00,1202.00,1175.00,1200.00,11800,1144.562
2013-12-09,1170.00,1205.00,1168.00,1189.00,18000,1134.07
2013-12-06,1170.00,1170.00,1155.00,1164.00,15800,1110.225
2013-12-05,1161.00,1170.00,1154.00,1163.00,24700,1109.272
2013-12-04,1149.00,1167.00,1146.00,1165.00,26100,1111.179
2013-12-03,1145.00,1162.00,1135.00,1162.00,10000,1108.318
2013-12-02,1143.00,1144.00,1131.00,1133.00,11600,1080.658
2013-11-29,1128.00,1139.86,1121.00,1137.00,261900,1084.473
2013-11-28,1118.00,1130.00,1111.00,1130.00,4900,1077.796
2013-11-27,1130.00,1130.00,1115.00,1126.00,8600,1073.981
2013-11-26,1098.00,1125.00,1095.00,1124.00,151900,1072.073
2013-11-25,1081.00,1092.00,1071.50,1092.00,2600,1041.552
2013-11-22,1108.00,1111.85,1078.00,1078.00,8900,1028.198
2013-11-21,1090.00,1110.00,1090.00,1103.00,438300,1052.044
2013-11-20,1089.00,1098.00,1085.00,1093.00,6200,1042.506
2013-11-19,1082.00,1092.00,1077.12,1090.00,10500,1039.644
2013-11-18,1112.00,1113.50,1078.00,1078.00,17200,1028.198
2013-11-15,1115.00,1115.00,1100.00,1109.00,10500,1057.766
2013-11-14,1113.00,1115.00,1105.00,1107.00,9200,1055.859
2013-11-13,1095.00,1105.00,1094.05,1096.00,10900,1045.367
2013-11-12,1105.00,1120.00,1098.00,1098.00,214000,1047.275
2013-11-11,1105.00,1116.89,1105.00,1105.00,102800,1053.951
2013-11-08,1105.00,1115.00,1105.00,1106.00,9400,1054.905
2013-11-07,1102.00,1116.00,1102.00,1105.00,3400,1053.951
2013-11-06,1106.00,1118.52,1105.00,1105.00,15500,1053.951
2013-11-05,1110.00,1119.00,1105.00,1110.00,6800,1058.72
2013-11-04,1117.00,1123.00,1112.00,1112.00,7700,1060.628
2013-11-01,1121.00,1123.00,1110.00,1120.00,256500,1068.258
2013-10-31,1123.00,1123.00,1106.00,1112.00,12600,1060.628
2013-10-30,1123.00,1123.00,1108.00,1123.00,10200,1071.12
2013-10-29,1106.00,1120.00,1106.00,1120.00,7600,1068.258
2013-10-28,1120.00,1131.00,1106.80,1110.00,8900,1058.72
2013-10-25,1097.00,1122.00,1092.00,1122.00,15400,1070.166
2013-10-24,1130.00,1130.00,1082.00,1082.00,12900,1032.014
2013-10-23,1123.00,1125.00,1118.00,1119.00,6900,1067.304
2013-10-22,1124.00,1126.00,1115.00,1120.00,10700,1068.258
2013-10-21,1121.00,1125.00,1110.00,1125.00,8400,1073.027
2013-10-18,1086.00,1120.00,1086.00,1118.00,14500,1066.351
2013-10-17,1091.00,1104.00,1080.00,1091.00,19400,1040.598
2013-10-16,1088.00,1104.00,1088.00,1104.00,16200,1052.997
2013-10-15,1098.00,1098.00,1081.00,1092.00,21800,1041.552
2013-10-14,1101.00,1110.00,1084.23,1090.00,15900,1039.644
2013-10-11,1117.00,1135.00,1097.00,1100.00,15600,1049.182
2013-10-10,1127.00,1132.00,1110.00,1120.00,192400,1068.258
2013-10-09,1099.00,1145.00,1090.00,1132.00,27400,1079.704
2013-10-08,1071.00,1103.00,1069.00,1093.00,18900,1042.506
2013-10-07,1080.00,1080.74,1065.30,1073.00,7700,1023.429
2013-10-04,1065.00,1082.00,1065.00,1075.00,13200,1025.337
2013-10-03,1080.00,1080.00,1061.00,1073.00,43500,1023.429
2013-10-02,1074.00,1080.00,1066.00,1080.00,10000,1030.106
2013-10-01,1069.00,1077.00,1058.00,1077.00,9300,1020.398
2013-09-30,1058.00,1069.00,1056.00,1059.00,22300,1003.344
2013-09-27,1095.00,1095.00,1057.00,1061.00,92500,1005.239
2013-09-26,1093.00,1093.00,1082.00,1082.00,13500,1025.136
2013-09-25,1091.00,1095.00,1080.00,1080.00,12200,1023.241
2013-09-24,1091.00,1095.00,1083.25,1090.00,32100,1032.715
2013-09-23,1113.00,1121.80,1078.00,1078.00,39800,1021.346
2013-09-20,1114.00,1116.00,1097.00,1110.00,69000,1051.664
2013-09-19,1125.00,1135.00,1110.00,1110.00,35000,1051.664
2013-09-18,1115.00,1124.00,1115.00,1123.00,26500,1063.981
2013-09-17,1140.00,1141.17,1105.00,1113.00,23400,1054.506
2013-09-16,1139.00,1145.00,1137.50,1144.00,6700,1083.877
2013-09-13,1152.00,1152.00,1135.00,1141.00,15400,1081.035
2013-09-12,1138.00,1155.00,1137.00,1148.00,8500,1087.667
2013-09-11,1132.00,1152.00,1120.00,1143.00,14000,1082.93
2013-09-10,1128.00,1134.07,1121.00,1128.00,23400,1068.718
2013-09-09,1124.00,1135.00,1124.00,1131.00,20800,1071.56
2013-09-06,1129.00,1133.00,1119.00,1120.00,91100,1061.139
2013-09-05,1126.00,1130.00,1116.80,1129.00,10700,1069.666
2013-09-04,1115.00,1137.93,1103.00,1130.00,31100,1070.613
2013-09-03,1085.00,1115.00,1085.00,1093.00,13200,1035.558
2013-09-02,1095.00,1108.00,1085.00,1089.00,12400,1031.768
2013-08-30,1100.00,1108.00,1094.90,1101.00,8800,1043.137
2013-08-29,1102.00,1106.60,1091.00,1099.00,13000,1041.242
2013-08-28,1091.00,1108.00,1085.00,1107.00,46700,1048.822
2013-08-27,1099.00,1100.00,1085.00,1100.00,38300,1042.19
2013-08-26,1098.00,1098.00,1098.00,1098.00,000,1040.295
2013-08-23,1105.00,1109.00,1091.00,1098.00,136100,1040.295
2013-08-22,1077.00,1110.00,1077.00,1100.00,110400,1042.19
2013-08-21,1065.00,1093.00,1060.00,1080.00,82900,1023.241
2013-08-20,1011.00,1060.00,1011.00,1057.00,112400,1001.45
2013-08-19,1000.00,1000.00,990.00,998.50,14200,946.024
2013-08-16,988.50,993.00,982.50,988.50,27900,936.55
2013-08-15,1025.00,1025.00,982.00,985.00,90700,933.233
2013-08-14,1025.00,1030.48,1010.00,1010.00,13600,956.92
2013-08-13,1039.00,1040.00,1029.00,1029.00,5200,974.921
2013-08-12,1045.00,1050.00,1032.00,1032.00,14300,977.763
2013-08-09,1045.00,1045.00,1037.00,1045.00,37400,990.08
2013-08-08,1044.00,1045.00,1036.09,1043.00,13100,988.185
2013-08-07,1046.00,1046.00,1035.00,1044.00,10800,989.133
2013-08-06,1046.00,1048.00,1038.00,1045.00,12700,990.08
2013-08-05,1046.00,1048.00,1036.76,1048.00,12600,992.923
2013-08-02,1046.00,1050.00,1034.41,1046.00,17700,991.028
2013-08-01,1043.00,1046.00,1042.00,1046.00,8100,991.028
2013-07-31,1055.00,1057.20,1030.00,1046.00,11100,991.028
2013-07-30,1055.00,1060.00,1046.22,1050.00,6300,994.817
2013-07-29,1050.00,1056.00,1039.00,1050.00,20400,994.817
2013-07-26,1048.00,1050.00,1044.00,1050.00,6000,994.817
2013-07-25,1055.00,1055.00,1036.00,1047.00,8600,991.975
2013-07-24,1063.00,1063.00,1045.68,1055.00,10500,999.555
2013-07-23,1058.00,1063.00,1055.00,1060.00,8300,1004.292
2013-07-22,1056.00,1060.00,1054.00,1054.00,13300,998.607
2013-07-19,1062.00,1062.00,1054.00,1060.00,19300,1004.292
2013-07-18,1062.00,1062.00,1055.00,1060.00,28800,1004.292
2013-07-17,1060.00,1060.00,1048.00,1060.00,7500,1004.292
2013-07-16,1059.00,1060.00,1051.00,1058.00,12000,1002.397
2013-07-15,1057.00,1066.00,1053.32,1056.00,11600,1000.502
2013-07-12,1062.00,1062.00,1053.00,1060.00,12800,1004.292
2013-07-11,1058.00,1060.00,1054.00,1060.00,19000,1004.292
2013-07-10,1068.00,1075.47,1051.00,1060.00,18700,1004.292
2013-07-09,1030.00,1080.00,1025.00,1079.00,42000,1022.293
2013-07-08,1010.00,1030.00,1004.32,1020.00,37900,966.394
2013-07-05,1015.00,1015.00,1003.00,1010.00,20200,956.92
2013-07-04,1005.00,1015.00,990.50,1010.00,50100,956.92
2013-07-03,985.50,1005.00,980.00,1000.00,29500,947.445
2013-07-02,987.00,994.00,980.00,980.00,19500,928.496
2013-07-01,995.00,996.769,987.50,988.00,12300,936.076
2013-06-28,992.00,995.00,980.01,995.00,49100,942.708
2013-06-27,985.00,991.52,980.00,982.00,37400,930.391
2013-06-26,986.50,995.00,986.50,995.00,5800,942.708
2013-06-25,980.00,990.00,980.00,990.00,13800,937.971
2013-06-24,980.00,991.67,980.00,980.00,16800,928.496
2013-06-21,989.50,990.00,980.00,980.00,36600,928.496
2013-06-20,1000.00,1006.76,981.50,981.50,22100,929.917
2013-06-19,980.00,1018.00,977.50,1018.00,115300,964.499
2013-06-18,990.00,990.00,981.00,988.00,12700,936.076
2013-06-17,969.00,990.00,969.00,990.00,74200,937.971
2013-06-14,950.00,965.00,947.50,964.00,104700,913.337
2013-06-13,947.75,950.00,942.00,948.00,29500,898.178
2013-06-12,957.50,962.50,943.00,949.50,13100,899.599
2013-06-11,970.00,970.00,955.00,955.00,5000,904.81
2013-06-10,960.00,972.00,960.00,961.50,22100,910.969
2013-06-07,950.00,970.00,950.00,964.50,23800,913.811
2013-06-06,943.00,958.45,938.87,950.00,9600,900.073
2013-06-05,950.00,951.00,936.00,950.00,21200,900.073
2013-06-04,971.00,977.50,945.00,945.00,21300,895.336
2013-06-03,981.50,985.00,970.50,970.50,9600,919.496
2013-05-31,960.00,978.50,960.00,975.50,14400,924.233
2013-05-30,964.50,966.00,958.88,966.00,10500,915.232
2013-05-29,973.00,973.00,960.00,964.50,14200,913.811
2013-05-28,970.00,974.50,963.92,970.00,16700,919.022
2013-05-27,967.00,967.00,967.00,967.00,000,916.179
2013-05-24,962.00,971.04,960.00,967.00,6500,916.179
2013-05-23,970.00,973.00,960.50,970.00,13500,919.022
2013-05-22,975.00,977.50,969.00,977.50,55000,926.128
2013-05-21,979.00,980.00,968.00,975.00,22200,923.759
2013-05-20,998.00,1004.13,975.00,979.00,37200,927.549
2013-05-17,955.50,1009.00,949.10,1000.00,153000,947.445
2013-05-16,949.50,955.50,946.00,950.50,116600,900.547
2013-05-15,949.00,951.50,940.00,950.00,38900,900.073
2013-05-14,950.00,960.00,946.022,954.50,17700,904.336
2013-05-13,965.00,965.00,937.28,944.00,18800,894.388
2013-05-10,955.00,965.00,955.00,960.00,71200,909.547
2013-05-09,964.50,965.00,955.221,960.00,14400,909.547
2013-05-08,968.00,968.00,938.00,960.00,187200,909.547
2013-05-07,990.00,990.00,962.50,962.50,23800,911.916
2013-05-06,994.00,994.00,994.00,994.00,000,941.76
2013-05-03,999.00,999.00,985.50,994.00,29900,941.76
2013-05-02,1005.00,1005.00,986.00,990.00,23400,937.971
2013-05-01,1015.00,1015.00,995.00,1002.00,16900,949.34
2013-04-30,1020.00,1020.00,1000.00,1005.00,183700,952.182
2013-04-29,1040.00,1040.00,990.20,1015.00,35000,961.657
2013-04-26,1076.00,1076.00,1035.00,1045.00,34100,990.08
2013-04-25,1092.00,1095.00,1076.00,1078.00,27300,1021.346
2013-04-24,1093.00,1095.00,1085.12,1095.00,15800,1037.452
2013-04-23,1105.00,1106.80,1086.00,1097.00,16500,1039.347
2013-04-22,1108.00,1124.00,1102.00,1110.00,13600,1051.664
2013-04-19,1108.00,1108.00,1095.06,1108.00,24500,1049.769
2013-04-18,1098.00,1115.00,1092.00,1102.00,69700,1044.085
2013-04-17,1090.00,1102.00,1087.00,1102.00,34100,1044.085
2013-04-16,1048.00,1085.00,1041.00,1080.00,29500,1023.241
2013-04-15,1050.00,1050.00,1037.00,1048.00,11100,992.923
2013-04-12,1052.00,1053.00,1042.00,1050.00,11500,994.817
2013-04-11,1051.00,1055.00,1045.00,1045.00,14200,990.08
2013-04-10,1036.00,1055.00,1033.00,1055.00,13400,999.555
2013-04-09,1025.00,1050.00,1015.94,1046.00,22900,978.574
2013-04-08,1027.00,1040.00,1020.58,1025.00,25400,958.928
2013-04-05,1040.00,1040.00,1021.00,1028.00,155100,961.734
2013-04-04,1035.00,1035.00,1025.00,1030.00,32900,963.605
2013-04-03,1028.00,1032.28,1022.26,1030.00,55800,963.605
2013-04-02,1035.00,1035.00,1026.00,1028.00,22900,961.734
2013-04-01,1035.00,1035.00,1035.00,1035.00,000,968.283
2013-03-29,1035.00,1035.00,1035.00,1035.00,000,968.283
2013-03-28,1030.00,1035.00,1012.00,1035.00,32500,968.283
2013-03-27,1040.00,1040.00,1013.00,1022.00,29000,956.121
2013-03-26,1034.00,1040.00,1025.00,1040.00,490600,972.961
2013-03-25,1045.00,1045.00,1025.00,1040.00,41300,972.961
2013-03-22,1040.00,1043.00,1032.50,1040.00,40100,972.961
2013-03-21,1045.00,1045.00,1035.00,1045.00,9500,977.639
2013-03-20,1050.00,1050.00,1030.00,1045.00,27400,977.639
2013-03-19,1009.00,1040.00,996.00,1040.00,23500,972.961
2013-03-18,965.00,1010.00,960.27,1010.00,35100,944.895
2013-03-15,957.00,970.00,950.00,970.00,18400,907.473
2013-03-14,952.50,962.00,945.584,962.00,15100,899.989
2013-03-13,956.00,956.00,942.50,950.00,15800,888.762
2013-03-12,944.00,956.00,943.83,952.00,21200,890.633
2013-03-11,926.50,950.00,926.50,950.00,36200,888.762
2013-03-08,920.00,934.40,919.90,920.50,30300,861.164
2013-03-07,903.00,914.00,899.375,914.00,28200,855.083
2013-03-06,896.50,908.38,894.00,907.00,63900,848.534
2013-03-05,875.00,888.00,869.00,888.00,32600,830.759
2013-03-04,866.50,875.00,861.00,875.00,15300,818.597
2013-03-01,871.50,873.35,857.42,863.00,11000,807.37
2013-02-28,862.00,875.00,855.06,875.00,16700,818.597
2013-02-27,870.50,874.38,860.93,869.50,24100,813.451
2013-02-26,880.00,880.00,870.10,875.00,6900,818.597
2013-02-25,894.50,894.50,886.00,886.00,4600,828.888
2013-02-22,890.00,890.00,885.02,887.50,12000,830.291
2013-02-21,875.00,888.00,872.34,886.00,19400,828.888
2013-02-20,895.00,895.00,874.77,886.00,12800,828.888
2013-02-19,886.25,892.435,886.25,893.00,3400,835.437
2013-02-18,902.50,905.00,885.50,895.00,14100,837.308
2013-02-15,930.00,931.65,904.87,912.00,28800,853.212
2013-02-14,918.00,933.00,903.50,933.00,18800,872.858
2013-02-13,899.50,918.00,899.25,918.00,24100,858.825
2013-02-12,870.00,914.00,861.045,910.00,32000,851.341
2013-02-11,840.00,871.00,833.50,871.00,96200,814.855
2013-02-08,838.00,840.00,827.45,840.00,14000,785.853
2013-02-07,830.00,839.00,823.25,833.50,15800,779.772
2013-02-06,827.50,837.50,818.276,837.50,13700,783.514
2013-02-05,830.00,830.00,815.00,828.00,13500,774.626
2013-02-04,824.00,824.00,816.20,821.50,6400,768.545
2013-02-01,818.00,829.50,816.00,820.00,19500,767.142
2013-01-31,829.00,829.00,815.00,815.00,14800,762.464
2013-01-30,830.00,832.00,821.78,832.00,8700,778.369
2013-01-29,828.00,836.42,817.00,817.00,7700,764.336
2013-01-28,834.50,835.77,825.50,832.50,13000,778.836
2013-01-25,830.00,836.75,826.00,826.00,6900,772.755
2013-01-24,840.00,840.00,820.991,828.00,14000,774.626
2013-01-23,832.00,836.00,827.00,827.00,23600,773.691
2013-01-22,840.00,840.00,830.40,834.00,5300,780.24
2013-01-21,845.00,845.00,836.00,840.00,10400,785.853
2013-01-18,835.00,845.00,835.00,840.75,3500,786.555
2013-01-17,835.00,835.00,830.00,830.00,7200,776.498
2013-01-16,831.00,839.50,830.00,835.00,12000,781.175
2013-01-15,835.50,840.00,832.50,836.00,4700,782.111
2013-01-14,830.00,844.00,830.00,840.00,376300,785.853
2013-01-11,844.50,844.50,834.50,842.25,2800,787.958
2013-01-10,835.00,843.75,835.00,835.00,4700,781.175
2013-01-09,830.00,845.00,824.62,844.50,25400,790.063
2013-01-08,824.50,829.00,823.00,823.00,4300,769.949
2013-01-07,820.00,828.05,820.00,820.00,13400,767.142
2013-01-04,825.00,825.00,820.00,825.00,8300,771.82
2013-01-03,820.00,825.00,815.50,825.00,7200,771.82
2013-01-02,805.50,821.00,804.68,821.00,16600,768.078
2013-01-01,810.00,810.00,810.00,810.00,000,757.787
2012-12-31,810.00,810.00,806.37,810.00,1800,757.787
2012-12-28,808.25,816.49,808.25,811.00,1200,758.722
2012-12-27,817.00,817.00,805.00,805.00,8900,753.109
2012-12-26,817.00,817.00,817.00,817.00,000,764.336
2012-12-25,817.00,817.00,817.00,817.00,000,764.336
2012-12-24,816.50,817.00,806.75,817.00,1900,764.336
2012-12-21,809.50,815.00,800.60,815.00,36800,762.464
2012-12-20,797.50,806.25,795.00,797.50,11300,746.093
2012-12-19,793.00,795.473,789.31,794.50,7900,743.286
2012-12-18,790.00,795.00,781.81,791.75,3800,740.713
2012-12-17,785.00,793.50,780.50,791.00,7800,740.012
2012-12-14,785.50,787.50,781.179,783.75,1700,733.229
2012-12-13,790.00,790.00,780.00,785.00,15300,734.398
2012-12-12,795.50,797.00,791.35,797.00,4100,745.625
2012-12-11,795.00,801.125,782.34,793.75,33000,742.584
2012-12-10,791.50,799.50,791.00,794.00,13500,742.818
2012-12-07,798.50,804.50,794.50,804.50,6700,752.641
2012-12-06,805.00,808.00,799.38,804.50,6600,752.641
2012-12-05,802.50,809.50,800.20,809.50,5600,757.319
2012-12-04,785.00,805.00,785.00,802.50,18100,750.77
2012-12-03,787.50,793.50,786.00,786.00,12200,735.334
2012-11-30,782.50,797.00,782.00,789.00,29400,738.14
2012-11-29,791.00,791.00,788.00,791.75,38800,740.713
2012-11-28,789.50,795.00,787.125,795.00,2900,743.754
2012-11-27,789.00,790.00,778.67,790.00,8400,739.076
2012-11-26,779.00,789.00,778.92,789.00,8900,738.14
2012-11-23,787.00,787.00,783.00,783.50,12400,732.995
2012-11-22,785.00,794.50,784.12,794.50,3500,743.286
2012-11-21,789.375,789.50,784.56,787.50,700,736.737
2012-11-20,795.00,799.76,782.525,791.50,31000,740.479
2012-11-19,789.50,794.50,782.70,792.50,15400,741.415
2012-11-16,785.50,786.12,778.275,785.50,11400,734.866
2012-11-15,795.50,802.52,780.62,793.00,45300,741.883
2012-11-14,799.50,803.10,792.775,801.00,23800,749.367
2012-11-13,788.00,788.00,775.884,787.50,16700,736.737
2012-11-12,785.50,787.00,779.50,780.00,10400,729.721
2012-11-09,799.50,800.00,791.68,794.00,2200,742.818
2012-11-08,797.00,798.00,791.62,798.00,3300,746.56
2012-11-07,791.50,801.00,788.00,801.00,328900,749.367
2012-11-06,788.50,796.807,786.50,794.00,4100,742.818
2012-11-05,797.50,799.69,790.00,793.00,7600,741.883
2012-11-02,800.00,800.00,790.31,798.00,10100,746.56
2012-11-01,781.50,802.50,775.34,796.00,37300,744.689
2012-10-31,778.50,782.00,771.90,782.00,5000,731.592
2012-10-30,775.00,778.00,768.83,776.00,9300,725.978
2012-10-29,775.00,778.50,769.21,773.75,6500,723.873
2012-10-26,778.00,779.00,770.00,775.00,16300,725.043
2012-10-25,780.50,788.50,779.34,788.50,10300,737.673
2012-10-24,778.00,784.79,771.00,771.00,42700,721.301
2012-10-23,780.00,787.36,770.01,777.00,258900,726.914
2012-10-22,770.00,778.88,770.00,771.00,4100,721.301
2012-10-19,770.00,779.00,761.40,779.00,120500,728.785
2012-10-18,763.00,768.00,758.50,768.00,11100,718.494
2012-10-17,764.00,770.175,763.00,763.00,6600,713.816
2012-10-16,753.00,770.00,747.50,769.50,53100,719.897
2012-10-15,745.00,753.00,745.00,750.00,5300,701.654
2012-10-12,750.00,755.00,745.00,755.00,4600,706.332
2012-10-11,750.00,755.00,749.50,750.50,6900,702.122
2012-10-10,749.00,754.50,749.00,754.50,4900,705.864
2012-10-09,752.00,752.50,748.00,748.00,1700,699.783
2012-10-08,747.50,752.25,746.50,749.00,3500,700.719
2012-10-05,746.00,755.00,746.00,754.00,6500,705.397
2012-10-04,753.50,754.00,751.99,754.00,1600,705.397
2012-10-03,767.00,767.00,755.00,757.00,62500,708.203
2012-10-02,767.50,767.50,760.00,765.00,49300,709.586
2012-10-01,765.50,769.19,762.48,767.00,17900,711.441
2012-09-28,765.00,771.00,760.50,762.50,40500,707.267
2012-09-27,750.00,765.00,746.88,765.00,56100,709.586
2012-09-26,742.00,749.50,741.80,748.50,11400,694.281
2012-09-25,750.00,750.00,749.00,749.00,4400,694.745
2012-09-24,745.00,749.126,742.70,745.00,13300,691.034
2012-09-21,734.00,745.00,734.00,745.00,3700,691.034
2012-09-20,743.00,743.00,736.31,739.75,141000,686.165
2012-09-19,745.50,745.50,732.625,739.00,10900,685.469
2012-09-18,749.00,752.88,741.72,744.00,74700,690.107
2012-09-17,753.00,757.50,750.375,757.00,13100,702.165
2012-09-14,755.00,760.00,747.00,750.00,87500,695.672
2012-09-13,736.00,762.00,730.94,754.50,23800,699.846
2012-09-12,735.00,740.00,735.00,740.00,17300,686.397
2012-09-11,735.00,737.00,726.82,737.00,6800,683.614
2012-09-10,733.50,736.53,727.00,727.00,13300,674.338
2012-09-07,729.50,738.00,722.00,738.00,30900,684.542
2012-09-06,725.50,729.367,716.00,724.00,8100,671.556
2012-09-05,725.00,730.00,720.00,730.00,19900,677.121
2012-09-04,724.50,725.00,715.00,723.00,2800,670.628
2012-09-03,718.50,724.27,706.87,720.25,13500,668.077
2012-08-31,713.50,720.00,710.00,719.50,183200,667.382
2012-08-30,710.00,720.00,705.50,720.00,14600,667.845
2012-08-29,706.50,709.00,700.575,708.00,7300,656.715
2012-08-28,695.00,710.00,695.00,706.00,38200,654.86
2012-08-27,699.00,699.00,699.00,699.00,000,648.367
2012-08-24,704.50,704.50,690.00,699.00,327700,648.367
2012-08-23,690.00,700.00,682.00,700.00,204500,649.294
2012-08-22,673.00,690.00,671.25,690.00,58200,640.019
2012-08-21,650.00,675.00,649.14,673.00,57900,624.25
2012-08-20,639.00,649.00,637.68,645.50,11800,598.742
2012-08-17,628.00,646.50,624.50,646.50,12500,599.67
2012-08-16,627.00,630.127,620.90,625.00,13300,579.727
2012-08-15,620.00,625.375,615.00,625.00,15300,579.727
2012-08-14,624.50,625.00,616.18,625.00,3800,579.727
2012-08-13,620.00,627.625,616.00,625.00,12800,579.727
2012-08-10,624.50,627.00,616.18,627.00,14500,581.582
2012-08-09,620.00,624.50,617.56,620.00,10900,575.089
2012-08-08,610.50,620.00,610.00,618.00,22700,573.234
2012-08-07,620.00,624.50,612.00,618.00,15900,573.234
2012-08-06,614.50,625.00,612.00,625.00,35500,579.727
2012-08-03,611.50,615.00,606.00,615.00,3100,570.451
2012-08-02,615.00,615.00,605.87,615.00,2900,570.451
2012-08-01,606.00,615.00,606.00,615.00,1200,570.451
2012-07-31,605.50,606.50,599.37,603.25,5000,559.552
2012-07-30,590.00,610.00,590.00,610.00,4700,565.813
2012-07-27,594.00,597.50,590.00,596.25,14300,553.059
2012-07-26,596.00,602.00,594.50,600.75,13000,557.234
2012-07-25,600.00,602.00,590.00,590.00,3900,547.262
2012-07-24,597.00,599.50,593.50,599.00,10000,555.61
2012-07-23,607.00,607.00,595.80,597.25,5800,553.987
2012-07-20,590.50,606.00,590.50,606.00,17400,562.103
2012-07-19,595.00,600.875,590.00,590.00,10700,547.262
2012-07-18,600.00,601.94,590.00,595.00,13200,551.90
2012-07-17,597.00,605.40,594.00,594.00,10900,550.972
2012-07-16,600.00,613.56,600.00,607.00,18600,563.031
2012-07-13,598.00,603.00,597.50,597.50,7300,554.219
2012-07-12,597.50,607.00,595.00,597.00,9500,553.755
2012-07-11,598.50,605.00,598.50,605.00,3500,561.176
2012-07-10,615.00,615.00,595.00,607.00,6000,563.031
2012-07-09,613.00,618.00,609.00,615.00,2800,570.451
2012-07-06,613.00,622.50,601.50,622.50,11300,577.408
2012-07-05,612.50,613.00,602.50,613.00,2300,568.596
2012-07-04,601.00,610.00,593.00,610.00,6600,565.813
2012-07-03,600.00,605.00,590.00,605.00,16200,561.176
2012-07-02,600.00,608.02,590.00,593.50,26800,550.509
2012-06-29,608.00,620.00,603.60,606.50,11500,562.567
2012-06-28,608.00,610.00,602.00,610.00,13700,565.813
2012-06-27,610.00,610.00,605.36,610.00,8700,565.813
2012-06-26,615.00,615.00,601.50,610.00,9600,565.813
2012-06-25,614.50,614.50,607.00,613.00,1400,568.596
2012-06-22,614.00,615.00,605.62,610.00,13800,565.813
2012-06-21,629.50,629.50,611.50,620.00,17800,575.089
2012-06-20,620.00,630.00,617.00,629.50,14400,583.901
2012-06-19,625.00,625.00,610.50,624.00,30100,578.799
2012-06-18,607.00,625.50,606.50,625.50,38800,580.191
2012-06-15,605.00,617.871,591.50,617.50,165000,572.77
2012-06-14,585.00,600.00,582.00,600.00,38000,556.538
2012-06-13,580.00,585.00,577.50,585.00,11300,542.624
2012-06-12,565.00,578.00,555.00,578.00,24200,536.131
2012-06-11,565.00,565.00,555.00,565.00,12200,524.073
2012-06-08,553.50,561.50,549.04,557.00,32700,516.653
2012-06-07,552.00,563.50,547.00,561.50,16000,520.827
2012-06-06,556.50,556.50,545.00,545.00,71100,505.522
2012-06-05,548.50,548.50,548.50,548.50,000,508.768
2012-06-04,548.50,548.50,548.50,548.50,000,508.768
2012-06-01,554.50,555.75,546.17,548.50,22800,508.768
2012-05-31,559.50,560.00,549.00,549.00,4400,509.232
2012-05-30,562.00,562.75,555.00,559.00,36300,518.508
2012-05-29,553.00,562.25,550.00,557.00,20500,516.653
2012-05-28,542.00,556.16,542.00,550.50,35900,510.623
2012-05-25,556.00,556.00,540.50,540.50,11100,501.348
2012-05-24,542.50,555.00,541.50,550.00,10700,510.16
2012-05-23,550.50,550.50,540.00,540.00,7600,500.884
2012-05-22,548.75,556.72,543.00,555.00,12800,514.798
2012-05-21,544.00,544.00,540.00,544.00,19500,504.594
2012-05-18,549.00,561.00,535.00,535.00,19600,496.246
2012-05-17,560.00,560.00,547.00,547.00,19100,507.377
2012-05-16,557.50,569.676,557.50,560.00,3100,519.435
2012-05-15,570.00,570.00,560.50,560.50,3100,519.899
2012-05-14,566.50,572.00,550.00,569.00,9800,527.783
2012-05-11,572.50,585.10,562.00,562.00,10000,521.29
2012-05-10,576.50,585.00,576.50,585.00,27700,542.624
2012-05-09,586.00,590.00,570.50,583.00,12200,540.769
2012-05-08,591.50,597.63,590.00,590.00,12800,547.262
2012-05-07,595.00,595.00,595.00,595.00,000,551.90
2012-05-04,592.50,600.00,589.10,595.00,35600,551.90
2012-05-03,570.00,591.88,570.00,590.00,127300,547.262
2012-05-02,555.00,558.00,530.62,545.00,139500,505.522
2012-05-01,565.00,572.00,555.00,556.50,21500,516.189
2012-04-30,572.00,578.25,560.00,568.25,8400,527.088
2012-04-27,574.50,580.00,570.00,575.00,16000,533.349
2012-04-26,575.00,583.00,570.00,570.00,8900,528.711
2012-04-25,575.00,584.13,575.00,576.00,40400,534.276
2012-04-24,575.00,585.00,575.00,575.00,10700,533.349
2012-04-23,580.00,589.50,575.00,575.00,4000,533.349
2012-04-20,580.00,583.38,580.00,582.50,17200,540.305
2012-04-19,596.00,600.00,581.00,581.00,26700,538.914
2012-04-18,600.00,604.00,595.00,597.50,6000,554.219
2012-04-17,598.50,601.44,595.00,595.50,14000,552.364
2012-04-16,602.00,605.14,602.00,601.50,6200,557.929
2012-04-13,611.00,611.25,601.50,602.50,15200,558.857
2012-04-12,595.50,620.00,592.375,615.00,29900,570.451
2012-04-11,590.00,592.00,585.00,590.75,15300,547.958
2012-04-10,602.00,608.19,599.03,599.50,8100,545.005
2012-04-09,605.00,605.00,605.00,605.00,000,550.005
2012-04-06,605.00,605.00,605.00,605.00,000,550.005
2012-04-05,593.00,605.00,593.00,605.00,34600,550.005
2012-04-04,600.00,601.20,590.50,597.50,33700,543.187
2012-04-03,594.00,600.63,594.00,599.50,19700,545.005
2012-04-02,602.75,602.75,591.85,596.00,35400,541.823
2012-03-30,600.00,603.44,593.685,596.00,27700,541.823
2012-03-29,600.00,604.00,592.50,602.50,200000,547.732
2012-03-28,601.50,601.50,595.00,600.00,30300,545.46
2012-03-27,602.50,602.50,590.623,600.50,140500,545.914
2012-03-26,600.00,601.70,591.681,597.50,4400,543.187
2012-03-23,605.00,605.00,597.12,603.00,9600,548.187
2012-03-22,608.13,608.13,592.25,605.00,3000,550.005
2012-03-21,600.00,605.00,594.186,605.00,15500,550.005
2012-03-20,599.50,599.50,586.10,595.00,10300,540.914
2012-03-19,599.50,599.50,587.00,589.00,15900,535.46
2012-03-16,600.00,600.00,583.94,595.50,35800,541.369
2012-03-15,594.50,595.00,581.68,595.00,7500,540.914
2012-03-14,581.50,589.50,581.50,584.00,3900,530.914
2012-03-13,581.00,590.00,579.87,590.00,41500,536.369
2012-03-12,580.00,589.00,580.00,589.00,20100,535.46
2012-03-09,570.00,575.00,570.00,572.00,12600,520.005
2012-03-08,570.00,579.50,565.00,565.00,11300,513.641
2012-03-07,570.00,570.00,563.20,566.00,7200,514.55
2012-03-06,564.50,576.28,560.15,570.00,50800,518.187
2012-03-05,556.50,556.50,545.68,556.00,7600,505.459
2012-03-02,545.00,553.229,545.00,548.50,5600,498.641
2012-03-01,557.00,558.50,542.50,558.50,3700,507.732
2012-02-29,557.00,557.00,550.00,550.00,1700,500.005
2012-02-28,555.00,560.00,551.10,560.00,10700,509.096
2012-02-27,555.00,555.00,547.74,554.50,8600,504.096
2012-02-24,557.75,558.13,547.74,553.75,4300,503.414
2012-02-23,559.50,559.81,550.00,550.00,8200,500.005
2012-02-22,560.00,569.81,547.092,548.00,81100,498.187
2012-02-21,565.50,574.00,562.00,562.00,10000,510.914
2012-02-20,565.00,568.81,556.25,565.00,16800,513.641
2012-02-17,560.00,560.968,555.00,558.50,5200,507.732
2012-02-16,560.00,564.38,555.87,558.50,16800,507.732
2012-02-15,560.00,568.10,553.10,563.50,23900,512.278
2012-02-14,548.00,560.00,537.14,555.00,25900,504.55
2012-02-13,535.00,541.50,526.68,541.50,21400,492.277
2012-02-10,525.00,535.00,522.75,530.00,14500,481.823
2012-02-09,506.00,525.00,506.00,525.00,43400,477.277
2012-02-08,510.00,510.00,500.50,502.50,9300,456.823
2012-02-07,517.40,520.00,511.75,520.00,18700,472.732
2012-02-06,507.442,517.81,507.442,514.50,5800,467.732
2012-02-03,510.00,518.16,510.00,514.25,11200,467.504
2012-02-02,506.18,516.00,506.18,514.25,38300,467.504
2012-02-01,500.00,511.50,500.00,511.50,132100,465.004
2012-01-31,510.00,514.50,495.50,495.50,215400,450.459
2012-01-30,506.75,506.75,500.00,504.50,45500,458.641
2012-01-27,505.00,505.00,496.25,505.00,42600,459.095
2012-01-26,498.00,500.00,495.308,500.875,8300,455.345
2012-01-25,500.00,500.00,495.00,497.50,17800,452.277
2012-01-24,495.00,502.75,495.00,499.75,3900,454.322
2012-01-23,500.00,500.989,495.00,498.50,11300,453.186
2012-01-20,510.00,510.00,497.75,498.50,79200,453.186
2012-01-19,510.00,510.00,495.75,500.00,14100,454.55
2012-01-18,510.00,510.00,503.00,510.00,6400,463.641
2012-01-17,505.00,510.00,501.50,502.75,5100,457.05
2012-01-16,505.00,505.00,500.00,502.50,2900,456.823
2012-01-13,506.40,506.40,506.20,505.00,400,459.095
2012-01-12,500.00,510.00,500.00,510.00,65700,463.641
2012-01-11,510.00,512.75,505.00,505.00,12000,459.095
2012-01-10,510.00,510.00,505.00,505.00,7500,459.095
2012-01-09,513.348,513.348,511.25,515.00,1500,468.186
2012-01-06,522.00,524.50,518.87,520.00,15100,472.732
2012-01-05,510.00,510.00,510.00,512.25,1900,465.686
2012-01-04,516.50,520.00,508.00,510.00,43500,463.641
2012-01-03,510.00,518.00,510.00,518.00,7700,470.914
2012-01-02,509.00,509.00,509.00,509.00,000,462.732
2011-12-30,505.00,510.00,500.00,509.00,13300,462.732
2011-12-29,500.00,504.00,492.25,503.00,12400,457.277
2011-12-28,495.75,498.25,493.00,498.25,1600,452.959
2011-12-27,500.00,500.00,500.00,500.00,000,454.55
2011-12-26,500.00,500.00,500.00,500.00,000,454.55
2011-12-23,495.00,500.00,491.25,500.00,5800,454.55
2011-12-22,479.50,495.00,479.50,495.00,8800,450.004
2011-12-21,465.25,485.00,465.25,483.50,13400,439.55
2011-12-20,470.25,474.94,468.00,468.00,10000,425.459
2011-12-19,466.00,475.00,466.00,475.00,1900,431.822
2011-12-16,467.50,474.953,466.00,466.00,9100,423.64
2011-12-15,470.00,473.00,463.00,473.00,8800,430.004
2011-12-14,460.25,470.00,460.25,468.50,28100,425.913
2011-12-13,460.25,468.44,460.00,465.00,41800,422.731
2011-12-12,460.00,463.00,459.79,460.00,5800,418.186
2011-12-09,460.00,465.00,460.00,460.00,56900,418.186
2011-12-08,473.75,474.75,460.00,465.50,22800,423.186
2011-12-07,480.00,490.00,472.00,477.50,14300,434.095
2011-12-06,485.00,485.00,480.00,480.00,314300,436.368
2011-12-05,485.50,491.996,480.00,480.00,8300,436.368
2011-12-02,496.00,499.72,480.00,480.00,6200,436.368
2011-12-01,499.75,500.054,490.00,490.00,14800,445.459
2011-11-30,495.00,495.00,490.78,495.00,204800,450.004
2011-11-29,505.28,505.28,497.57,501.50,44700,455.913
2011-11-28,500.00,506.342,497.53,501.50,29100,455.913
2011-11-25,500.00,502.63,500.00,500.00,21600,454.55
2011-11-24,502.50,509.44,500.00,500.00,63900,454.55
2011-11-23,506.00,517.31,502.00,502.00,8200,456.368
2011-11-22,507.24,517.69,507.24,511.50,1000,465.004
2011-11-21,510.00,511.50,505.28,511.50,6600,465.004
2011-11-18,515.00,520.00,510.00,510.00,9000,463.641
2011-11-17,510.50,520.00,510.50,517.00,2200,470.004
2011-11-16,518.88,518.88,516.00,516.00,1100,469.095
2011-11-15,512.50,515.81,510.00,511.00,209200,464.55
2011-11-14,505.50,517.31,505.50,508.00,101500,461.823
2011-11-11,508.00,514.29,505.50,507.50,2900,461.368
2011-11-10,515.50,515.50,508.00,508.00,5700,461.823
2011-11-09,525.00,525.00,515.00,521.50,3300,474.095
2011-11-08,525.00,530.00,518.68,530.00,3300,481.823
2011-11-07,529.20,530.00,530.00,530.00,6000,481.823
2011-11-04,535.08,535.08,530.00,527.50,1300,479.55
2011-11-03,535.00,536.26,530.00,531.00,12700,482.732
2011-11-02,541.50,545.00,535.455,542.00,5700,492.732
2011-11-01,540.00,545.00,535.00,545.00,22400,495.459
2011-10-31,551.50,555.00,548.73,555.00,32600,504.55
2011-10-28,551.00,555.00,547.00,551.00,6800,500.914
2011-10-27,552.00,560.00,552.00,560.00,3600,509.096
2011-10-26,547.50,555.00,547.50,555.00,143400,504.55
2011-10-25,553.50,564.00,553.50,553.50,9100,503.187
2011-10-24,561.50,561.50,550.44,555.00,2200,504.55
2011-10-21,555.00,560.00,553.18,558.00,5000,507.278
2011-10-20,551.50,555.00,548.00,555.00,4200,504.55
2011-10-19,552.00,559.00,552.00,559.00,3200,508.187
2011-10-18,551.27,559.00,551.27,559.00,900,508.187
2011-10-17,555.00,562.50,553.50,562.50,9200,511.368
2011-10-14,550.00,558.00,550.00,558.00,2100,507.278
2011-10-13,553.00,557.00,544.50,557.00,7600,506.368
2011-10-12,545.00,559.00,539.14,559.00,10600,508.187
2011-10-11,535.00,545.00,535.00,545.00,15500,495.459
2011-10-10,533.38,535.00,533.38,535.00,700,486.368
2011-10-07,524.50,533.50,524.50,533.50,11600,485.005
2011-10-06,520.00,525.00,520.00,525.00,12300,477.277
2011-10-05,515.00,515.00,514.00,516.25,6000,469.323
2011-10-04,506.00,519.00,505.00,515.00,26200,462.792
2011-10-03,510.00,513.50,507.00,513.50,4300,461.444
2011-09-30,515.00,515.50,510.00,510.00,4600,458.299
2011-09-29,513.50,515.00,513.50,515.00,3500,462.792
2011-09-28,520.73,522.389,510.00,510.00,4500,458.299
2011-09-27,522.00,522.00,522.00,516.00,10500,463.691
2011-09-26,511.81,510.00,510.00,510.00,10000,458.299
2011-09-23,513.50,519.795,513.00,513.50,9200,461.444
2011-09-22,522.50,531.88,510.50,522.00,29400,469.083
2011-09-21,527.00,528.70,522.00,525.00,11600,471.779
2011-09-20,532.50,532.50,520.00,526.00,16800,472.677
2011-09-19,531.50,532.00,525.00,528.50,9800,474.924
2011-09-16,536.50,539.50,531.50,531.50,37300,477.62
2011-09-15,541.00,545.50,537.50,540.00,617400,485.258
2011-09-14,541.50,545.00,541.50,541.50,17600,486.606
2011-09-13,546.00,546.00,541.50,541.50,36200,486.606
2011-09-12,543.00,546.00,543.00,546.00,2100,490.65
2011-09-09,546.00,552.93,542.50,545.50,10000,490.20
2011-09-08,550.50,551.00,547.00,550.00,4200,494.244
2011-09-07,543.545,545.75,543.545,545.75,6500,490.425
2011-09-06,543.00,543.00,543.00,543.00,000,487.954
2011-09-05,543.94,545.00,543.00,545.00,5500,489.751
2011-09-02,541.60,552.00,541.60,552.00,2500,496.041
2011-09-01,546.00,550.00,540.72,550.00,4900,494.244
2011-08-31,545.00,550.00,535.94,550.00,8700,494.244
2011-08-30,535.00,544.00,533.50,544.00,6300,488.852
2011-08-26,530.00,533.00,526.60,533.00,2300,478.968
2011-08-25,526.68,531.00,526.68,531.00,22200,477.17
2011-08-24,515.00,533.00,515.00,529.25,19900,475.598
2011-08-23,510.00,510.00,509.048,510.00,4300,458.299
2011-08-22,488.25,494.50,477.40,490.50,6300,440.776
2011-08-19,479.75,488.00,477.20,488.00,11800,438.529
2011-08-18,479.00,479.50,479.00,479.50,4100,430.891
2011-08-17,480.00,481.25,480.00,481.00,3900,432.239
2011-08-16,488.00,488.00,488.00,485.50,1000,436.283
2011-08-15,479.00,489.00,479.00,489.00,3600,439.428
2011-08-12,470.00,474.50,460.641,474.50,7500,426.398
2011-08-11,470.00,470.00,470.00,470.00,1200,422.354
2011-08-10,455.00,470.00,455.00,469.50,134400,421.905
2011-08-09,433.00,449.75,420.00,445.00,21200,399.889
2011-08-08,465.00,465.00,440.00,440.50,12400,395.845
2011-08-05,495.00,495.00,463.00,475.00,153700,426.847
2011-08-04,535.00,535.00,502.00,502.00,28700,451.11
2011-08-03,533.00,533.06,528.50,528.50,85500,474.924
2011-08-02,538.00,538.00,534.192,538.00,8500,483.461
2011-08-01,537.50,540.00,531.60,540.00,14000,485.258
2011-07-29,538.00,538.00,533.00,533.00,16800,478.968
2011-07-28,536.50,537.50,533.00,534.50,3000,480.316
2011-07-27,534.50,535.00,532.00,532.00,10200,478.069
2011-07-26,529.00,536.00,525.00,535.50,8500,481.214
2011-07-25,528.00,531.00,522.365,531.00,8800,477.17
2011-07-22,529.50,533.31,521.50,530.00,57000,476.272
2011-07-21,525.00,531.13,521.00,526.00,9500,472.677
2011-07-20,528.585,530.00,528.585,530.00,4800,476.272
2011-07-19,527.00,534.00,522.625,534.00,5100,479.866
2011-07-18,530.50,536.00,521.00,530.00,11500,476.272
2011-07-15,534.50,536.00,531.995,534.50,1700,480.316
2011-07-14,532.50,536.00,532.00,536.00,2600,481.663
2011-07-13,536.50,536.50,532.64,536.50,5000,482.113
2011-07-12,537.00,538.00,536.00,538.00,4600,483.461
2011-07-11,550.00,550.00,540.00,545.50,8200,490.20
2011-07-08,554.00,554.00,550.00,556.75,6100,500.31
2011-07-07,556.25,556.25,556.25,556.25,000,499.861
2011-07-06,555.00,560.50,555.00,557.50,5200,500.984
2011-07-05,557.385,561.00,557.32,561.00,54700,504.129
2011-07-04,559.00,570.00,556.615,570.00,5800,512.217
2011-07-01,554.00,560.00,550.26,560.00,1400,503.23
2011-06-30,548.50,557.00,548.50,551.50,700,495.592
2011-06-29,548.50,562.00,548.00,562.00,4700,505.028
2011-06-28,543.50,558.00,543.50,557.50,4100,500.984
2011-06-27,557.00,557.00,557.00,548.50,800,492.896
2011-06-24,552.50,558.50,550.00,558.50,3500,501.883
2011-06-23,555.00,555.00,549.50,549.50,1100,493.795
2011-06-22,552.00,554.50,542.32,554.50,3600,498.288
2011-06-21,539.00,550.00,534.795,550.00,24700,494.244
2011-06-20,539.00,539.725,530.50,533.50,21600,479.417
2011-06-17,550.00,554.803,523.00,523.00,31300,469.981
2011-06-16,550.00,550.00,540.00,548.50,7500,492.896
2011-06-15,560.00,560.00,550.00,550.00,11200,494.244
2011-06-14,566.50,567.50,556.00,556.00,10200,499.636
2011-06-13,556.00,560.00,556.00,561.00,900,504.129
2011-06-10,568.00,568.00,556.00,556.00,17500,499.636
2011-06-09,563.50,563.50,557.41,558.00,8400,501.433
2011-06-08,560.00,564.00,559.00,562.50,3100,505.477
2011-06-07,563.50,563.50,558.00,558.00,7400,501.433
2011-06-06,566.00,571.50,560.00,560.00,68200,503.23
2011-06-03,561.50,562.00,558.27,559.00,12600,502.332
2011-06-02,568.00,573.50,565.00,571.00,9700,513.115
2011-06-01,570.00,574.00,565.50,574.00,11100,515.811
2011-05-31,574.50,577.675,561.50,561.50,12200,504.578
2011-05-27,563.50,575.00,562.50,565.50,29400,508.173
2011-05-26,550.00,557.21,544.50,544.50,6700,489.302
2011-05-25,550.00,553.50,542.00,542.00,3900,487.055
2011-05-24,545.50,554.50,545.50,550.00,3200,494.244
2011-05-23,556.00,556.00,548.00,548.00,12700,492.447
2011-05-20,557.30,560.00,557.30,560.00,600,503.23
2011-05-19,560.00,562.48,556.00,559.00,18500,502.332
2011-05-18,562.50,562.50,556.00,556.00,7200,499.636
2011-05-17,561.00,564.50,556.50,558.00,39600,501.433
2011-05-16,562.00,562.00,554.50,561.00,14300,504.129
2011-05-13,555.50,561.50,550.00,550.00,4600,494.244
2011-05-12,551.00,560.06,550.00,550.00,7000,494.244
2011-05-11,552.50,558.00,550.00,551.00,292800,495.143
2011-05-10,560.00,565.553,552.50,552.50,79300,496.491
2011-05-09,557.50,560.50,552.895,560.00,16000,503.23
2011-05-06,553.00,555.00,548.00,551.00,15400,495.143
2011-05-05,550.00,553.50,548.00,549.00,7100,493.346
2011-05-04,551.94,554.50,550.00,550.00,1900,494.244
2011-05-03,554.50,555.00,547.36,552.00,7800,496.041
2011-04-28,551.50,555.00,547.50,550.00,26600,494.244
2011-04-27,546.00,554.50,546.00,550.50,2500,494.694
2011-04-26,550.00,550.00,546.00,546.00,3500,490.65
2011-04-21,550.00,555.00,546.64,555.00,8700,498.737
2011-04-20,552.00,553.32,546.00,546.00,14100,490.65
2011-04-19,563.00,563.00,551.00,552.00,31600,496.041
2011-04-18,569.50,572.00,563.00,563.00,11100,505.926
2011-04-15,560.00,572.50,560.00,572.50,22900,514.463
2011-04-14,554.50,560.00,554.50,560.00,1900,503.23
2011-04-13,545.00,555.00,545.00,548.50,6400,492.896
2011-04-12,549.00,550.00,542.625,548.50,7100,483.211
2011-04-11,540.00,549.00,525.00,549.00,19400,483.652
2011-04-08,537.50,537.50,535.62,537.50,600,473.52
2011-04-07,532.00,539.38,532.00,537.50,7100,473.52
2011-04-06,531.00,535.00,530.00,534.00,4700,470.437
2011-04-05,530.00,535.175,525.845,535.00,17800,471.318
2011-04-04,530.00,534.00,526.78,534.00,17900,470.437
2011-04-01,529.00,539.50,520.00,520.00,34700,458.103
2011-03-31,535.50,545.00,519.00,519.00,25400,457.223
2011-03-30,551.00,551.00,540.00,548.00,20100,482.771
2011-03-29,540.00,554.17,540.00,547.50,9900,482.33
2011-03-28,555.00,555.00,543.50,550.00,12000,484.533
2011-03-25,554.50,554.50,545.00,545.00,13300,480.128
2011-03-24,561.00,565.00,552.50,552.50,217800,486.735
2011-03-23,548.00,563.715,548.00,554.00,16800,488.056
2011-03-22,549.00,555.00,541.00,545.00,11100,480.128
2011-03-21,535.00,548.00,530.00,541.50,36700,477.044
2011-03-18,535.00,535.00,525.00,535.00,9400,471.318
2011-03-17,530.00,532.00,518.00,530.00,21500,466.913
2011-03-16,519.00,530.00,519.00,525.00,11900,462.508
2011-03-15,518.50,529.50,510.00,510.00,17000,449.294
2011-03-14,523.50,525.00,516.225,525.00,3500,462.508
2011-03-11,511.00,520.00,511.00,520.00,3200,458.103
2011-03-10,520.25,522.00,515.00,522.00,1800,459.865
2011-03-09,524.50,530.00,524.50,530.00,303800,466.913
2011-03-08,520.00,520.00,520.00,516.75,800,455.24
2011-03-07,525.00,525.00,520.00,520.00,4400,458.103
2011-03-04,518.50,518.50,518.50,518.50,000,456.782
2011-03-03,511.00,515.00,511.00,513.50,2900,452.377
2011-03-02,515.50,517.50,510.50,513.00,8900,451.937
2011-03-01,529.50,529.50,515.67,520.00,9800,458.103
2011-02-28,520.00,530.00,518.00,524.50,7500,462.068
2011-02-25,520.50,525.00,515.50,525.00,4800,462.508
2011-02-24,534.00,539.00,520.50,539.00,10100,474.842
2011-02-23,525.00,531.125,520.543,521.00,3400,458.984
2011-02-22,520.50,534.50,520.50,525.00,9800,462.508
2011-02-21,534.00,534.00,534.00,534.00,200,470.437
2011-02-18,525.00,535.00,525.00,535.00,4000,471.318
2011-02-17,529.55,529.55,529.55,520.25,1000,458.324
2011-02-16,515.00,525.62,515.00,515.00,52700,453.699
2011-02-15,512.43,530.00,512.43,530.00,41900,466.913
2011-02-14,519.38,520.00,513.00,513.00,4600,451.937
2011-02-11,517.327,517.327,517.327,517.50,200,455.901
2011-02-10,527.00,528.812,520.00,527.00,31300,464.27
2011-02-09,521.50,530.00,520.00,522.00,206000,459.865
2011-02-08,521.50,522.00,521.00,522.00,900,459.865
2011-02-07,519.00,522.00,513.50,522.00,27900,459.865
2011-02-04,521.00,521.00,515.00,521.00,11700,458.984
2011-02-03,516.00,517.00,514.50,517.00,35600,455.461
2011-02-02,515.00,520.675,514.50,514.50,10000,453.258
2011-02-01,521.50,521.50,513.00,520.00,20700,458.103
2011-01-31,512.50,517.00,512.50,513.00,4300,451.937
2011-01-28,522.00,522.00,512.50,513.00,1800,451.937
2011-01-27,515.00,520.51,514.50,515.00,39200,453.699
2011-01-26,502.00,517.00,502.00,513.00,56400,451.937
2011-01-25,500.00,505.50,500.00,502.50,8000,442.687
2011-01-24,500.00,501.001,500.00,501.00,3700,441.365
2011-01-21,500.00,500.00,500.00,500.00,2300,440.484
2011-01-20,501.001,507.00,501.001,507.00,400,446.651
2011-01-19,514.00,514.00,509.00,514.00,2900,452.818
2011-01-18,500.00,507.50,500.00,507.50,16500,447.091
2011-01-17,502.50,502.50,500.00,502.50,70700,442.687
2011-01-14,509.50,509.50,500.50,501.50,4700,441.806
2011-01-13,515.00,518.39,500.00,505.50,26800,445.329
2011-01-12,528.00,533.00,515.00,515.00,97600,453.699
2011-01-11,540.00,540.00,528.028,534.00,15100,470.437
2011-01-10,513.00,535.535,513.00,535.00,321600,471.318
2011-01-07,510.00,515.00,505.505,515.00,7000,453.699
2011-01-06,505.00,510.00,502.00,510.00,9800,449.294
2011-01-05,496.00,500.00,495.00,495.00,193300,436.079
2011-01-04,497.75,500.848,496.00,496.00,16300,436.96
2010-12-31,500.50,505.00,494.244,505.00,29800,444.889
2010-12-30,493.305,501.00,493.305,498.50,13300,439.163
2010-12-29,497.75,506.00,495.00,496.50,6600,437.401
2010-12-27,501.50,501.50,501.50,501.50,000,441.806
2010-12-24,497.75,506.00,497.75,501.50,1800,441.806
2010-12-23,499.75,499.75,495.00,495.00,7000,436.079
2010-12-22,507.50,507.50,498.575,500.00,000,440.484
2010-12-21,500.00,505.00,495.00,497.50,639700,438.282
2010-12-20,502.00,504.344,495.00,495.00,23600,436.079
2010-12-17,505.00,505.00,495.00,495.00,3400,436.079
2010-12-16,502.00,506.50,500.00,506.50,8800,446.21
2010-12-15,499.75,502.00,492.00,492.00,27200,433.436
2010-12-14,494.00,505.00,492.50,505.00,13300,444.889
2010-12-13,492.00,497.00,491.50,497.00,18700,437.841
2010-12-10,482.00,494.75,482.00,493.00,36300,434.317
2010-12-09,483.00,494.75,482.965,490.50,6100,432.115
2010-12-08,484.75,500.00,481.75,481.75,25000,424.406
2010-12-07,481.25,486.90,480.00,485.00,14200,427.27
2010-12-06,483.00,485.00,476.525,479.50,9900,422.424
2010-12-03,492.25,492.50,483.00,483.00,30000,425.508
2010-12-02,490.00,490.25,489.40,490.25,3600,431.895
2010-12-01,475.00,493.00,475.00,485.50,22300,427.71
2010-11-30,498.00,502.148,475.00,481.00,256200,423.746
2010-11-29,504.00,504.45,498.00,500.50,12500,440.925
2010-11-26,505.00,505.00,500.00,500.00,54900,440.484
2010-11-25,505.00,509.45,503.00,503.00,10500,443.127
2010-11-24,501.00,505.00,500.00,500.00,37800,440.484
2010-11-23,505.00,506.295,505.00,505.00,81900,444.889
2010-11-22,505.00,511.00,505.00,511.00,3700,450.175
2010-11-19,505.00,512.00,505.00,511.00,29400,450.175
2010-11-18,510.00,520.00,509.50,520.00,28200,458.103
2010-11-17,502.00,510.06,502.00,510.00,106600,449.294
2010-11-16,506.50,512.00,505.00,512.00,46300,451.056
2010-11-15,510.00,515.00,505.00,505.00,86200,444.889
2010-11-12,514.00,522.00,510.00,515.00,15300,453.699
2010-11-11,506.50,522.00,506.50,522.00,48200,459.865
2010-11-10,508.00,515.00,505.40,506.00,10600,445.77
2010-11-09,505.50,515.14,502.00,508.00,21000,447.532
2010-11-08,508.00,509.00,504.00,509.00,23700,448.413
2010-11-05,510.00,510.00,503.00,505.00,44700,444.889
2010-11-04,505.00,508.50,505.00,505.00,3400,444.889
2010-11-03,510.00,513.50,507.00,507.00,565700,446.651
2010-11-02,512.50,520.00,506.796,520.00,9500,458.103
2010-11-01,513.00,513.00,506.00,513.00,8300,451.937
2010-10-29,515.00,515.00,505.50,513.00,6800,451.937
2010-10-28,512.50,513.48,509.00,513.00,53000,451.937
2010-10-27,509.50,512.50,505.00,512.50,174300,451.496
2010-10-26,525.00,525.00,503.00,503.00,19000,443.127
2010-10-25,517.00,517.00,513.00,515.00,9500,453.699
2010-10-22,519.50,522.00,518.00,520.00,11200,458.103
2010-10-21,512.00,521.00,510.00,517.50,21600,455.901
2010-10-20,507.00,511.00,503.00,503.00,4700,443.127
2010-10-19,508.00,508.00,502.249,508.00,15100,447.532
2010-10-18,501.90,507.55,501.90,504.50,8900,444.448
2010-10-15,502.40,508.20,502.40,504.00,1300,444.008
2010-10-14,508.00,508.00,501.00,501.00,16300,441.365
2010-10-13,508.00,508.00,501.00,501.00,5100,441.365
2010-10-12,510.00,510.56,502.787,510.00,6300,449.294
2010-10-11,512.00,512.00,504.08,505.00,185900,444.889
2010-10-08,500.50,510.00,500.50,505.00,18200,444.889
2010-10-07,498.00,509.44,498.00,508.00,4400,447.532
2010-10-06,512.00,515.00,504.465,515.00,21700,453.699
2010-10-05,516.00,517.00,506.00,517.00,20500,451.02
2010-10-04,503.00,515.00,492.00,515.00,21500,449.276
2010-10-01,500.00,500.00,495.20,500.00,4900,436.19
2010-09-30,497.00,500.00,493.00,493.00,22400,430.083
2010-09-29,490.00,498.00,490.00,490.75,23600,428.12
2010-09-28,493.25,496.50,491.00,496.50,10300,433.137
2010-09-27,492.00,492.00,490.00,490.00,5100,427.466
2010-09-24,488.75,495.00,488.75,492.50,11300,429.647
2010-09-23,488.50,494.00,488.249,494.00,18800,430.956
2010-09-22,495.00,495.00,488.75,490.00,19900,427.466
2010-09-21,488.50,491.032,487.00,487.00,8700,424.849
2010-09-20,487.00,492.50,481.00,492.50,31900,429.647
2010-09-17,490.00,495.40,470.50,470.50,14600,410.455
2010-09-16,491.50,494.91,490.00,490.00,8400,427.466
2010-09-15,490.25,495.00,485.25,495.00,37300,431.828
2010-09-14,490.00,495.00,489.75,492.00,23300,429.211
2010-09-13,488.75,497.00,485.75,497.00,30000,433.573
2010-09-10,492.75,497.64,486.50,493.75,54800,430.738
2010-09-09,499.00,499.00,490.00,495.00,57000,431.828
2010-09-08,486.00,500.00,485.00,500.00,17300,436.19
2010-09-07,485.25,495.71,485.00,485.00,16400,423.104
2010-09-06,500.00,500.00,490.00,500.00,75700,436.19
2010-09-03,503.00,503.00,485.00,485.00,37400,423.104
2010-09-02,495.00,501.00,485.00,501.00,160600,437.062
2010-09-01,473.00,495.00,473.00,495.00,50000,431.828
2010-08-31,465.00,478.75,465.00,478.75,473600,417.652
2010-08-30,466.50,466.50,466.50,466.50,000,406.965
2010-08-27,455.00,466.50,455.00,466.50,28600,406.965
2010-08-26,455.00,457.00,450.00,457.00,64900,398.678
2010-08-25,453.00,455.00,450.00,455.00,10100,396.933
2010-08-24,455.00,457.00,450.00,450.00,18100,392.571
2010-08-23,450.00,458.75,450.00,455.50,79600,397.369
2010-08-20,455.00,458.00,450.00,455.00,48500,396.933
2010-08-19,456.00,458.00,454.00,455.00,7400,396.933
2010-08-18,450.00,453.25,450.00,453.25,3600,395.406
2010-08-17,454.50,455.00,450.00,455.00,8900,396.933
2010-08-16,450.25,455.00,447.00,452.50,7100,394.752
2010-08-13,454.75,455.00,447.00,454.00,9400,396.061
2010-08-12,454.00,454.00,450.00,450.50,7800,393.007
2010-08-11,447.00,455.00,447.00,450.00,8500,392.571
2010-08-10,454.00,454.00,450.00,451.00,13000,393.443
2010-08-09,443.25,455.00,443.25,450.00,4300,392.571
2010-08-06,452.50,452.50,452.50,452.50,000,394.752
2010-08-05,455.00,458.00,452.75,458.00,16200,399.55
2010-08-04,455.00,455.00,447.00,447.00,10400,389.954
2010-08-03,455.00,455.00,443.60,455.00,9600,396.933
2010-08-02,448.00,458.00,447.00,458.00,13000,399.55
2010-07-30,450.00,460.00,447.00,450.50,13400,393.007
2010-07-29,450.00,450.00,440.00,447.00,16300,389.954
2010-07-28,445.00,449.00,437.638,449.00,14600,391.699
2010-07-27,450.00,450.00,440.00,441.00,6200,384.72
2010-07-26,435.00,449.25,435.00,441.00,4500,384.72
2010-07-23,444.75,447.00,435.725,444.25,3600,387.555
2010-07-22,440.00,445.00,430.50,445.00,4700,388.209
2010-07-21,440.00,440.00,431.25,440.00,5200,383.847
2010-07-20,438.00,438.00,435.00,437.50,10400,381.666
2010-07-19,445.25,447.00,438.00,439.00,11700,382.975
2010-07-16,470.00,470.00,445.00,445.00,19700,388.209
2010-07-15,450.00,458.00,443.70,457.00,11400,398.678
2010-07-14,460.00,460.00,445.00,449.00,5000,391.699
2010-07-13,454.75,454.75,445.50,450.00,19400,392.571
2010-07-12,457.00,457.00,445.51,455.00,18600,396.933
2010-07-09,445.00,460.00,435.50,449.00,338600,391.699
2010-07-08,435.00,445.00,430.488,445.00,8900,388.209
2010-07-07,435.00,440.35,427.50,435.00,4600,379.485
2010-07-06,430.00,435.00,422.00,435.00,6600,379.485
2010-07-05,430.00,430.00,429.00,430.00,2000,375.123
2010-07-02,429.75,434.50,423.25,434.50,8600,379.049
2010-07-01,425.00,430.00,420.00,422.00,11500,368.144
2010-06-30,430.00,434.00,422.50,422.50,11400,368.581
2010-06-29,445.00,445.00,430.00,435.00,104700,379.485
2010-06-28,438.00,445.00,438.00,445.00,2400,388.209
2010-06-25,443.00,443.743,432.00,432.00,11800,376.868
2010-06-24,445.00,448.50,436.27,448.50,9300,391.262
2010-06-23,443.00,448.00,434.25,448.00,29800,390.826
2010-06-22,440.00,445.00,433.318,445.00,8400,388.209
2010-06-21,439.75,442.00,427.50,431.00,9300,375.996
2010-06-18,440.00,443.25,428.40,443.25,28700,386.682
2010-06-17,434.00,434.00,425.00,432.00,164700,376.868
2010-06-16,435.00,438.083,422.00,422.00,18000,368.144
2010-06-15,433.00,437.25,425.00,437.25,37900,381.448
2010-06-14,432.75,434.75,422.75,434.75,8200,379.267
2010-06-11,428.00,435.00,424.763,435.00,6500,379.485
2010-06-10,421.75,428.00,421.50,428.00,4000,373.379
2010-06-09,427.00,430.00,422.00,430.00,12300,375.123
2010-06-08,452.50,452.50,452.50,452.50,7900,394.752
2010-06-07,427.00,427.00,420.00,427.00,11200,372.506
2010-06-04,428.00,428.00,420.00,422.50,26700,368.581
2010-06-03,425.00,428.00,416.338,428.00,49200,373.379
2010-06-02,425.00,425.00,418.813,425.00,5400,370.762
2010-06-01,420.00,422.00,413.588,422.00,5400,368.144
2010-05-31,415.00,415.00,415.00,415.00,000,362.038
2010-05-28,405.00,420.00,405.00,415.00,39600,362.038
2010-05-27,400.00,420.00,400.00,415.00,52000,362.038
2010-05-26,395.00,415.00,395.00,415.00,47100,362.038
2010-05-25,400.00,400.60,395.05,400.00,13600,348.952
2010-05-24,393.00,400.00,390.25,399.75,11700,348.734
2010-05-21,400.00,404.83,390.00,396.75,51100,346.117
2010-05-20,412.00,422.605,400.00,400.00,65800,348.952
2010-05-19,420.25,432.605,410.00,416.50,12600,363.346
2010-05-18,435.00,435.00,419.90,430.25,18300,375.342
2010-05-17,423.00,435.00,410.00,435.00,25000,379.485
2010-05-14,435.50,435.89,425.00,433.50,4500,378.177
2010-05-13,430.00,437.00,426.25,437.00,16800,381.23
2010-05-12,414.75,430.00,414.684,430.00,31400,375.123
2010-05-11,414.75,425.00,400.97,425.00,6100,370.762
2010-05-10,415.00,415.00,412.873,415.00,8800,362.038
2010-05-07,402.75,409.75,400.00,400.00,65200,348.952
2010-05-06,401.25,415.00,400.00,415.00,29900,362.038
2010-05-05,420.00,420.00,402.00,408.00,19800,355.931
2010-05-04,430.00,430.00,430.00,430.00,8800,375.123
2010-05-03,420.00,420.00,420.00,420.00,000,366.40
2010-04-30,420.00,420.00,410.00,420.00,57900,366.40
2010-04-29,401.50,420.00,401.50,408.75,8200,356.585
2010-04-28,420.00,425.25,404.065,409.50,42500,357.24
2010-04-27,438.25,438.25,420.00,420.25,24100,366.618
2010-04-26,423.00,438.00,423.00,438.00,8400,382.102
2010-04-23,433.00,433.00,420.00,426.50,12500,372.07
2010-04-22,433.75,438.00,422.00,425.00,38200,370.762
2010-04-21,438.00,438.00,425.00,425.25,14600,370.98
2010-04-20,435.00,441.50,434.00,435.00,29000,379.485
2010-04-19,450.00,450.00,434.00,434.00,12000,378.613
2010-04-16,450.00,450.00,445.50,450.00,14600,392.571
2010-04-15,445.00,455.00,437.75,455.00,16800,396.933
2010-04-14,450.00,450.00,437.50,440.00,7800,383.847
2010-04-13,440.00,450.00,435.00,450.00,51500,384.894
2010-04-12,450.00,452.90,442.00,443.00,28500,378.907
2010-04-09,450.00,454.85,438.00,446.25,53800,381.687
2010-04-08,454.50,455.00,440.00,440.50,12000,376.769
2010-04-07,439.00,450.50,437.50,450.50,31500,385.322
2010-04-06,419.50,439.00,419.50,438.50,53600,375.058
2010-04-05,430.00,430.00,430.00,430.00,000,367.788
2010-04-02,430.00,430.00,430.00,430.00,000,367.788
2010-04-01,430.00,432.75,420.00,430.00,16100,367.788
2010-03-31,423.00,430.50,420.00,430.50,43200,368.215
2010-03-30,415.00,435.00,415.00,435.00,36700,372.064
2010-03-29,420.00,428.613,418.00,425.00,63400,363.511
2010-03-26,412.25,420.00,410.00,415.00,8900,354.958
2010-03-25,415.00,415.00,410.00,412.50,79400,352.82
2010-03-24,418.00,418.00,413.00,414.00,22000,354.103
2010-03-23,407.00,425.00,405.00,418.00,439400,357.524
2010-03-22,418.00,420.00,413.20,415.00,14700,354.958
2010-03-19,417.00,420.00,410.00,418.00,16900,357.524
2010-03-18,415.00,417.78,413.00,413.00,9700,353.247
2010-03-17,405.00,420.00,403.187,415.00,822000,354.958
2010-03-16,408.00,411.979,390.00,403.00,106300,344.694
2010-03-15,423.00,423.00,419.00,420.00,22700,359.234
2010-03-12,414.25,424.643,410.00,424.00,10400,362.656
2010-03-11,416.00,429.90,414.00,425.00,14100,363.511
2010-03-10,418.00,430.00,412.01,430.00,13100,367.788
2010-03-09,428.00,430.00,423.75,423.75,131700,362.442
2010-03-08,421.00,430.00,416.00,416.00,61800,355.813
2010-03-05,420.00,420.00,420.00,420.00,27800,359.234
2010-03-04,445.00,445.00,425.00,435.00,7200,372.064
2010-03-03,438.75,450.00,430.00,435.00,21600,372.064
2010-03-02,435.00,450.00,435.00,450.00,147600,384.894
2010-03-01,435.00,440.00,435.00,440.00,14200,376.341
2010-02-26,440.00,444.45,440.00,440.00,25800,376.341
2010-02-25,441.75,444.00,440.25,440.25,15700,376.555
2010-02-24,450.00,450.00,438.90,445.50,11800,381.045
2010-02-23,432.00,447.25,427.60,447.25,29200,382.542
2010-02-22,435.00,435.00,429.50,435.00,3400,372.064
2010-02-19,429.50,429.50,417.25,429.00,1700,366.932
2010-02-18,435.25,435.38,417.00,427.00,26600,365.222
2010-02-17,437.75,439.00,423.50,429.00,8900,366.932
2010-02-16,425.00,440.00,421.562,440.00,11300,376.341
2010-02-15,438.75,438.75,415.00,434.75,22500,371.85
2010-02-12,416.00,440.00,410.00,440.00,21100,376.341
2010-02-11,437.00,439.50,413.75,413.75,23000,353.889
2010-02-10,434.50,436.75,425.25,431.75,8400,369.284
2010-02-09,432.00,432.00,420.35,426.00,6200,364.366
2010-02-08,440.00,440.00,425.00,431.25,12900,368.857
2010-02-05,441.00,444.75,425.045,442.00,44900,378.052
2010-02-04,430.00,430.00,430.00,430.00,18300,367.788
2010-02-03,460.00,460.00,453.00,458.00,37500,391.737
2010-02-02,449.00,454.00,445.327,453.00,8500,387.46
2010-02-01,459.50,459.50,447.00,459.50,1300,393.02
2010-01-29,465.00,465.00,440.00,460.00,844100,393.447
2010-01-28,457.25,469.50,455.304,465.00,126500,397.724
2010-01-27,466.50,469.00,453.48,468.00,26000,400.29
2010-01-26,459.50,469.00,449.206,464.50,101000,397.296
2010-01-25,460.00,466.16,447.26,460.00,32500,393.447
2010-01-22,467.00,467.00,440.00,455.00,23100,389.171
2010-01-21,467.00,467.00,455.00,467.00,197400,399.435
2010-01-20,466.00,466.00,455.65,465.00,8500,397.724
2010-01-19,447.00,466.00,445.60,466.00,83300,398.579
2010-01-18,460.00,465.00,445.45,456.00,41800,390.026
2010-01-15,457.00,460.00,448.00,457.00,14300,390.881
2010-01-14,450.00,458.80,450.00,456.50,7000,390.454
2010-01-13,450.00,460.00,450.00,460.00,15600,393.447
2010-01-12,460.00,460.00,452.00,458.00,6200,391.737
2010-01-11,460.00,460.00,452.00,460.00,29700,393.447
2010-01-08,442.00,460.00,442.00,456.00,154000,390.026
2010-01-07,442.00,455.00,442.00,450.00,4400,384.894
2010-01-06,440.00,459.25,440.00,459.25,9400,392.806
2010-01-05,460.00,460.00,439.246,445.00,20300,380.617
2010-01-04,456.00,463.49,446.75,460.00,17900,393.447
2010-01-01,445.00,445.00,445.00,445.00,000,380.617
2009-12-31,447.00,456.00,445.00,445.00,5400,380.617
2009-12-30,454.50,456.00,442.00,456.00,1100,390.026
2009-12-29,442.00,455.75,440.25,452.25,2000,386.819
2009-12-28,454.25,454.25,454.25,454.25,000,388.529
2009-12-24,443.00,454.25,443.00,454.25,1500,388.529
2009-12-23,438.25,456.00,438.00,443.50,9700,379.334
2009-12-22,443.00,455.00,435.01,445.00,14500,380.617
2009-12-21,440.48,450.00,440.00,445.00,11900,380.617
2009-12-18,456.00,456.906,440.142,445.00,28900,380.617
2009-12-17,456.00,460.00,436.043,460.00,9500,393.447
2009-12-16,445.00,456.71,443.00,456.00,8400,390.026
2009-12-15,443.00,455.00,440.00,450.00,19600,384.894
2009-12-14,450.00,454.505,441.143,450.00,12300,384.894
2009-12-11,442.00,455.00,436.14,455.00,15700,389.171
2009-12-10,436.00,448.75,425.098,448.75,30900,383.825
2009-12-09,433.00,433.90,425.095,427.75,80400,365.863
2009-12-08,425.50,434.25,425.00,433.00,40200,370.354
2009-12-07,433.25,434.00,416.289,430.00,33800,367.788
2009-12-04,427.50,435.00,411.013,435.00,59500,372.064
2009-12-03,414.00,425.00,414.00,415.00,23300,354.958
2009-12-02,424.75,425.25,413.25,423.00,35000,361.80
2009-12-01,425.00,425.00,416.00,424.00,15800,362.656
2009-11-30,412.00,428.75,410.00,412.50,57400,352.82
2009-11-27,418.75,429.00,412.00,426.00,36100,364.366
2009-11-26,433.75,433.75,414.25,414.25,146800,354.316
2009-11-25,435.00,435.00,420.00,423.50,139700,362.228
2009-11-24,430.00,444.00,424.50,424.50,38300,363.083
2009-11-23,430.50,444.81,425.50,427.00,77900,365.222
2009-11-20,442.75,444.805,425.475,429.50,7600,367.36
2009-11-19,427.75,443.12,425.25,440.00,17400,376.341
2009-11-18,427.00,436.25,426.238,436.25,352800,373.133
2009-11-17,436.00,440.20,426.388,427.00,67500,365.222
2009-11-16,440.00,440.00,429.344,436.00,38800,372.92
2009-11-13,435.00,440.00,425.00,429.50,32800,367.36
2009-11-12,430.00,434.85,421.425,429.50,16800,367.36
2009-11-11,422.25,435.378,410.00,432.00,957300,369.498
2009-11-10,408.00,422.00,407.00,412.00,39600,352.392
2009-11-09,420.00,420.00,405.00,410.00,34300,350.681
2009-11-06,423.00,423.365,404.77,416.00,19700,355.813
2009-11-05,421.25,421.25,405.00,407.00,126100,348.115
2009-11-04,425.25,432.50,415.00,415.00,118100,354.958
2009-11-03,441.75,441.75,425.00,425.00,14600,363.511
2009-11-02,430.00,440.338,425.01,439.50,414000,375.913
2009-10-30,445.00,453.91,430.50,434.50,17400,371.637
2009-10-29,456.00,460.785,445.00,447.00,24500,382.328
2009-10-28,465.00,474.00,455.00,455.00,45700,389.171
2009-10-27,474.50,474.50,462.54,469.50,21500,401.573
2009-10-26,461.00,475.00,461.00,470.00,301300,402.00
2009-10-23,470.00,470.00,460.99,461.00,21400,394.303
2009-10-22,465.00,469.25,455.00,466.00,252600,398.579
2009-10-21,472.00,477.445,467.25,468.75,103100,400.931
2009-10-20,480.00,490.00,462.145,468.00,36200,400.29
2009-10-19,465.00,473.00,460.715,472.00,53600,403.711
2009-10-16,472.50,475.00,465.00,467.00,30400,399.435
2009-10-15,475.00,476.50,468.00,468.00,57800,400.29
2009-10-14,475.00,484.90,468.25,470.75,60000,402.642
2009-10-13,485.25,485.25,472.00,476.50,17400,407.56
2009-10-12,479.75,485.00,471.95,485.00,20400,414.83
2009-10-09,473.25,484.774,473.00,475.50,9400,406.705
2009-10-08,480.00,490.00,472.00,489.00,24500,418.252
2009-10-07,475.00,487.263,470.00,474.00,126000,405.422
2009-10-06,486.00,493.928,482.00,484.00,75900,409.869
2009-10-05,482.50,495.00,482.00,487.25,6800,412.622
2009-10-02,503.00,503.00,482.00,484.00,63700,409.869
2009-10-01,492.00,500.864,492.00,493.00,27100,417.491
2009-09-30,500.00,506.50,490.661,501.50,434300,424.689
2009-09-29,490.50,500.00,488.00,496.50,29500,420.455
2009-09-28,488.00,496.70,486.50,494.25,20100,418.55
2009-09-25,487.50,491.25,487.50,488.00,25100,413.257
2009-09-24,493.75,500.00,489.626,500.00,41500,423.419
2009-09-23,490.50,504.00,486.18,498.75,36600,422.36
2009-09-22,505.00,505.00,490.05,499.00,72000,422.572
2009-09-21,510.00,515.00,486.00,492.50,64600,417.068
2009-09-18,482.00,517.00,482.00,517.00,837400,437.815
2009-09-17,502.00,510.00,482.50,510.00,107400,431.887
2009-09-16,465.00,502.00,465.00,502.00,146600,425.112
2009-09-15,467.00,480.00,455.00,474.00,36100,401.401
2009-09-14,455.20,478.963,450.00,450.00,35000,381.077
2009-09-11,450.00,468.30,436.70,455.10,87400,385.396
2009-09-10,459.00,459.00,435.00,438.30,74600,371.169
2009-09-09,449.90,459.90,440.00,440.00,70000,372.609
2009-09-08,450.30,460.00,445.30,445.50,46500,377.266
2009-09-07,450.00,462.90,446.00,449.10,36800,380.315
2009-09-04,442.00,470.00,440.00,460.00,98500,389.545
2009-09-03,447.00,460.00,441.536,449.00,77700,380.23
2009-09-02,460.00,476.463,446.30,448.00,43200,379.383
2009-09-01,485.00,485.00,451.10,460.00,56700,389.545
2009-08-31,480.00,480.00,480.00,480.00,000,406.482
2009-08-28,475.00,480.00,472.00,480.00,58300,406.482
2009-08-27,466.00,479.00,466.00,466.00,142300,394.626
2009-08-26,479.90,486.62,466.00,466.00,164000,394.626
2009-08-25,486.00,499.00,475.00,477.00,243300,403.942
2009-08-24,510.00,510.00,491.08,510.00,37200,431.887
2009-08-21,503.50,509.00,490.10,505.00,65000,427.653
2009-08-20,490.00,508.00,490.00,507.00,36400,429.347
2009-08-19,501.50,523.00,489.00,502.00,103100,425.112
2009-08-18,482.00,505.00,465.00,497.60,62300,421.386
2009-08-17,473.00,485.00,460.00,460.10,23100,389.63
2009-08-14,450.00,470.00,443.50,455.00,33300,385.311
2009-08-13,416.00,450.00,416.00,435.00,26400,368.374
2009-08-12,416.10,430.00,416.00,430.00,6700,364.14
2009-08-11,419.90,429.80,415.00,416.00,6300,352.284
2009-08-10,415.00,430.00,415.00,416.00,64100,352.284
2009-08-07,410.00,425.00,410.00,425.00,24300,359.906
2009-08-06,410.00,425.00,410.00,420.00,71000,355.672
2009-08-05,424.50,424.50,410.00,410.00,36000,347.203
2009-08-04,405.00,425.00,405.00,425.00,21400,359.906
2009-08-03,420.00,424.50,400.00,411.50,18700,348.474
2009-07-31,416.00,422.50,405.50,422.50,8900,357.789
2009-07-30,410.50,417.00,405.00,406.00,48900,343.816
2009-07-29,421.00,424.50,400.00,407.25,23300,344.875
2009-07-28,417.00,424.00,405.00,424.00,36800,359.059
2009-07-27,410.25,424.50,405.00,405.00,11600,342.969
2009-07-24,424.50,424.50,412.51,422.00,34500,357.365
2009-07-23,405.25,420.00,400.00,416.00,90100,352.284
2009-07-22,409.00,420.00,400.00,420.00,9800,355.672
2009-07-21,410.00,415.00,401.00,404.00,20500,342.122
2009-07-20,420.00,422.50,400.00,400.00,12600,338.735
2009-07-17,419.75,422.00,403.00,422.00,9600,357.365
2009-07-16,408.25,420.00,405.00,420.00,18300,355.672
2009-07-15,400.00,420.00,400.00,407.00,20600,344.663
2009-07-14,395.00,403.00,395.00,401.00,24200,339.582
2009-07-13,397.75,403.00,395.00,403.00,16500,341.276
2009-07-10,395.00,405.00,395.00,397.00,11600,336.195
2009-07-09,401.25,405.00,396.105,397.00,19700,336.195
2009-07-08,400.00,415.00,395.00,395.00,120900,334.501
2009-07-07,407.50,414.00,400.00,414.00,16100,350.591
2009-07-06,415.00,418.75,399.00,409.25,18200,346.568
2009-07-03,415.00,436.50,415.00,420.00,52600,355.672
2009-07-02,435.00,435.00,417.50,417.50,22200,353.555
2009-07-01,434.50,434.50,415.50,430.00,12600,364.14
2009-06-30,439.50,440.00,411.00,411.00,43900,348.05
2009-06-29,415.50,430.00,415.00,427.25,26100,361.811
2009-06-26,428.00,440.00,415.00,418.00,12600,353.978
2009-06-25,407.50,425.00,405.00,420.00,618000,355.672
2009-06-24,402.25,420.00,400.00,420.00,3800,355.672
2009-06-23,404.00,421.00,400.00,402.00,18900,340.429
2009-06-22,416.75,428.00,400.00,401.00,87600,339.582
2009-06-19,418.00,419.25,401.00,406.50,107600,344.24
2009-06-18,400.00,416.50,400.00,411.75,42800,348.685
2009-06-17,410.00,413.00,398.00,400.50,86700,339.158
2009-06-16,405.50,416.00,400.00,413.25,31500,349.956
2009-06-15,426.00,435.50,408.00,412.25,53200,349.109
2009-06-12,450.00,450.00,425.00,426.00,220500,360.753
2009-06-11,474.00,474.00,422.00,450.00,39200,381.077
2009-06-10,470.50,472.00,449.00,449.00,27800,380.23
2009-06-09,437.00,478.00,437.00,467.00,74900,395.473
2009-06-08,440.00,462.00,437.00,437.00,57500,370.068
2009-06-05,465.00,465.00,440.00,440.00,19300,372.609
2009-06-04,458.50,462.00,437.00,457.75,83700,387.64
2009-06-03,442.75,458.00,435.00,458.00,319100,387.852
2009-06-02,450.50,455.00,441.50,455.00,19900,385.311
2009-06-01,450.00,460.00,444.75,460.00,13400,389.545
2009-05-29,436.50,450.00,435.00,435.00,19100,368.374
2009-05-28,435.00,445.00,432.00,436.50,64000,369.645
2009-05-27,438.75,445.00,436.00,438.00,12400,370.915
2009-05-26,437.00,446.00,432.00,441.00,68400,373.455
2009-05-25,438.00,438.00,438.00,438.00,000,370.915
2009-05-22,443.00,450.00,438.00,438.00,6200,370.915
2009-05-21,450.00,450.00,433.00,435.00,46300,368.374
2009-05-20,433.25,449.75,430.00,445.00,13100,376.843
2009-05-19,411.00,450.00,411.00,449.75,44300,380.865
2009-05-18,405.00,435.00,405.00,435.00,21600,368.374
2009-05-15,405.25,431.00,403.50,431.00,32000,364.987
2009-05-14,400.00,419.75,400.00,419.75,19500,355.46
2009-05-13,414.25,421.62,400.00,410.00,50300,347.203
2009-05-12,415.00,425.00,400.00,425.00,35400,359.906
2009-05-11,449.00,449.00,390.00,408.00,92000,345.51
2009-05-08,444.75,450.00,432.00,432.00,27700,365.834
2009-05-07,442.00,460.25,432.00,432.00,82700,365.834
2009-05-06,455.00,455.00,436.00,445.00,88100,376.843
2009-05-05,460.00,460.00,435.50,453.00,43100,383.617
2009-05-04,450.00,450.00,450.00,450.00,000,381.077
2009-05-01,440.00,456.50,435.50,450.00,237900,381.077
2009-04-30,432.00,460.00,432.00,445.00,41500,376.843
2009-04-29,431.50,459.00,431.50,450.00,24000,381.077
2009-04-28,431.00,457.50,429.50,457.50,44600,387.428
2009-04-27,430.00,450.00,430.00,431.00,59300,364.987
2009-04-24,435.00,450.00,435.00,448.75,17700,380.018
2009-04-23,429.25,455.00,429.25,435.00,19500,368.374
2009-04-22,434.50,454.50,430.00,454.50,26000,384.888
2009-04-21,450.00,470.00,425.00,438.00,88000,370.915
2009-04-20,453.25,470.00,450.00,450.00,35200,381.077
2009-04-17,461.00,474.00,459.00,459.00,30300,388.698
2009-04-16,418.00,493.00,418.00,470.00,172300,398.014
2009-04-15,405.00,435.00,405.00,435.00,59200,368.374
2009-04-14,385.00,420.084,385.00,418.00,64800,346.653
2009-04-13,399.00,399.00,399.00,399.00,000,330.896
2009-04-10,399.00,399.00,399.00,399.00,000,330.896
2009-04-09,382.50,404.00,382.50,399.00,106800,330.896
2009-04-08,385.00,403.00,385.00,403.00,25200,334.213
2009-04-07,419.00,419.00,394.00,403.00,23300,334.213
2009-04-06,423.25,430.00,410.00,420.00,32000,348.312
2009-04-03,390.00,430.00,389.75,410.25,33000,340.226
2009-04-02,405.00,406.00,391.75,394.75,59900,327.371
2009-04-01,398.50,404.00,385.00,404.00,17200,335.043
2009-03-31,405.00,408.25,385.00,408.25,29300,338.567
2009-03-30,404.00,405.00,385.00,389.00,15900,322.603
2009-03-27,399.50,400.00,385.00,395.50,105200,327.993
2009-03-26,402.00,402.00,390.00,395.25,291000,327.786
2009-03-25,400.00,403.00,394.00,396.50,49500,328.823
2009-03-24,395.00,405.00,391.00,400.00,136800,331.725
2009-03-23,378.00,395.00,378.00,385.00,49100,319.286
2009-03-20,376.00,392.25,375.00,392.25,144800,325.298
2009-03-19,358.00,380.50,350.00,374.00,298600,310.163
2009-03-18,338.00,358.00,338.00,358.00,23900,296.894
2009-03-17,310.00,338.00,310.00,330.00,323800,273.673
2009-03-16,306.00,306.00,295.00,301.00,186700,249.623
2009-03-13,310.00,310.00,301.50,303.00,99600,251.282
2009-03-12,310.00,310.00,300.00,309.50,25900,256.672
2009-03-11,306.75,307.50,296.00,307.00,9300,254.599
2009-03-10,283.50,309.75,283.50,309.50,8900,256.672
2009-03-09,300.00,300.00,283.00,283.00,17800,234.696
2009-03-06,325.00,325.00,293.00,293.00,21000,242.989
2009-03-05,325.00,325.00,316.00,324.00,123700,268.698
2009-03-04,325.00,332.75,316.75,321.00,55000,266.21
2009-03-03,325.00,332.50,306.00,324.00,35500,268.698
2009-03-02,310.00,320.00,297.50,305.00,27500,252.941
2009-02-27,310.00,319.75,300.00,308.00,102500,255.429
2009-02-26,340.50,341.00,310.00,311.00,26400,257.916
2009-02-25,330.25,345.00,325.00,341.00,39700,282.796
2009-02-24,343.75,345.00,320.00,345.00,18100,286.113
2009-02-23,350.00,350.00,331.00,345.00,25200,286.113
2009-02-20,345.00,358.00,345.00,358.00,8300,296.894
2009-02-19,360.00,360.00,345.00,353.75,201000,293.37
2009-02-18,350.00,360.00,345.00,360.00,27400,298.553
2009-02-17,350.00,360.00,346.50,351.00,9200,291.089
2009-02-16,346.50,360.00,346.50,360.00,8000,298.553
2009-02-13,353.50,359.00,350.00,355.00,564800,294.406
2009-02-12,346.50,360.00,346.50,353.50,62600,293.162
2009-02-11,350.00,360.00,346.75,352.75,24100,292.54
2009-02-10,360.00,360.00,353.00,360.00,16100,298.553
2009-02-09,360.00,360.00,351.50,360.00,11100,298.553
2009-02-06,360.00,365.00,355.01,360.00,21700,298.553
2009-02-05,375.00,367.50,356.25,360.00,000,298.553
2009-02-04,363.00,378.00,356.75,362.00,000,300.211
2009-02-03,364.75,370.50,360.75,363.00,000,301.041
2009-02-02,355.00,372.00,353.00,364.75,258100,302.492
2009-01-30,377.00,380.00,350.75,360.00,78300,298.553
2009-01-29,372.00,375.00,355.00,367.50,189000,304.773
2009-01-28,355.00,380.00,350.00,372.00,11300,308.505
2009-01-27,360.00,378.00,355.00,372.00,27300,308.505
2009-01-26,375.00,375.25,359.75,360.00,19300,298.553
2009-01-23,360.00,375.75,360.00,375.00,13300,310.993
2009-01-22,371.50,375.00,360.00,371.25,22100,307.883
2009-01-21,373.00,377.00,353.00,371.25,61700,307.883
2009-01-20,365.00,384.50,355.00,384.50,35600,318.871
2009-01-19,370.00,380.00,350.00,356.00,13100,295.236
2009-01-16,370.00,372.00,350.00,356.00,1024400,295.236
2009-01-15,370.00,370.00,352.00,353.00,10100,292.748
2009-01-14,345.00,375.00,342.00,370.00,89300,306.846
2009-01-13,350.00,361.66,342.75,345.00,758200,286.113
2009-01-12,347.00,365.00,342.00,360.00,56900,298.553
2009-01-09,360.00,365.00,352.00,355.00,93500,294.406
2009-01-08,344.00,361.00,344.00,353.25,333000,292.955
2009-01-07,350.00,355.00,347.00,353.00,75200,292.748
2009-01-06,350.00,370.00,340.00,351.25,101700,291.296
2009-01-05,358.00,363.75,345.00,347.25,111000,287.979
2009-01-02,346.75,360.00,340.00,347.00,23800,287.772
2009-01-01,351.00,351.00,351.00,351.00,000,291.089
2008-12-31,362.00,379.50,351.00,351.00,70800,291.089
2008-12-30,367.25,387.00,350.00,365.00,47400,302.699
2008-12-29,385.00,385.00,365.00,365.50,5700,303.114
2008-12-26,375.00,375.00,375.00,375.00,000,310.993
2008-12-25,375.00,375.00,375.00,375.00,000,310.993
2008-12-24,385.00,375.00,375.00,375.00,000,310.993
2008-12-23,362.50,385.00,355.00,385.00,20400,319.286
2008-12-22,375.00,385.75,347.25,347.25,52300,287.979
2008-12-19,360.00,384.25,345.00,384.25,254800,318.664
2008-12-18,400.00,400.00,340.00,351.50,89000,291.504
2008-12-17,383.00,400.00,383.00,398.25,24300,330.274
2008-12-16,401.00,402.00,380.75,385.00,30400,319.286
2008-12-15,405.00,405.00,397.00,404.00,6100,335.043
2008-12-12,395.00,413.00,385.00,413.00,25000,342.506
2008-12-11,410.00,410.00,392.00,392.25,14300,325.298
2008-12-10,425.00,425.00,410.00,422.00,2900,349.97
2008-12-09,411.75,423.00,410.00,417.00,16200,345.824
2008-12-08,438.00,438.00,405.00,417.50,286200,346.238
2008-12-05,440.00,440.00,432.00,436.25,2700,361.788
2008-12-04,425.00,438.00,415.00,432.00,14700,358.263
2008-12-03,420.00,428.00,415.00,426.00,11200,353.288
2008-12-02,420.00,424.00,415.00,424.00,180000,351.629
2008-12-01,426.00,430.00,416.00,418.50,73000,347.068
2008-11-28,430.50,435.00,420.00,430.00,86600,356.605
2008-11-27,440.00,442.25,425.00,438.50,34300,363.654
2008-11-26,455.00,455.00,435.00,445.00,10500,369.044
2008-11-25,430.00,460.00,430.00,457.75,15000,379.618
2008-11-24,437.00,445.50,430.00,440.00,10000,364.898
2008-11-21,438.00,451.00,430.00,440.00,47300,364.898
2008-11-20,455.00,455.00,440.00,444.00,37000,368.215
2008-11-19,432.25,458.00,432.25,454.00,363500,376.508
2008-11-18,430.00,442.00,421.00,442.00,8000,366.557
2008-11-17,412.00,425.00,402.00,420.25,196600,348.519
2008-11-14,412.00,412.00,395.26,403.00,2600,334.213
2008-11-13,400.25,415.00,399.00,405.00,81000,335.872
2008-11-12,422.00,425.00,400.00,400.00,16000,331.725
2008-11-11,429.75,429.75,405.00,407.50,73400,337.945
2008-11-10,418.00,430.00,416.00,426.00,7200,353.288
2008-11-07,410.00,410.00,390.00,410.00,13600,340.018
2008-11-06,395.00,405.50,390.00,393.50,3700,326.335
2008-11-05,410.00,410.00,400.00,410.00,7700,340.018
2008-11-04,350.50,415.00,350.50,401.50,24000,332.969
2008-11-03,335.00,370.75,335.00,370.75,15400,307.468
2008-10-31,320.00,340.00,320.00,340.00,37700,281.967
2008-10-30,335.00,335.00,320.00,325.00,11300,269.527
2008-10-29,335.00,340.00,320.00,335.00,116400,277.82
2008-10-28,300.25,320.00,300.00,320.00,90600,265.38
2008-10-27,330.00,340.00,200.25,200.25,99000,166.07
2008-10-24,340.00,350.00,330.00,330.75,78900,274.295
2008-10-23,370.00,370.00,342.25,342.25,7900,283.833
2008-10-22,375.00,375.00,360.00,363.75,21100,301.663
2008-10-21,395.00,401.788,360.00,360.00,43300,298.553
2008-10-20,400.00,404.25,390.00,390.00,20100,323.432
2008-10-17,420.00,435.00,380.00,393.75,15300,326.542
2008-10-16,440.00,455.00,420.00,423.50,23300,351.214
2008-10-15,475.00,480.00,450.00,450.00,23200,373.191
2008-10-14,480.00,494.25,476.75,494.25,4700,409.888
2008-10-13,455.00,475.00,455.00,467.50,26100,387.704
2008-10-10,450.00,474.75,423.00,474.75,56100,393.717
2008-10-09,460.00,469.99,453.00,453.00,7300,375.679
2008-10-08,470.00,489.00,440.00,442.00,192100,366.557
2008-10-07,500.00,510.00,470.00,470.00,23900,386.161
2008-10-06,505.00,525.00,500.00,507.50,12700,416.972
2008-10-03,497.00,531.00,495.00,530.00,20700,435.459
2008-10-02,525.00,525.00,497.00,497.00,80000,408.345
2008-10-01,525.00,525.00,506.00,520.00,8800,427.242
2008-09-30,520.00,525.00,495.00,505.50,172800,415.329
2008-09-29,535.00,540.00,515.00,520.00,11100,427.242
2008-09-26,538.00,538.00,514.00,520.50,52300,427.653
2008-09-25,525.00,540.00,510.00,517.50,9300,425.188
2008-09-24,559.00,559.00,525.00,525.00,12000,431.351
2008-09-23,555.00,570.00,540.00,540.00,23600,443.675
2008-09-22,545.00,564.00,545.00,545.00,31300,447.783
2008-09-19,550.00,580.00,550.00,550.00,34000,451.891
2008-09-18,530.00,568.50,530.00,550.00,39900,451.891
2008-09-17,550.00,555.00,530.00,530.00,12100,435.459
2008-09-16,575.00,585.00,531.00,531.00,23900,436.28
2008-09-15,575.00,575.00,555.00,575.00,19500,472.432
2008-09-12,575.00,577.80,565.00,571.50,18000,469.556
2008-09-11,572.00,578.00,560.00,566.50,6000,465.448
2008-09-10,572.00,578.00,563.00,578.00,2700,474.896
2008-09-09,608.00,610.00,570.00,578.00,22500,474.896
2008-09-08,605.00,610.00,599.00,610.00,3500,501.188
2008-09-05,600.00,605.00,586.00,605.00,13200,497.08
2008-09-04,595.00,599.70,588.00,597.00,18900,490.507
2008-09-03,585.00,595.00,585.00,590.00,38600,484.756
2008-09-02,590.00,600.00,587.00,591.50,57700,485.988
2008-09-01,585.00,592.50,575.60,591.00,21300,485.578
2008-08-29,583.50,585.00,575.00,585.00,9100,480.648
2008-08-28,540.00,589.50,540.00,580.00,119800,476.54
2008-08-27,536.00,545.00,532.23,541.50,84400,444.907
2008-08-26,521.00,527.00,515.00,522.50,8500,429.297
2008-08-25,524.50,524.50,524.50,524.50,000,430.94
2008-08-22,527.00,527.00,521.00,524.50,72000,430.94
2008-08-21,531.00,532.00,523.00,526.50,3700,432.583
2008-08-20,540.00,540.00,529.908,537.00,3200,441.21
2008-08-19,538.00,545.00,533.00,539.00,7900,442.853
2008-08-18,531.00,533.00,525.00,529.00,2600,434.637
2008-08-15,545.00,545.00,531.00,542.50,6100,445.729
2008-08-14,536.00,539.00,532.00,537.00,1300,441.21
2008-08-13,550.00,553.00,538.00,544.00,154900,446.961
2008-08-12,540.00,552.00,536.00,540.00,76600,443.675
2008-08-11,541.00,545.50,540.00,545.00,53500,447.783
2008-08-08,541.00,541.05,540.00,540.50,3600,444.086
2008-08-07,541.00,560.00,541.00,545.00,11100,447.783
2008-08-06,547.00,549.95,545.00,546.50,900,449.015
2008-08-05,540.00,555.00,540.00,555.00,8600,455.999
2008-08-04,543.00,547.00,535.86,547.00,10500,449.426
2008-08-01,545.00,545.00,538.86,541.50,300,444.907
2008-07-31,550.00,550.01,535.00,545.00,9400,447.783
2008-07-30,550.50,567.50,550.00,567.50,6300,466.269
2008-07-29,570.00,570.00,551.50,560.00,600,460.107
2008-07-28,550.00,560.00,550.00,560.00,300,460.107
2008-07-25,557.50,567.00,550.00,550.00,2800,451.891
2008-07-24,558.00,570.00,557.00,557.50,99700,458.053
2008-07-23,550.00,568.00,550.00,560.00,10700,460.107
2008-07-22,552.50,557.50,550.00,557.50,7000,458.053
2008-07-21,571.00,576.00,551.50,552.00,8600,453.534
2008-07-18,558.00,580.00,556.00,580.00,130000,476.54
2008-07-17,530.00,570.00,523.00,559.50,182700,459.696
2008-07-16,540.00,540.00,510.00,530.00,22100,435.459
2008-07-15,552.00,554.50,520.00,554.50,13600,455.588
2008-07-14,540.00,560.00,539.00,542.00,11500,445.318
2008-07-11,571.00,571.00,510.00,540.00,44100,443.675
2008-07-10,598.00,600.00,568.00,584.50,5400,480.237
2008-07-09,592.00,600.00,592.00,600.00,2500,492.972
2008-07-08,595.00,600.50,593.964,600.00,24300,492.972
2008-07-07,600.00,612.00,592.00,612.00,6400,502.832
2008-07-04,590.00,604.70,590.00,602.00,42700,494.615
2008-07-03,593.00,600.50,590.00,598.00,000,491.329
2008-07-02,612.00,612.00,595.00,600.00,34400,492.972
2008-07-01,620.00,630.00,611.00,611.00,29700,502.01
2008-06-30,573.00,629.00,563.00,629.00,22500,516.799
2008-06-27,600.00,600.00,545.00,562.50,75900,462.161
2008-06-26,640.00,640.00,597.50,600.00,30300,492.972
2008-06-25,640.00,643.00,630.00,630.00,38600,517.621
2008-06-24,660.00,660.00,645.00,646.00,47600,530.767
2008-06-23,641.00,653.50,641.00,645.50,3000,530.356
2008-06-20,660.00,660.00,626.50,626.50,51600,514.745
2008-06-19,660.00,660.00,645.00,645.00,2600,529.945
2008-06-18,655.50,657.50,645.00,648.00,3300,532.41
2008-06-17,667.00,671.00,655.00,655.00,204900,538.161
2008-06-16,655.00,670.00,650.00,670.00,28800,550.486
2008-06-13,671.50,671.50,655.00,664.50,6100,545.967
2008-06-12,660.00,673.00,660.00,660.00,1200,542.269
2008-06-11,679.00,690.00,628.00,673.00,172400,552.95
2008-06-10,670.00,685.00,663.00,675.00,260400,554.594
2008-06-09,640.00,689.50,640.00,684.50,89000,562.399
2008-06-06,656.50,670.00,630.00,639.00,36000,525.015
2008-06-05,669.00,670.00,656.00,656.00,16800,538.983
2008-06-04,671.00,671.00,663.00,668.50,4500,549.253
2008-06-03,673.00,673.00,659.50,673.00,59700,552.95
2008-06-02,670.50,673.00,665.00,665.00,11000,546.377
2008-05-30,654.00,680.00,654.00,680.00,172100,558.702
2008-05-29,662.00,662.00,647.50,650.00,12900,534.053
2008-05-28,665.00,670.00,645.00,654.50,211900,537.75
2008-05-27,667.00,667.00,653.19,662.00,10900,543.913
2008-05-26,662.50,662.50,662.50,662.50,000,544.323
2008-05-23,668.00,668.00,651.00,662.50,7500,544.323
2008-05-22,670.00,670.00,655.00,668.00,105800,548.842
2008-05-21,668.00,669.00,650.00,669.00,10400,549.664
2008-05-20,667.00,669.50,655.00,665.00,13300,546.377
2008-05-19,655.00,665.00,655.00,662.00,144800,543.913
2008-05-16,650.00,670.00,646.20,670.00,416300,550.486
2008-05-15,650.00,650.00,640.00,648.00,3200,532.41
2008-05-14,657.00,657.00,635.00,649.50,60000,533.642
2008-05-13,660.00,660.00,642.00,642.00,10100,527.48
2008-05-12,650.00,655.00,641.00,653.50,30400,536.929
2008-05-09,640.00,650.00,638.50,640.50,10900,526.248
2008-05-08,643.00,649.00,635.00,643.50,21100,528.713
2008-05-07,645.00,646.20,635.00,645.00,52600,529.945
2008-05-06,629.00,645.00,628.60,641.50,4900,527.069
2008-05-05,639.00,639.00,639.00,639.00,000,525.015
2008-05-02,630.00,640.00,620.00,639.00,35400,525.015
2008-05-01,655.00,655.00,610.00,635.00,36800,521.729
2008-04-30,634.00,654.50,634.00,647.00,2600,531.588
2008-04-29,650.00,660.00,634.00,634.00,12600,520.907
2008-04-28,650.00,660.00,650.00,658.00,96100,540.626
2008-04-25,660.00,660.00,650.00,658.00,5600,540.626
2008-04-24,642.00,670.00,642.00,656.50,186100,539.394
2008-04-23,640.00,658.00,640.00,649.50,7100,533.642
2008-04-22,640.00,650.00,640.00,649.00,269800,533.231
2008-04-21,645.00,656.00,645.00,646.50,64200,531.177
2008-04-18,625.00,655.00,625.00,645.00,12800,529.945
2008-04-17,621.00,642.00,621.00,635.00,15200,521.729
2008-04-16,620.00,639.67,620.00,621.00,7200,510.226
2008-04-15,615.00,626.00,615.00,626.00,16800,514.334
2008-04-14,620.00,632.975,616.00,627.00,298600,515.156
2008-04-11,622.50,639.00,622.50,623.00,14700,511.869
2008-04-10,622.50,627.00,622.50,626.00,16200,514.334
2008-04-09,627.50,630.81,617.00,622.00,5400,511.048
2008-04-08,620.00,630.00,620.00,626.50,16600,508.566
2008-04-07,620.00,634.36,620.00,622.00,17000,504.914
2008-04-04,625.00,637.00,621.00,634.00,52300,514.655
2008-04-03,623.00,635.50,619.04,635.50,9900,515.872
2008-04-02,620.00,623.00,612.01,623.00,22400,505.725
2008-04-01,593.50,610.00,593.00,609.00,9800,494.361
2008-03-31,608.00,610.00,593.01,610.00,5500,495.172
2008-03-28,600.00,608.00,589.01,608.00,144000,493.549
2008-03-27,605.00,615.00,600.00,611.00,16200,495.984
2008-03-26,603.50,614.76,603.50,605.00,30400,491.114
2008-03-25,610.50,610.50,600.00,600.00,10100,487.055
2008-03-24,610.50,610.50,610.50,610.50,000,495.578
2008-03-21,610.50,610.50,610.50,610.50,000,495.578
2008-03-20,605.00,610.50,595.00,610.50,111700,495.578
2008-03-19,638.00,638.00,591.00,622.00,186800,504.914
2008-03-18,635.00,640.00,625.75,635.50,4700,515.872
2008-03-17,607.50,625.00,600.00,625.00,59000,507.349
2008-03-14,600.00,625.00,594.00,625.00,9000,507.349
2008-03-13,580.50,595.00,580.50,595.00,8700,482.996
2008-03-12,556.00,586.00,555.50,585.00,10600,474.878
2008-03-11,565.00,581.00,555.00,555.00,12800,450.526
2008-03-10,590.00,590.00,565.00,565.00,5300,458.643
2008-03-07,605.00,609.00,592.01,598.00,3900,485.431
2008-03-06,607.00,607.00,596.50,596.50,28300,484.214
2008-03-05,601.00,603.00,600.00,601.50,8400,488.272
2008-03-04,608.00,608.00,600.10,608.00,800,493.549
2008-03-03,604.00,604.00,604.00,604.00,000,490.302
2008-02-29,612.00,621.99,596.00,598.00,19700,485.431
2008-02-28,610.00,620.00,610.00,612.00,8300,496.796
2008-02-27,583.50,625.00,583.50,612.50,11300,497.202
2008-02-26,588.00,600.00,572.25,600.00,30000,487.055
2008-02-25,560.00,582.00,560.00,582.00,34300,472.443
2008-02-22,563.00,575.00,556.00,575.00,13600,466.761
2008-02-21,560.00,560.00,555.00,560.00,1300,454.585
2008-02-20,572.50,572.50,556.00,557.00,114000,452.149
2008-02-19,550.50,567.00,550.50,567.00,88500,460.267
2008-02-18,559.00,559.00,545.00,551.00,28400,447.279
2008-02-15,550.00,554.00,547.00,547.00,45100,444.032
2008-02-14,550.00,550.00,542.00,550.00,2600,446.467
2008-02-13,538.00,550.00,531.00,543.00,9700,440.785
2008-02-12,536.00,545.00,528.00,545.00,9200,442.408
2008-02-11,545.00,545.00,526.00,526.00,41600,426.985
2008-02-08,550.00,554.50,529.00,529.00,138700,429.42
2008-02-07,560.00,561.50,545.00,545.00,10900,442.408
2008-02-06,546.00,563.00,546.00,563.00,124100,457.02
2008-02-05,550.00,560.00,550.00,560.00,6000,454.585
2008-02-04,550.00,564.00,546.00,564.00,209600,457.832
2008-02-01,555.00,555.00,548.50,555.00,165300,450.526
2008-01-31,547.00,548.50,546.00,546.00,10300,443.22
2008-01-30,560.00,560.00,542.19,554.00,5700,449.714
2008-01-29,545.00,559.00,544.00,547.50,46700,444.438
2008-01-28,529.50,550.00,521.00,532.00,34100,431.855
2008-01-25,530.00,542.00,516.00,525.00,81500,426.173
2008-01-24,553.00,560.00,530.00,537.50,27500,436.32
2008-01-23,565.00,575.00,554.00,554.00,223300,449.714
2008-01-22,567.00,579.00,560.00,566.00,39100,459.455
2008-01-21,580.00,585.00,565.00,565.00,143800,458.643
2008-01-18,568.00,600.00,567.01,585.00,12100,474.878
2008-01-17,573.50,577.00,564.00,567.00,86900,460.267
2008-01-16,581.50,583.00,568.00,570.00,13800,462.702
2008-01-15,579.99,589.50,579.99,589.50,100,478.531
2008-01-14,580.00,585.00,560.00,576.50,10000,467.979
2008-01-11,567.00,595.00,567.00,570.00,201500,462.702
2008-01-10,621.00,621.00,565.00,568.00,59700,461.079
2008-01-09,620.50,625.99,611.00,611.00,9100,495.984
2008-01-08,620.50,635.99,620.00,621.00,59400,504.102
2008-01-07,629.00,639.00,620.00,620.50,13300,503.696
2008-01-04,646.50,646.50,626.00,626.00,2900,508.161
2008-01-03,662.00,662.00,643.00,643.00,151900,521.96
2008-01-02,650.00,661.00,650.00,650.00,15000,527.643
2008-01-01,657.00,657.00,657.00,657.00,000,533.325
2007-12-31,650.00,661.00,650.00,657.00,4100,533.325
2007-12-28,637.00,650.00,637.00,639.50,6500,519.119
2007-12-27,639.00,639.00,637.00,637.00,000,517.09
2007-12-26,642.50,642.50,642.50,642.50,000,521.555
2007-12-25,642.50,642.50,642.50,642.50,000,521.555
2007-12-24,641.50,642.50,642.50,642.50,000,521.555
2007-12-21,603.00,642.00,603.00,641.50,24100,520.743
2007-12-20,609.50,613.00,603.00,603.50,223300,489.896
2007-12-19,610.00,620.00,607.00,607.00,3700,492.737
2007-12-18,620.00,620.00,612.00,612.00,96900,496.796
2007-12-17,627.50,627.50,610.00,610.00,119600,495.172
2007-12-14,620.50,639.99,615.00,618.00,46500,501.667
2007-12-13,612.00,640.00,612.00,620.50,36000,503.696
2007-12-12,615.50,625.00,614.00,621.50,22300,504.508
2007-12-11,614.00,625.00,613.00,625.00,123000,507.349
2007-12-10,612.00,622.50,612.00,613.00,74500,497.608
2007-12-07,610.00,620.00,607.50,613.50,264200,498.014
2007-12-06,603.00,620.50,590.00,600.00,70300,487.055
2007-12-05,610.00,620.00,585.00,590.50,261900,479.343
2007-12-04,619.00,619.00,612.00,613.50,50300,498.014
2007-12-03,631.00,632.00,616.00,620.00,53200,503.29
2007-11-30,640.00,642.00,620.50,622.00,60600,504.914
2007-11-29,632.50,632.50,625.00,632.50,000,513.437
2007-11-28,635.00,635.00,625.00,630.00,12200,511.408
2007-11-27,629.00,635.00,625.00,625.00,120100,507.349
2007-11-26,631.00,632.00,625.00,632.00,13500,513.031
2007-11-23,635.00,635.00,628.00,629.00,40400,510.596
2007-11-22,625.00,630.00,625.00,628.00,34700,509.784
2007-11-21,630.00,635.00,624.00,625.00,646400,507.349
2007-11-20,675.00,680.00,625.00,638.50,87600,518.308
2007-11-19,695.00,710.00,674.00,674.00,48700,547.125
2007-11-16,686.50,690.00,685.00,685.50,2206100,556.46
2007-11-15,705.00,715.00,680.00,680.00,18700,551.996
2007-11-14,711.00,727.00,700.00,710.00,71600,576.348
2007-11-13,704.00,710.50,695.20,698.00,3800,566.607
2007-11-12,680.00,704.50,680.00,704.50,13500,571.884
2007-11-09,680.00,685.00,677.00,680.00,27900,551.996
2007-11-08,680.00,680.20,677.00,678.00,29800,550.372
2007-11-07,697.50,705.40,680.00,680.50,17700,552.401
2007-11-06,704.50,707.99,695.20,700.50,3700,568.637
2007-11-05,695.00,702.50,692.50,702.50,8300,570.26
2007-11-02,703.00,714.99,694.00,709.50,86100,575.942
2007-11-01,690.50,719.00,690.50,719.00,15200,583.654
2007-10-31,690.00,690.185,682.00,687.50,31100,558.084
2007-10-30,685.00,686.00,676.00,684.00,37600,555.243
2007-10-29,683.00,685.00,680.25,682.50,3000,554.025
2007-10-26,683.00,683.00,670.00,680.00,48900,551.996
2007-10-25,665.00,683.00,665.00,683.00,50400,554.431
2007-10-24,654.00,677.00,654.00,665.00,16600,539.819
2007-10-23,650.00,664.00,649.00,664.00,27500,539.007
2007-10-22,660.00,667.12,650.00,660.00,34200,535.76
2007-10-19,664.00,664.00,655.01,657.50,25500,533.731
2007-10-18,652.00,677.50,645.35,667.00,96800,541.443
2007-10-17,651.00,652.00,643.00,643.00,1900,521.96
2007-10-16,650.00,650.50,643.00,647.00,32800,525.207
2007-10-15,640.00,651.00,640.00,645.00,15400,523.584
2007-10-12,650.00,650.175,643.50,650.00,55100,527.643
2007-10-11,650.00,650.00,640.50,650.00,1100,527.643
2007-10-10,645.00,645.00,643.50,643.50,22300,522.366
2007-10-09,637.50,641.00,637.50,641.00,5800,520.337
2007-10-08,645.00,645.00,635.383,637.50,15500,517.496
2007-10-05,631.00,646.50,630.00,640.00,32700,519.525
2007-10-04,629.50,635.00,625.50,633.50,13000,514.249
2007-10-03,624.00,629.00,526.50,625.50,312900,507.755
2007-10-02,640.00,640.00,603.00,625.00,132200,504.191
2007-10-01,635.00,644.00,630.50,644.00,1600,519.518
2007-09-28,640.00,640.00,630.00,636.50,11600,513.468
2007-09-27,640.00,643.90,632.00,642.00,60900,517.905
2007-09-26,644.00,644.39,630.00,630.00,20000,508.225
2007-09-25,636.50,649.00,634.50,646.50,10100,521.535
2007-09-24,650.00,650.00,631.00,637.00,26200,513.872
2007-09-21,661.50,670.83,631.50,631.50,35000,509.435
2007-09-20,653.00,660.00,653.00,655.50,18300,528.796
2007-09-19,665.00,665.00,653.00,659.50,13000,532.022
2007-09-18,660.00,669.25,653.00,656.50,15300,529.602
2007-09-17,675.00,675.00,648.00,648.00,34400,522.745
2007-09-14,680.00,690.00,675.43,680.00,35500,548.56
2007-09-13,660.00,688.00,657.00,688.00,16300,555.014
2007-09-12,648.50,673.50,641.00,667.00,31500,538.073
2007-09-11,629.50,650.00,621.00,650.00,48000,524.359
2007-09-10,649.00,649.00,617.50,627.00,24900,505.804
2007-09-07,656.50,667.425,640.00,650.00,35800,524.359
2007-09-06,668.50,669.00,659.00,669.00,29100,539.686
2007-09-05,678.50,678.50,665.00,670.00,36800,540.493
2007-09-04,675.00,683.00,670.00,678.50,117600,547.35
2007-09-03,680.50,681.00,670.00,680.00,238700,548.56
2007-08-31,651.00,681.00,651.00,680.00,84600,548.56
2007-08-30,627.00,660.00,627.00,660.00,138800,532.426
2007-08-29,602.00,626.50,602.00,626.50,51100,505.401
2007-08-28,594.50,597.00,589.50,591.00,15900,476.763
2007-08-27,585.00,585.00,585.00,585.00,000,471.923
2007-08-24,583.00,595.00,583.00,585.00,6100,471.923
2007-08-23,570.00,600.00,570.00,587.00,45200,473.536
2007-08-22,570.00,580.00,565.00,565.00,9000,455.789
2007-08-21,566.00,579.00,565.00,579.00,4900,467.083
2007-08-20,580.00,592.50,566.00,566.00,11400,456.595
2007-08-17,580.50,591.50,580.00,580.00,55000,467.889
2007-08-16,585.00,592.00,580.50,581.00,50300,468.696
2007-08-15,592.00,596.00,580.00,595.00,61800,479.99
2007-08-14,573.50,592.00,565.00,581.00,41700,468.696
2007-08-13,565.50,580.00,562.01,580.00,564200,467.889
2007-08-10,588.00,590.00,555.50,565.00,194100,455.789
2007-08-09,619.00,639.00,570.50,578.00,72800,466.276
2007-08-08,620.00,628.00,620.00,623.00,51600,502.578
2007-08-07,614.00,620.00,614.00,620.00,5600,500.158
2007-08-06,630.00,630.00,605.50,614.50,19300,495.721
2007-08-03,631.00,638.00,624.00,624.50,5100,503.788
2007-08-02,632.00,637.00,630.00,634.00,222300,511.451
2007-08-01,630.00,632.00,616.50,632.00,37100,509.838
2007-07-31,629.50,635.00,625.00,634.00,6700,511.451
2007-07-30,630.00,634.00,615.50,629.50,15300,507.821
2007-07-27,637.50,637.50,621.00,628.00,13800,506.611
2007-07-26,646.50,646.50,640.28,645.00,10300,520.325
2007-07-25,640.50,648.00,640.00,647.00,49700,521.939
2007-07-24,637.50,648.00,626.20,647.50,148500,522.342
2007-07-23,633.50,633.50,626.00,629.50,4900,507.821
2007-07-20,637.00,638.00,633.00,638.00,58100,514.678
2007-07-19,640.00,640.00,627.50,628.50,109700,507.015
2007-07-18,632.50,637.00,626.00,637.00,5900,513.872
2007-07-17,632.50,635.00,631.00,634.00,32400,511.451
2007-07-16,632.00,635.00,632.00,635.00,36300,512.258
2007-07-13,631.50,632.00,625.00,631.00,37400,509.031
2007-07-12,624.00,644.50,617.00,617.00,45700,497.737
2007-07-11,608.00,620.00,607.00,620.00,290200,500.158
2007-07-10,608.50,609.00,603.50,609.00,48400,491.284
2007-07-09,603.00,610.00,601.576,606.00,6400,488.864
2007-07-06,603.00,610.00,603.00,610.00,49300,492.09
2007-07-05,603.50,610.00,603.00,610.00,6700,492.09
2007-07-04,608.50,610.00,607.00,610.00,7800,492.09
2007-07-03,601.00,610.00,601.00,607.50,146700,490.074
2007-07-02,602.52,608.375,602.52,604.00,100700,487.25
2007-06-29,607.50,610.00,602.00,602.00,21400,485.637
2007-06-28,605.00,608.00,600.50,600.50,45500,484.427
2007-06-27,604.50,607.50,603.00,605.00,256900,488.057
2007-06-26,603.00,609.50,603.00,608.00,46000,490.477
2007-06-25,605.00,610.00,601.00,610.00,157300,492.09
2007-06-22,617.50,620.00,605.01,610.00,4100,492.09
2007-06-21,610.00,618.46,605.00,614.00,5500,495.317
2007-06-20,619.50,620.00,614.00,620.00,51900,500.158
2007-06-19,610.50,620.00,610.00,620.00,22200,500.158
2007-06-18,610.00,615.00,610.00,614.00,20600,495.317
2007-06-15,610.00,620.00,601.00,611.00,21700,492.897
2007-06-14,620.00,620.00,600.00,606.00,51000,488.864
2007-06-13,622.00,622.00,616.50,621.00,4400,500.964
2007-06-12,616.00,622.00,614.00,622.00,3800,501.771
2007-06-11,618.50,624.00,617.00,624.00,52300,503.384
2007-06-08,620.064,620.064,616.206,618.50,000,498.947
2007-06-07,619.50,624.87,616.00,620.00,44200,500.158
2007-06-06,629.00,629.00,617.50,624.50,11000,503.788
2007-06-05,626.50,628.12,616.00,617.50,121300,498.141
2007-06-04,628.00,628.00,623.00,623.00,25400,502.578
2007-06-01,623.50,629.50,623.00,626.50,15300,505.401
2007-05-31,627.00,627.00,623.00,624.50,125300,503.788
2007-05-30,624.50,625.00,620.01,622.00,6800,501.771
2007-05-29,615.00,621.00,615.00,621.00,213900,500.964
2007-05-28,618.00,618.00,618.00,618.00,000,498.544
2007-05-25,606.50,618.00,606.50,618.00,99000,498.544
2007-05-24,621.00,621.00,608.00,608.00,14500,490.477
2007-05-23,621.00,629.99,621.00,621.00,3000,500.964
2007-05-22,630.00,630.00,621.00,625.50,21000,504.594
2007-05-21,640.00,640.00,620.50,620.50,249400,500.561
2007-05-18,637.00,638.00,631.50,633.00,24500,510.645
2007-05-17,637.00,637.00,630.00,635.00,8000,512.258
2007-05-16,632.50,637.00,627.33,637.00,35800,513.872
2007-05-15,635.00,635.00,627.00,627.50,30000,506.208
2007-05-14,635.00,635.00,626.14,632.00,15700,509.838
2007-05-11,639.00,639.00,621.50,635.00,230100,512.258
2007-05-10,637.00,637.50,630.00,630.50,39600,508.628
2007-05-09,635.00,637.00,625.00,632.00,270800,509.838
2007-05-08,637.00,637.00,627.00,635.00,29300,512.258
2007-05-07,637.00,637.00,637.00,637.00,000,513.872
2007-05-04,630.00,637.00,621.50,637.00,500700,513.872
2007-05-03,610.00,630.00,607.00,630.00,240400,508.225
2007-05-02,608.00,610.00,596.50,609.50,9500,491.687
2007-05-01,602.00,607.34,597.00,602.00,12600,485.637
2007-04-30,606.00,608.66,606.00,606.00,000,488.864
2007-04-27,605.00,606.00,597.50,606.00,14700,488.864
2007-04-26,600.00,605.00,593.545,605.00,29200,488.057
2007-04-25,599.00,600.00,590.00,600.00,418100,484.023
2007-04-24,592.00,600.00,590.00,595.50,204400,480.393
2007-04-23,595.00,595.00,589.50,590.00,3800,475.956
2007-04-20,593.00,595.00,586.50,595.00,1800,479.99
2007-04-19,590.00,590.70,590.00,590.00,17000,475.956
2007-04-18,587.00,595.00,578.00,595.00,102400,479.99
2007-04-17,600.00,600.00,580.00,585.00,22300,471.923
2007-04-16,602.00,602.00,590.00,595.00,8600,479.99
2007-04-13,593.00,600.00,590.50,595.00,20600,479.99
2007-04-12,596.50,600.00,590.00,594.50,26100,479.587
2007-04-11,590.00,600.00,590.00,597.00,9700,481.603
2007-04-10,580.00,594.50,575.00,594.50,167200,479.587
2007-04-09,589.50,589.50,589.50,589.50,000,475.553
2007-04-06,589.50,589.50,589.50,589.50,000,475.553
2007-04-05,584.50,590.00,575.50,589.50,13100,475.553
2007-04-04,594.00,594.00,577.00,588.00,29900,474.343
2007-04-03,589.50,595.00,578.00,591.50,19600,471.891
2007-04-02,595.50,603.00,580.00,585.00,39500,466.705
2007-03-30,602.50,603.00,591.00,603.00,11100,481.065
2007-03-29,591.00,600.00,591.00,595.00,11700,474.683
2007-03-28,626.00,626.54,590.00,590.00,62800,470.694
2007-03-27,622.50,627.50,621.00,621.00,34200,495.425
2007-03-26,620.00,620.00,620.00,620.00,000,494.628
2007-03-23,620.50,630.00,614.00,620.00,78200,494.628
2007-03-22,620.00,622.50,610.60,622.50,3600,496.622
2007-03-21,591.00,615.00,589.50,612.00,54700,488.245
2007-03-20,595.50,598.00,588.00,588.00,277100,469.098
2007-03-19,598.00,599.00,590.00,597.50,40300,476.677
2007-03-16,593.00,605.00,590.00,595.00,32000,474.683
2007-03-15,592.00,600.00,590.00,598.00,38400,477.076
2007-03-14,588.00,600.00,585.00,598.00,25600,477.076
2007-03-13,605.00,616.50,591.00,600.00,12700,478.672
2007-03-12,613.50,614.215,608.00,611.50,000,487.846
2007-03-09,595.50,615.00,590.00,611.00,51700,487.447
2007-03-08,599.50,608.00,592.51,608.00,8200,485.054
2007-03-07,595.00,597.00,590.00,596.50,42700,475.88
2007-03-06,585.00,596.50,575.00,596.50,18400,475.88
2007-03-05,598.00,598.50,573.00,587.00,138200,468.301
2007-03-02,595.00,599.00,590.00,598.00,12100,477.076
2007-03-01,581.00,598.51,580.00,589.00,32600,469.896
2007-02-28,600.00,600.00,570.00,586.50,52900,467.902
2007-02-27,625.00,625.00,600.00,600.00,23000,478.672
2007-02-26,616.00,624.50,616.00,622.00,161000,496.223
2007-02-23,616.50,624.50,616.00,624.00,7700,497.819
2007-02-22,620.00,625.00,619.50,625.00,9700,498.616
2007-02-21,615.00,625.00,611.00,622.50,13000,496.622
2007-02-20,625.00,625.00,620.25,622.50,10500,496.622
2007-02-19,625.00,625.00,614.00,625.00,3800,498.616
2007-02-16,625.00,625.00,613.94,621.00,3800,495.425
2007-02-15,625.00,625.00,616.55,621.50,3200,495.824
2007-02-14,621.50,621.50,612.50,620.50,8200,495.026
2007-02-13,610.00,625.00,601.28,621.50,363800,495.824
2007-02-12,606.00,609.50,602.491,609.00,107400,485.852
2007-02-09,610.50,618.00,605.50,609.50,6300,486.251
2007-02-08,614.00,614.00,604.00,610.00,22900,486.65
2007-02-07,614.00,614.50,605.00,608.00,74600,485.054
2007-02-06,625.00,625.00,607.50,615.00,26200,490.639
2007-02-05,628.00,628.00,616.50,624.50,6500,498.218
2007-02-02,630.00,631.50,618.01,623.50,9100,497.42
2007-02-01,630.50,634.30,628.00,629.00,5600,501.808
2007-01-31,640.00,640.00,630.00,632.50,51200,504.60
2007-01-30,634.00,634.00,632.00,633.00,3000,504.999
2007-01-29,640.00,640.00,632.50,635.00,16700,506.594
2007-01-26,638.00,638.00,636.00,638.00,14600,508.988
2007-01-25,643.00,643.00,632.50,635.00,24700,506.594
2007-01-24,632.00,639.125,631.015,638.00,9600,508.988
2007-01-23,643.00,643.00,632.00,639.00,83200,509.785
2007-01-22,646.50,647.00,637.00,638.50,32800,509.387
2007-01-19,644.50,644.50,635.50,642.00,19300,512.179
2007-01-18,632.50,645.00,632.50,645.00,18500,514.572
2007-01-17,623.00,637.00,616.93,637.00,176400,508.19
2007-01-16,620.50,634.55,619.00,632.50,45300,504.60
2007-01-15,610.00,634.91,609.50,628.50,54600,501.409
2007-01-12,608.50,610.00,600.50,610.00,10100,486.65
2007-01-11,600.00,610.00,596.00,610.00,31700,486.65
2007-01-10,610.00,610.00,597.00,609.00,41900,485.852
2007-01-09,605.00,616.00,598.00,610.00,45700,486.65
2007-01-08,617.00,620.00,601.875,614.50,16700,490.24
2007-01-05,610.00,618.00,607.50,618.00,23800,493.032
2007-01-04,610.00,610.00,598.00,609.00,28800,485.852
2007-01-03,599.00,610.00,597.15,610.00,311500,486.65
2007-01-02,600.00,605.00,590.00,598.00,178800,477.076
2007-01-01,605.00,605.00,605.00,605.00,000,482.661
2006-12-29,600.00,605.00,593.00,605.00,9000,482.661
2006-12-28,600.00,600.00,590.00,599.50,75500,478.273
2006-12-27,595.00,598.00,586.50,598.00,15500,477.076
2006-12-26,594.50,594.50,594.50,594.50,000,474.284
2006-12-25,594.50,594.50,594.50,594.50,000,474.284
2006-12-22,585.50,594.50,585.50,594.50,100,474.284
2006-12-21,583.00,595.00,583.00,593.50,45000,473.486
2006-12-20,593.50,593.50,583.00,592.00,104600,472.289
2006-12-19,590.00,590.00,583.86,587.00,45700,468.301
2006-12-18,583.00,595.00,576.00,587.00,38400,468.301
2006-12-15,581.00,583.50,575.00,583.50,54900,465.508
2006-12-14,585.00,593.00,570.00,582.00,47300,464.312
2006-12-13,586.00,600.00,575.00,587.50,219000,468.699
2006-12-12,581.00,589.50,578.10,579.00,31200,461.918
2006-12-11,585.50,590.00,580.10,583.50,53700,465.508
2006-12-08,575.00,586.17,572.00,585.00,135300,466.705
2006-12-07,595.00,608.00,575.00,583.00,000,465.109
2006-12-06,543.00,605.00,543.00,599.00,179400,477.874
2006-12-05,533.00,539.50,531.00,531.00,210500,423.625
2006-12-04,540.00,540.00,530.00,536.50,323800,428.012
2006-12-01,531.00,539.00,530.00,539.00,18200,430.007
2006-11-30,518.00,532.00,518.00,530.00,196100,422.827
2006-11-29,516.00,528.50,515.00,523.50,250200,417.641
2006-11-28,520.00,520.00,510.00,519.00,143800,414.051
2006-11-27,523.00,529.58,510.00,516.00,148600,411.658
2006-11-24,525.50,532.55,523.00,523.00,4900,417.242
2006-11-23,535.00,535.15,528.00,529.50,19100,422.428
2006-11-22,540.00,543.02,535.21,540.00,6700,430.805
2006-11-21,535.00,545.00,535.00,540.00,2100,430.805
2006-11-20,540.00,549.50,538.00,540.00,191400,430.805
2006-11-17,549.50,554.00,539.50,545.00,9000,434.794
2006-11-16,538.00,549.40,538.00,545.00,5200,434.794
2006-11-15,541.00,549.40,537.50,543.50,1300,433.597
2006-11-14,545.50,545.50,535.00,542.50,89900,432.799
2006-11-13,555.00,568.91,530.00,550.50,21300,439.181
2006-11-10,540.00,552.50,540.00,545.00,158300,434.794
2006-11-09,534.00,539.50,530.70,539.00,51200,430.007
2006-11-08,517.00,530.00,517.00,530.00,215600,422.827
2006-11-07,510.00,517.00,510.00,510.00,173400,406.871
2006-11-06,508.50,515.00,506.01,512.00,456200,408.467
2006-11-03,489.00,490.00,487.00,487.00,5100,388.522
2006-11-02,494.00,494.23,488.10,490.00,13100,390.915
2006-11-01,499.00,502.00,487.00,490.00,23800,390.915
2006-10-31,491.00,497.00,491.00,494.00,20100,394.106
2006-10-30,495.00,495.68,488.00,491.00,15900,391.713
2006-10-27,494.00,494.00,490.00,491.50,86400,392.112
2006-10-26,492.00,493.00,492.00,492.00,1500,392.511
2006-10-25,500.00,500.00,493.00,493.00,16100,393.309
2006-10-24,500.00,502.00,493.91,500.00,63100,398.893
2006-10-23,500.00,500.00,494.43,495.00,50100,394.904
2006-10-20,494.01,496.00,494.01,496.00,2800,395.702
2006-10-19,500.00,500.00,495.00,498.00,105400,397.298
2006-10-18,500.00,500.00,497.50,497.50,19300,396.899
2006-10-17,499.00,499.00,494.00,494.00,400700,394.106
2006-10-16,500.00,500.00,496.10,498.00,5200,397.298
2006-10-13,500.00,503.00,495.50,503.00,79800,401.287
2006-10-12,499.50,499.50,490.83,499.50,5600,398.494
2006-10-11,500.00,504.50,492.397,500.00,47400,398.893
2006-10-10,508.00,508.00,493.00,500.00,19300,398.893
2006-10-09,505.00,507.00,502.00,503.50,9500,401.685
2006-10-06,505.00,505.00,498.00,501.00,35800,399.691
2006-10-05,507.00,507.044,500.00,500.00,11000,398.893
2006-10-04,500.00,506.49,495.00,497.50,3900,396.899
2006-10-03,500.00,503.99,495.01,500.00,4000,396.125
2006-10-02,505.50,505.50,497.11,505.50,6800,400.482
2006-09-29,517.50,518.50,491.50,491.50,41100,389.391
2006-09-28,515.00,519.00,513.00,517.00,59300,409.593
2006-09-27,515.00,519.00,513.47,514.50,26500,407.612
2006-09-26,512.50,520.00,512.50,517.50,22400,409.989
2006-09-25,510.00,520.00,508.01,517.50,52800,409.989
2006-09-22,522.00,522.00,512.61,516.00,101200,408.801
2006-09-21,522.00,522.00,515.00,519.00,20700,411.178
2006-09-20,529.00,529.00,516.00,516.00,72800,408.801
2006-09-19,520.00,527.50,520.00,521.00,36700,412.762
2006-09-18,520.50,532.00,520.00,520.50,34300,412.366
2006-09-15,530.75,532.25,520.00,520.00,8700,411.97
2006-09-14,529.75,530.00,525.11,528.50,7200,418.704
2006-09-13,527.00,529.65,520.01,527.50,13800,417.912
2006-09-12,525.00,529.00,520.00,529.00,155200,419.10
2006-09-11,525.00,526.90,518.01,521.50,14900,413.158
2006-09-08,523.25,531.00,515.00,523.50,110800,414.743
2006-09-07,517.50,525.00,517.00,517.00,6300,409.593
2006-09-06,524.75,524.75,517.00,520.00,40400,411.97
2006-09-05,520.00,526.34,520.00,524.00,11200,415.139
2006-09-04,520.25,535.00,520.00,520.00,55500,411.97
2006-09-01,510.00,530.00,510.00,525.25,723300,416.129
2006-08-31,500.00,516.00,500.00,505.00,56500,400.086
2006-08-30,500.00,520.00,500.00,500.25,275400,396.323
2006-08-29,487.00,497.12,487.00,494.00,10500,391.371
2006-08-28,490.00,490.00,490.00,490.00,000,388.202
2006-08-25,487.25,494.25,487.25,490.00,83100,388.202
2006-08-24,475.00,500.00,466.50,488.75,38300,387.212
2006-08-23,467.00,470.00,465.00,465.75,102600,368.99
2006-08-22,465.25,465.25,460.25,463.75,38600,367.406
2006-08-21,466.75,467.00,462.75,462.75,12700,366.614
2006-08-18,446.50,465.00,445.00,462.00,11000,366.019
2006-08-17,432.00,446.00,432.00,443.25,27600,351.165
2006-08-16,430.00,432.00,426.00,431.00,9900,341.46
2006-08-15,423.90,429.75,419.00,426.00,17700,337.498
2006-08-14,420.25,432.00,415.25,417.25,12500,330.566
2006-08-11,429.75,429.75,425.00,425.00,11500,336.706
2006-08-10,430.00,433.375,424.515,425.00,10600,336.706
2006-08-09,432.00,434.75,425.35,428.75,12000,339.677
2006-08-08,422.25,430.00,422.25,427.50,7200,338.687
2006-08-07,429.75,429.75,425.75,425.75,13300,337.30
2006-08-04,430.00,436.99,427.50,427.50,18200,338.687
2006-08-03,433.00,440.00,425.00,428.50,41900,339.479
2006-08-02,417.00,433.00,417.00,428.00,10400,339.083
2006-08-01,407.00,414.42,403.95,413.50,140700,327.595
2006-07-31,408.00,412.00,403.35,408.50,243200,323.634
2006-07-28,410.00,412.00,403.00,409.00,330600,324.03
2006-07-27,410.00,410.00,406.50,406.50,1500,322.049
2006-07-26,405.00,410.00,401.00,410.00,14700,324.822
2006-07-25,407.00,408.00,405.25,406.50,20500,322.049
2006-07-24,410.00,412.00,405.00,407.50,69600,322.842
2006-07-21,405.00,415.00,400.00,408.50,72000,323.634
2006-07-20,407.00,410.00,402.00,405.00,22700,320.861
2006-07-19,418.00,418.00,400.00,402.00,31300,318.484
2006-07-18,415.00,422.70,400.00,400.00,19500,316.90
2006-07-17,415.00,421.00,411.26,415.25,18700,328.982
2006-07-14,415.00,419.038,410.00,415.75,38100,329.378
2006-07-13,424.25,424.50,413.00,415.50,45700,329.18
2006-07-12,425.00,425.00,417.00,421.00,13600,333.537
2006-07-11,423.00,427.00,420.01,423.25,15100,335.32
2006-07-10,430.00,435.152,423.00,426.50,6100,337.894
2006-07-07,433.00,438.00,423.75,423.75,21600,335.716
2006-07-06,440.00,440.00,436.50,439.50,108800,348.194
2006-07-05,435.00,438.00,434.01,435.50,2200,345.025
2006-07-04,440.00,440.00,435.00,437.50,3300,346.609
2006-07-03,440.00,440.00,436.50,436.50,2200,345.817
2006-06-30,440.00,437.00,435.00,436.00,000,345.421
2006-06-29,437.00,437.00,430.26,436.50,25600,345.817
2006-06-28,433.00,435.00,428.00,428.00,6600,339.083
2006-06-27,445.00,445.00,430.00,438.50,113600,347.401
2006-06-26,443.00,450.00,438.00,438.00,15000,347.005
2006-06-23,453.00,453.00,447.50,451.50,23400,357.701
2006-06-22,446.00,453.00,443.00,449.50,28600,356.116
2006-06-21,445.25,455.00,442.00,449.50,17900,356.116
2006-06-20,455.00,455.00,442.00,455.00,7300,360.474
2006-06-19,455.00,455.00,447.01,455.00,3300,360.474
2006-06-16,458.00,458.00,446.25,452.50,140800,358.493
2006-06-15,440.00,460.50,440.00,453.00,75300,358.889
2006-06-14,450.00,455.00,440.00,450.00,43800,356.512
2006-06-13,435.00,451.00,433.00,448.50,46100,355.324
2006-06-12,445.00,445.00,438.00,445.00,2800,352.551
2006-06-09,445.00,447.00,438.00,447.00,3000,354.136
2006-06-08,440.00,451.50,435.00,441.00,30300,349.382
2006-06-07,435.00,450.00,435.00,450.00,21300,356.512
2006-06-06,435.00,443.00,432.00,443.00,119300,350.967
2006-06-05,446.50,450.00,430.00,445.00,69700,352.551
2006-06-02,453.00,460.119,450.00,459.75,000,364.237
2006-06-01,459.00,462.90,456.24,456.25,2500,361.464
2006-05-31,459.75,467.75,455.00,463.00,11300,366.812
2006-05-30,470.00,470.00,464.25,464.25,53100,367.802
2006-05-29,465.25,465.25,465.25,465.25,000,368.594
2006-05-26,434.25,470.00,434.25,465.25,72700,368.594
2006-05-25,428.00,434.25,415.00,431.25,38000,341.658
2006-05-24,420.25,428.705,420.00,428.00,10700,339.083
2006-05-23,427.00,427.00,414.00,417.00,38700,330.368
2006-05-22,424.25,426.90,413.00,413.00,27900,327.199
2006-05-19,415.00,424.75,407.00,422.25,169000,334.527
2006-05-18,423.25,423.25,410.00,413.75,56900,327.793
2006-05-17,430.00,432.90,423.01,426.25,86500,337.696
2006-05-16,433.51,439.75,424.50,426.50,38400,337.894
2006-05-15,460.00,460.00,426.00,426.00,65500,337.498
2006-05-12,475.00,484.75,468.00,468.00,6000,370.773
2006-05-11,483.25,492.50,475.00,475.00,21700,376.319
2006-05-10,491.705,492.65,483.26,487.25,1700,386.024
2006-05-09,488.25,497.90,485.00,485.25,76300,384.439
2006-05-08,490.00,496.90,490.00,492.50,4800,390.183
2006-05-05,490.25,500.25,485.00,493.00,19000,390.579
2006-05-04,479.75,490.00,479.75,486.00,16000,385.033
2006-05-03,474.75,480.00,466.00,479.75,185900,380.082
2006-05-02,485.25,493.71,460.00,460.00,64500,364.435
2006-05-01,495.00,495.00,495.00,495.00,000,392.164
2006-04-28,491.00,499.75,485.00,495.00,24300,392.164
2006-04-27,494.25,500.00,491.00,500.00,20000,396.125
2006-04-26,495.25,502.50,494.58,499.75,18000,395.927
2006-04-25,500.00,505.00,495.00,503.50,24000,398.898
2006-04-24,504.00,504.00,500.25,504.00,19500,399.294
2006-04-21,506.75,507.00,495.25,500.00,47600,396.125
2006-04-20,504.00,510.00,501.22,506.00,90000,400.878
2006-04-19,499.75,508.75,493.025,508.75,58800,403.057
2006-04-18,500.00,500.00,497.00,497.75,18500,389.834
2006-04-17,500.00,500.00,500.00,500.00,000,391.597
2006-04-14,500.00,500.00,500.00,500.00,000,391.597
2006-04-13,499.75,500.00,488.50,500.00,21600,391.597
2006-04-12,510.00,513.00,495.00,505.00,28500,395.512
2006-04-11,510.00,510.00,500.488,505.00,31700,395.512
2006-04-10,509.75,509.75,500.25,509.75,15700,399.233
2006-04-07,504.50,510.00,497.00,510.00,72400,399.428
2006-04-06,504.75,504.75,495.25,503.00,118200,393.946
2006-04-05,500.00,505.00,493.77,504.50,34600,395.121
2006-04-04,508.00,510.00,493.00,495.00,41300,387.681
2006-04-03,527.00,530.00,493.00,515.00,123500,403.344
2006-03-31,500.00,527.00,494.02,527.00,32400,412.743
2006-03-30,475.00,498.00,471.88,494.75,81700,387.485
2006-03-29,478.00,478.00,470.00,478.00,313400,374.366
2006-03-28,467.75,475.00,460.50,472.75,149800,370.255
2006-03-27,458.00,467.00,456.30,464.00,50800,363.402
2006-03-24,465.00,466.75,455.00,459.50,81200,359.877
2006-03-23,470.00,470.00,461.00,464.00,42600,363.402
2006-03-22,462.25,473.00,462.00,464.50,36500,363.793
2006-03-21,475.00,482.75,461.25,461.25,27500,361.248
2006-03-20,485.00,485.00,476.05,478.50,41400,374.758
2006-03-17,485.00,490.00,475.00,485.00,41200,379.849
2006-03-16,488.00,490.00,482.85,490.00,53200,383.765
2006-03-15,452.00,500.00,452.00,484.25,104600,379.261
2006-03-14,441.50,450.88,441.50,448.50,48600,351.262
2006-03-13,433.35,437.98,433.35,436.75,23000,342.06
2006-03-10,433.25,439.75,430.00,436.75,16400,342.06
2006-03-09,430.25,438.00,430.10,436.75,22800,342.06
2006-03-08,430.00,439.65,425.00,432.50,21200,338.731
2006-03-07,437.25,439.75,435.00,437.50,68600,342.647
2006-03-06,435.25,442.00,435.00,441.50,46900,345.78
2006-03-03,430.00,442.00,430.00,438.75,23400,343.626
2006-03-02,412.75,427.75,412.75,424.25,38800,332.27
2006-03-01,411.93,411.93,405.35,410.00,2600,321.109
2006-02-28,410.25,412.99,407.50,407.50,19400,319.151
2006-02-27,409.00,413.00,409.00,411.50,20600,322.284
2006-02-24,404.75,406.99,400.27,405.00,10500,317.193
2006-02-23,404.46,404.52,400.35,402.25,3500,315.039
2006-02-22,404.77,404.77,397.86,401.00,1500,314.06
2006-02-21,404.75,404.75,398.00,400.25,13000,313.473
2006-02-20,400.00,407.90,397.00,400.50,21300,313.669
2006-02-17,408.23,408.65,402.00,404.50,7600,316.802
2006-02-16,405.00,412.12,400.00,403.50,5600,316.018
2006-02-15,412.75,414.65,408.00,410.50,7700,321.501
2006-02-14,410.25,418.90,405.00,411.50,11900,322.284
2006-02-13,415.25,417.75,408.25,417.00,21200,326.592
2006-02-10,418.25,423.92,415.88,419.25,15200,328.354
2006-02-09,407.00,426.00,406.34,422.00,37500,330.507
2006-02-08,399.00,404.50,391.88,404.50,3100,316.802
2006-02-07,390.00,397.00,388.222,396.00,71100,310.144
2006-02-06,391.375,392.15,388.41,390.00,1600,305.445
2006-02-03,387.00,390.00,385.00,390.00,152200,305.445
2006-02-02,387.00,389.25,385.25,389.25,25200,304.858
2006-02-01,385.00,388.00,385.00,387.00,3900,303.096
2006-01-31,388.00,395.75,385.00,387.00,12300,303.096
2006-01-30,395.25,398.75,395.02,396.25,12300,310.34
2006-01-27,385.00,397.61,383.00,395.00,48600,309.361
2006-01-26,379.75,384.20,371.10,383.00,23400,299.963
2006-01-25,378.23,378.23,372.10,373.50,8600,292.523
2006-01-24,373.25,378.75,370.00,376.50,64600,294.872
2006-01-23,380.00,381.00,371.81,373.50,12800,292.523
2006-01-20,370.25,378.00,370.25,372.75,28700,291.935
2006-01-19,371.10,375.00,371.10,375.00,200,293.697
2006-01-18,369.50,378.99,369.25,374.75,21600,293.502
2006-01-17,377.72,382.99,375.75,379.25,2200,297.026
2006-01-16,375.75,384.00,375.75,380.00,7600,297.613
2006-01-13,379.00,383.00,376.63,379.00,5300,296.83
2006-01-12,371.75,378.75,362.82,374.50,13500,293.306
2006-01-11,369.75,372.12,350.00,367.00,51600,287.432
2006-01-10,375.50,380.00,369.50,371.25,202900,290.76
2006-01-09,382.86,384.75,375.85,381.50,15600,298.788
2006-01-06,380.00,387.88,379.75,382.50,200800,299.571
2006-01-05,382.00,388.62,380.25,384.00,8100,300.746
2006-01-04,379.75,383.853,377.25,381.25,10800,298.592
2006-01-03,379.75,384.75,375.02,381.00,17700,298.397
2006-01-02,380.00,380.00,380.00,380.00,000,297.613
2005-12-30,380.00,380.00,380.00,380.00,000,297.613
2005-12-29,377.25,380.00,377.00,380.00,4300,297.613
2005-12-28,380.00,382.37,377.00,380.00,18300,297.613
2005-12-27,383.50,383.50,383.50,383.50,000,300.355
2005-12-26,383.50,383.50,383.50,383.50,000,300.355
2005-12-23,380.25,383.50,380.00,383.50,4400,300.355
2005-12-22,385.25,390.39,380.00,383.75,000,300.55
2005-12-21,385.25,387.50,385.25,387.50,4700,303.487
2005-12-20,385.90,388.50,385.25,388.50,11000,304.271
2005-12-19,393.00,393.04,386.10,388.75,14700,304.466
2005-12-16,382.00,390.00,382.00,390.00,42800,305.445
2005-12-15,380.25,385.13,380.25,381.00,000,298.397
2005-12-14,381.323,388.40,381.323,385.25,000,301.725
2005-12-13,386.00,390.00,381.713,385.25,13000,301.725
2005-12-12,382.00,388.00,380.60,385.00,4500,301.529
2005-12-09,389.75,389.75,381.713,385.25,12400,301.725
2005-12-08,392.75,392.75,383.10,385.00,5000,301.529
2005-12-07,385.00,389.258,383.993,389.00,13300,304.662
2005-12-06,383.00,392.45,383.00,387.00,4900,303.096
2005-12-05,392.00,393.00,380.35,385.50,25400,301.921
2005-12-02,386.00,386.00,381.31,382.00,6000,299.18
2005-12-01,378.75,387.00,378.75,386.00,53700,302.313
2005-11-30,385.00,387.00,383.00,383.00,900,299.963
2005-11-29,376.75,385.00,376.75,382.75,11300,299.767
2005-11-28,370.00,376.85,368.10,371.25,6000,290.76
2005-11-25,370.00,373.00,370.00,370.00,274700,289.781
2005-11-24,373.75,375.00,363.72,370.00,10900,289.781
2005-11-23,366.00,374.15,366.00,370.00,2500,289.781
2005-11-22,363.00,373.79,360.50,367.00,15800,287.432
2005-11-21,361.75,374.66,361.75,363.75,44100,284.886
2005-11-18,363.00,369.50,363.00,366.25,16100,286.844
2005-11-17,369.27,369.60,361.85,365.75,17600,286.453
2005-11-16,383.25,389.85,361.85,365.75,25300,286.453
2005-11-15,386.00,386.50,383.10,386.50,2100,302.704
2005-11-14,393.00,393.00,386.00,388.75,5200,304.466
2005-11-11,383.55,392.025,383.55,388.25,000,304.075
2005-11-10,386.75,390.00,378.55,386.75,6900,302.90
2005-11-09,375.25,386.46,375.25,382.50,8900,299.571
2005-11-08,382.00,384.98,375.60,380.25,7600,297.809
2005-11-07,369.50,379.75,365.60,379.75,20200,297.418
2005-11-04,362.50,374.60,362.50,370.00,4600,289.781
2005-11-03,353.75,362.35,353.60,356.00,10100,278.817
2005-11-02,350.00,352.25,345.60,352.25,36200,275.88
2005-11-01,350.25,354.03,345.60,349.75,17500,273.922
2005-10-31,363.75,364.50,350.00,351.50,21400,275.292
2005-10-28,360.00,360.00,354.00,354.00,29700,277.25
2005-10-27,365.00,366.75,360.30,362.00,32500,283.516
2005-10-26,365.00,367.80,360.00,364.00,8300,285.082
2005-10-25,375.00,380.00,365.75,365.75,17200,286.453
2005-10-24,375.25,382.05,375.00,376.75,14300,295.068
2005-10-21,380.00,384.75,375.25,379.75,29800,297.418
2005-10-20,380.00,384.50,375.00,380.00,16200,297.613
2005-10-19,375.00,377.50,373.25,377.50,26600,295.655
2005-10-18,380.00,382.475,379.00,381.50,15200,298.788
2005-10-17,385.75,386.00,380.00,386.00,17800,302.313
2005-10-14,380.25,386.00,380.25,385.00,37000,301.529
2005-10-13,380.00,391.05,380.00,385.00,61100,301.529
2005-10-12,389.00,389.80,374.50,374.50,27900,293.306
2005-10-11,390.55,390.55,385.75,387.00,9900,303.096
2005-10-10,386.00,390.55,379.75,388.25,19700,304.075
2005-10-07,385.00,385.00,379.875,385.00,5300,301.529
2005-10-06,376.25,385.00,376.00,383.00,29400,299.963
2005-10-05,387.00,390.42,382.00,382.50,25400,299.571
2005-10-04,385.00,393.75,384.595,393.75,15900,305.954
2005-10-03,382.75,385.11,377.00,385.00,17900,299.155
2005-09-30,375.00,379.70,374.25,379.00,62800,294.493
2005-09-29,379.42,379.42,374.25,377.00,27200,292.939
2005-09-28,378.00,379.70,372.00,376.75,49700,292.745
2005-09-27,380.00,380.25,372.00,377.00,32000,292.939
2005-09-26,385.25,393.75,382.00,382.50,94100,297.213
2005-09-23,390.25,394.60,385.27,392.75,17600,305.177
2005-09-22,390.25,399.65,385.00,393.00,122500,305.372
2005-09-21,395.25,401.25,390.25,394.75,14000,306.731
2005-09-20,392.00,401.00,392.00,400.00,98900,310.811
2005-09-19,390.00,391.00,385.50,391.00,30700,303.818
2005-09-16,377.00,388.00,377.00,381.25,147200,296.242
2005-09-15,379.75,379.75,365.00,372.00,607200,289.054
2005-09-14,368.00,378.00,365.45,378.00,502500,293.716
2005-09-13,368.00,369.00,363.075,368.00,6200,285.946
2005-09-12,370.00,370.00,361.25,366.25,110700,284.586
2005-09-09,368.00,368.22,361.548,365.75,12500,284.198
2005-09-08,360.25,367.00,356.103,365.25,32000,283.809
2005-09-07,356.90,360.00,351.02,357.75,13200,277.981
2005-09-06,354.75,357.00,349.77,355.00,10300,275.845
2005-09-05,357.00,362.00,345.00,351.50,114900,273.125
2005-09-02,355.00,356.90,350.10,352.50,38200,273.902
2005-09-01,350.00,356.30,350.00,353.75,14400,274.873
2005-08-31,349.00,356.73,345.10,352.00,16600,273.514
2005-08-30,355.25,355.25,345.10,349.50,95900,271.571
2005-08-29,355.25,355.25,355.25,355.25,000,276.039
2005-08-26,360.25,362.923,355.25,355.25,53300,276.039
2005-08-25,361.00,369.80,360.35,361.00,29100,280.507
2005-08-24,360.00,370.00,357.35,366.50,182500,284.78
2005-08-23,354.00,357.00,345.323,357.00,91500,277.399
2005-08-22,353.25,356.70,350.00,355.00,73700,275.845
2005-08-19,355.00,356.258,347.00,353.75,8200,274.873
2005-08-18,348.50,351.45,346.20,348.75,50500,270.988
2005-08-17,347.00,350.90,342.20,348.50,50100,270.794
2005-08-16,345.00,354.40,344.54,345.00,28300,268.074
2005-08-15,350.00,358.00,323.00,350.50,179100,272.348
2005-08-12,350.00,359.80,350.00,352.00,32500,273.514
2005-08-11,357.00,361.45,350.50,350.50,33200,272.348
2005-08-10,365.00,368.90,353.00,359.75,80400,279.535
2005-08-09,350.00,366.90,349.88,363.50,152600,282.449
2005-08-08,337.00,347.00,335.54,346.50,99000,269.24
2005-08-05,338.00,344.93,337.00,341.00,7600,264.966
2005-08-04,340.00,343.00,338.42,341.50,5900,265.355
2005-08-03,341.50,344.965,337.95,341.25,000,265.16
2005-08-02,343.00,343.00,335.95,342.50,26000,266.132
2005-08-01,341.50,342.75,338.285,340.50,114400,264.578
2005-07-29,343.25,343.25,335.40,341.75,52200,265.549
2005-07-28,340.00,343.15,338.40,340.75,15700,264.772
2005-07-27,343.25,343.25,338.32,338.50,18400,263.024
2005-07-26,337.00,343.00,335.42,340.75,59500,264.772
2005-07-25,338.00,343.25,335.00,340.00,83000,264.189
2005-07-22,331.42,337.90,331.42,335.00,1700,260.304
2005-07-21,333.50,338.00,331.42,334.50,17100,259.916
2005-07-20,331.00,337.00,331.00,334.50,21100,259.916
2005-07-19,328.50,330.00,325.00,327.50,25600,254.476
2005-07-18,328.00,331.00,323.20,331.00,10100,257.196
2005-07-15,328.00,328.00,325.00,326.50,32200,253.699
2005-07-14,325.00,330.90,325.00,325.50,14500,252.922
2005-07-13,330.00,330.00,324.40,329.25,33500,255.836
2005-07-12,322.00,328.00,322.00,328.00,9200,254.865
2005-07-11,330.00,330.00,323.10,326.75,11000,253.894
2005-07-08,320.50,328.90,318.80,326.00,14900,253.311
2005-07-07,325.50,323.50,316.00,320.50,7600,249.037
2005-07-06,323.50,328.90,323.20,325.50,19000,252.922
2005-07-05,320.50,324.00,318.00,323.50,14100,251.368
2005-07-04,320.50,323.00,318.50,320.50,11500,249.037
2005-07-01,321.00,322.50,318.50,320.50,5800,249.037
2005-06-30,321.00,321.00,319.00,321.00,900,249.426
2005-06-29,321.00,324.00,318.60,321.00,188100,249.426
2005-06-28,321.00,323.70,321.00,321.00,7200,249.426
2005-06-27,321.00,323.00,320.00,321.00,2500,249.426
2005-06-24,322.00,324.00,318.75,321.00,18900,249.426
2005-06-23,329.50,326.00,320.00,322.00,54200,250.203
2005-06-22,324.00,332.00,323.00,329.50,52800,256.03
2005-06-21,329.50,332.00,321.00,324.00,280500,251.757
2005-06-20,328.50,332.00,329.00,329.50,167600,256.03
2005-06-17,327.50,330.33,326.80,328.50,214400,255.253
2005-06-16,327.50,330.00,326.00,327.50,13100,254.476
2005-06-15,327.50,329.75,326.80,327.50,6800,254.476
2005-06-14,318.50,330.00,319.40,327.50,78200,254.476
2005-06-13,310.00,323.00,318.50,318.50,484300,247.483
2005-06-10,310.00,311.50,308.60,310.00,106900,240.878
2005-06-09,310.00,311.50,310.00,310.00,13200,240.878
2005-06-08,310.00,311.50,308.50,310.00,6300,240.878
2005-06-07,310.00,312.00,308.50,310.00,16400,240.878
2005-06-06,310.00,311.36,308.60,310.00,8000,240.878
2005-06-03,310.00,311.36,308.60,310.00,2500,240.878
2005-06-02,310.50,311.50,308.75,310.00,57200,240.878
2005-06-01,312.50,316.50,308.00,310.50,17900,241.267
2005-05-31,309.50,310.00,307.00,309.50,40400,240.49
2005-05-30,309.50,309.50,309.50,309.50,000,240.49
2005-05-27,309.50,311.20,307.20,309.50,6400,240.49
2005-05-26,309.50,311.20,307.20,309.50,7700,240.49
2005-05-25,309.50,312.00,307.20,309.50,92000,240.49
2005-05-24,309.50,312.00,307.55,309.50,24200,240.49
2005-05-23,310.50,314.00,307.00,309.50,17600,240.49
2005-05-20,305.50,314.00,303.55,310.50,13800,241.267
2005-05-19,305.50,307.50,303.00,305.50,11300,237.382
2005-05-18,307.50,309.00,303.00,305.50,000,237.382
2005-05-17,307.50,309.29,305.55,307.50,13800,238.936
2005-05-16,307.50,311.99,305.00,307.50,190300,238.936
2005-05-13,309.50,311.78,305.55,307.50,8100,238.936
2005-05-12,309.50,311.78,307.00,309.50,80200,240.49
2005-05-11,309.50,312.00,305.00,309.50,36900,240.49
2005-05-10,300.50,313.00,299.80,311.00,16800,241.655
2005-05-09,300.50,303.00,299.60,300.50,000,233.497
2005-05-06,300.50,303.00,299.60,300.50,23600,233.497
2005-05-05,300.50,303.00,298.10,300.50,36600,233.497
2005-05-04,299.50,302.90,296.00,300.50,25300,233.497
2005-05-03,306.50,306.00,296.14,299.50,37600,232.72
2005-05-02,306.50,306.50,306.50,306.50,000,238.159
2005-04-29,314.50,312.40,300.00,306.50,53800,238.159
2005-04-28,326.00,327.00,312.40,314.50,43600,244.375
2005-04-27,328.00,327.50,325.80,326.00,80400,253.311
2005-04-26,328.00,330.00,326.10,328.00,16900,254.865
2005-04-25,332.50,334.90,326.10,328.00,22700,254.865
2005-04-22,323.00,334.90,321.00,332.50,45300,258.361
2005-04-21,323.00,326.00,322.00,323.00,8900,250.98
2005-04-20,323.00,325.50,321.00,323.00,8800,250.98
2005-04-19,323.00,326.00,321.40,323.00,76400,250.98
2005-04-18,329.50,327.38,320.00,323.00,60100,250.98
2005-04-15,335.00,340.00,330.00,331.50,23700,257.584
2005-04-14,333.50,337.00,332.00,335.00,6800,260.304
2005-04-13,333.00,337.00,330.00,333.50,42600,259.139
2005-04-12,326.50,340.00,326.70,337.50,567100,258.40
2005-04-11,329.00,332.00,320.00,326.50,103400,249.978
2005-04-08,315.50,316.00,313.00,316.00,142600,241.939
2005-04-07,316.50,318.00,313.00,315.50,44000,241.556
2005-04-06,317.50,319.38,314.00,316.50,81100,242.322
2005-04-05,317.50,318.00,316.00,317.50,33900,243.088
2005-04-04,326.50,327.20,315.25,317.50,97300,243.088
2005-04-01,326.50,327.20,324.00,326.50,10200,249.978
2005-03-31,327.00,330.00,324.00,326.50,50400,249.978
2005-03-30,327.50,327.00,324.00,327.00,19100,250.361
2005-03-29,329.00,330.40,326.00,329.00,11800,251.892
2005-03-28,329.00,329.00,329.00,329.00,000,251.892
2005-03-25,329.00,329.00,329.00,329.00,000,251.892
2005-03-24,329.00,330.40,326.60,329.00,2300,251.892
2005-03-23,335.50,333.95,326.60,329.00,29000,251.892
2005-03-22,335.50,339.38,331.00,335.50,98800,256.869
2005-03-21,338.50,349.74,333.75,335.50,74200,256.869
2005-03-18,327.00,332.00,327.62,329.50,45100,252.275
2005-03-17,319.50,329.00,321.40,327.00,14300,250.361
2005-03-16,318.50,321.44,315.87,320.00,20400,245.002
2005-03-15,324.50,324.38,315.62,317.50,24600,243.088
2005-03-14,331.00,332.50,320.00,324.50,177600,248.447
2005-03-11,335.00,335.00,329.00,331.00,80700,253.424
2005-03-10,325.00,337.00,327.50,335.00,114000,256.486
2005-03-09,308.50,324.00,311.13,322.00,143800,246.533
2005-03-08,304.00,309.13,301.90,306.50,219700,234.666
2005-03-07,304.00,306.10,301.00,304.00,13800,232.752
2005-03-04,308.00,308.00,303.00,305.00,30100,233.517
2005-03-03,299.50,312.56,297.62,308.00,25400,235.814
2005-03-02,299.50,302.00,298.00,299.50,22300,229.306
2005-03-01,298.50,302.00,295.87,299.50,46700,229.306
2005-02-28,297.50,301.25,295.62,299.00,16900,228.924
2005-02-25,295.00,299.13,293.50,297.50,7900,227.775
2005-02-24,295.00,296.50,293.50,295.00,21400,225.861
2005-02-23,295.00,295.295,293.20,295.00,52000,225.861
2005-02-22,295.00,296.50,293.00,295.00,27800,225.861
2005-02-21,295.00,296.50,293.50,295.00,25600,225.861
2005-02-18,294.50,294.50,292.25,294.50,4400,225.478
2005-02-17,293.50,296.00,292.25,294.50,75300,225.478
2005-02-16,293.50,296.00,292.62,294.50,139700,225.478
2005-02-15,293.50,296.50,290.87,293.50,84500,224.713
2005-02-14,292.50,295.00,290.62,292.50,91200,223.947
2005-02-11,292.50,294.45,290.25,292.50,12700,223.947
2005-02-10,287.50,294.38,287.48,292.50,5200,223.947
2005-02-09,287.50,289.38,285.62,288.50,19800,220.884
2005-02-08,285.50,289.00,283.00,287.50,56600,220.119
2005-02-07,285.00,287.00,283.00,285.50,53800,218.588
2005-02-04,286.50,286.00,283.00,285.00,7900,218.205
2005-02-03,286.50,286.50,283.00,286.50,21100,219.353
2005-02-02,283.00,289.13,283.00,286.50,37600,219.353
2005-02-01,284.00,284.60,281.00,283.00,24700,216.673
2005-01-31,290.50,288.00,281.00,284.00,19700,217.439
2005-01-28,294.50,293.00,288.00,290.50,39600,222.416
2005-01-27,295.50,296.00,293.62,295.50,4500,226.244
2005-01-26,300.50,302.38,293.62,295.50,15200,226.244
2005-01-25,300.50,302.38,298.50,300.50,23400,230.072
2005-01-24,300.50,304.13,298.00,300.50,30900,230.072
2005-01-21,300.50,302.00,298.62,300.50,6600,230.072
2005-01-20,300.50,302.38,299.10,300.50,76600,230.072
2005-01-19,300.50,302.38,299.00,300.50,117500,230.072
2005-01-18,301.50,305.00,299.00,300.50,15700,230.072
2005-01-17,296.50,300.50,293.87,300.50,36300,230.072
2005-01-14,292.50,294.38,290.00,292.50,210800,223.947
2005-01-13,292.50,294.00,290.00,292.50,11500,223.947
2005-01-12,297.50,295.62,290.42,292.50,97200,223.947
2005-01-11,297.50,299.00,295.00,297.50,68600,227.775
2005-01-10,297.50,297.50,295.00,297.50,23200,227.775
2005-01-07,297.50,299.75,295.62,297.50,161900,227.775
2005-01-06,297.50,297.50,295.62,297.50,4600,227.775
2005-01-05,296.50,298.00,295.37,296.50,142800,227.009
2005-01-04,296.50,297.00,295.00,296.50,25300,227.009
2005-01-03,296.50,296.50,296.50,296.50,000,227.009
2004-12-31,296.50,297.00,295.37,296.50,1700,227.009
2004-12-30,297.50,299.50,295.00,296.50,25400,227.009
2004-12-29,297.50,300.00,295.50,297.50,37300,227.775
2004-12-28,297.50,297.50,297.50,297.50,000,227.775
2004-12-27,297.50,297.50,297.50,297.50,000,227.775
2004-12-24,297.50,297.50,295.50,297.50,3200,227.775
2004-12-23,297.50,299.00,295.62,297.50,2900,227.775
2004-12-22,298.50,299.00,295.00,297.50,135900,227.775
2004-12-21,302.50,301.00,297.00,298.50,136600,228.541
2004-12-20,296.50,305.00,295.625,302.50,43100,231.603
2004-12-17,295.00,299.13,293.875,296.50,36800,227.009
2004-12-16,295.00,297.00,293.50,295.00,100900,225.861
2004-12-15,302.50,305.00,293.00,295.00,18400,225.861
2004-12-14,296.50,305.00,295.62,302.50,75900,231.603
2004-12-13,295.50,297.38,293.00,295.50,14100,226.244
2004-12-10,292.50,296.00,293.72,295.50,59300,226.244
2004-12-09,293.50,294.38,290.60,292.50,43300,223.947
2004-12-08,293.50,296.13,290.00,293.50,65200,224.713
2004-12-07,293.50,296.13,291.00,293.50,2700,224.713
2004-12-06,292.00,297.00,290.00,293.50,20200,224.713
2004-12-03,291.00,293.52,288.72,292.00,13500,223.564
2004-12-02,283.50,294.00,283.50,291.00,45900,222.799
2004-12-01,283.50,287.00,279.72,283.50,50600,217.056
2004-11-30,283.50,285.00,280.87,283.50,6400,217.056
2004-11-29,282.50,286.00,280.87,283.50,5400,217.056
2004-11-26,282.50,284.25,280.62,282.50,5400,216.291
2004-11-25,282.50,284.00,280.00,282.50,130600,216.291
2004-11-24,287.50,289.38,280.75,282.50,155700,216.291
2004-11-23,287.50,289.38,286.00,287.50,17700,220.119
2004-11-22,289.50,291.38,285.25,287.50,125000,220.119
2004-11-19,288.50,290.00,285.87,288.50,1200,220.884
2004-11-18,288.00,292.00,286.00,288.50,21500,220.884
2004-11-17,288.00,290.00,285.714,288.00,11600,220.502
2004-11-16,289.00,291.00,285.75,288.00,47500,220.502
2004-11-15,289.00,290.50,287.00,289.00,10500,221.267
2004-11-12,288.50,290.00,287.00,289.00,19900,221.267
2004-11-11,285.00,289.75,286.50,288.50,28500,220.884
2004-11-10,286.50,286.50,280.62,284.00,252100,217.439
2004-11-09,289.50,288.60,283.00,286.50,39900,219.353
2004-11-08,289.50,292.00,287.00,289.50,21100,221.65
2004-11-05,287.50,291.00,285.00,289.50,14900,221.65
2004-11-04,293.50,294.625,285.00,287.50,34800,220.119
2004-11-03,292.50,296.50,292.00,294.50,71900,225.478
2004-11-02,292.50,293.95,290.00,292.50,6200,223.947
2004-11-01,292.50,294.38,290.00,292.50,31500,223.947
2004-10-29,294.50,296.38,292.00,292.50,23300,223.947
2004-10-28,295.00,304.40,290.00,294.50,66400,225.478
2004-10-27,288.50,296.38,287.62,295.00,602800,225.861
2004-10-26,287.50,290.00,285.60,288.50,52500,220.884
2004-10-25,283.00,291.25,281.00,287.50,29800,220.119
2004-10-22,282.50,284.40,281.00,283.00,66300,216.673
2004-10-21,281.50,285.00,278.25,282.50,82600,216.291
2004-10-20,282.00,281.50,278.87,281.50,110400,215.525
2004-10-19,282.50,284.25,280.00,282.50,000,216.291
2004-10-18,285.00,286.00,280.00,282.50,215600,216.291
2004-10-15,286.00,286.00,285.00,285.00,237300,218.205
2004-10-14,286.00,287.00,285.00,286.00,82900,218.97
2004-10-13,288.50,289.55,287.00,287.50,16700,220.119
2004-10-12,288.50,289.55,287.00,288.50,179100,220.884
2004-10-11,290.50,292.00,283.00,288.50,62000,220.884
2004-10-08,281.00,295.00,284.00,290.50,221100,222.416
2004-10-07,273.50,282.00,270.87,280.00,118800,214.377
2004-10-06,272.50,275.60,270.00,273.50,220600,209.40
2004-10-05,272.50,273.00,270.00,272.50,294100,208.634
2004-10-04,273.50,275.95,270.00,272.50,23500,208.634
2004-10-01,271.50,277.00,268.00,273.50,55100,209.40
2004-09-30,272.50,273.00,270.00,271.50,95500,207.869
2004-09-29,272.50,274.00,270.00,272.50,16900,208.634
2004-09-28,272.50,274.00,271.25,272.50,45900,206.514
2004-09-27,273.50,277.00,271.40,272.50,30500,206.514
2004-09-24,274.50,276.38,272.00,273.50,13300,207.271
2004-09-23,285.50,281.00,270.87,274.50,000,208.029
2004-09-22,286.50,287.38,283.00,285.50,12300,216.366
2004-09-21,286.50,289.13,284.00,286.50,23900,217.123
2004-09-20,283.50,290.00,282.60,286.50,98500,217.123
2004-09-17,283.50,284.63,282.37,283.50,7900,214.85
2004-09-16,284.50,286.38,282.45,283.50,177900,214.85
2004-09-15,286.50,289.13,281.00,284.50,196500,215.608
2004-09-14,289.00,289.50,285.00,286.50,99500,217.123
2004-09-13,287.50,292.00,285.50,287.50,134900,217.881
2004-09-10,283.50,285.00,280.87,283.50,43300,214.85
2004-09-09,285.00,286.00,280.50,283.50,5600,214.85
2004-09-08,283.50,286.13,280.87,285.00,27500,215.987
2004-09-07,289.50,288.86,280.87,283.50,22900,214.85
2004-09-06,288.50,297.00,287.50,289.50,42100,219.397
2004-09-03,282.50,287.00,280.87,286.50,342700,217.123
2004-09-02,278.50,282.00,278.00,281.00,44900,212.955
2004-09-01,272.50,280.00,273.50,278.50,28100,211.061
2004-08-31,270.00,274.13,268.00,271.50,35200,205.756
2004-08-30,269.00,269.00,269.00,269.00,000,203.861
2004-08-27,269.00,271.25,266.75,269.00,14000,203.861
2004-08-26,269.00,271.40,266.75,269.00,14200,203.861
2004-08-25,274.50,272.00,266.75,269.00,68500,203.861
2004-08-24,273.50,276.00,270.87,273.50,57800,207.271
2004-08-23,271.50,276.13,270.30,273.50,86400,207.271
2004-08-20,272.50,274.50,271.50,271.50,15600,205.756
2004-08-19,264.50,274.00,266.50,272.50,64400,206.514
2004-08-18,263.50,263.50,260.00,263.50,61500,199.693
2004-08-17,263.50,266.30,261.40,263.50,14400,199.693
2004-08-16,262.00,263.60,260.80,262.00,119000,198.556
2004-08-13,262.50,264.38,261.00,262.00,7900,198.556
2004-08-12,262.50,264.38,260.00,262.50,183800,198.935
2004-08-11,264.50,262.75,262.00,262.50,3700,198.935
2004-08-10,263.50,264.50,260.87,264.50,2800,200.451
2004-08-09,269.50,272.00,260.50,263.50,000,199.693
2004-08-06,271.50,273.00,269.00,270.50,66000,204.998
2004-08-05,272.50,275.00,271.50,272.50,600,206.514
2004-08-04,268.50,275.00,270.00,272.50,47200,206.514
2004-08-03,266.50,272.00,266.05,268.50,651200,203.482
2004-08-02,259.00,265.00,258.90,263.50,9900,199.693
2004-07-30,260.00,260.00,258.50,259.00,8000,196.283
2004-07-29,257.50,262.00,258.50,259.00,29000,196.283
2004-07-28,257.50,260.00,256.00,257.50,22300,195.146
2004-07-27,257.50,259.25,256.00,257.50,9200,195.146
2004-07-26,257.50,259.25,256.50,257.50,2000,195.146
2004-07-23,258.50,262.00,256.40,257.50,43400,195.146
2004-07-22,256.50,260.00,256.24,257.50,77300,195.146
2004-07-21,256.50,260.00,253.00,256.50,36900,194.388
2004-07-20,250.00,256.00,249.20,254.00,000,192.493
2004-07-19,250.00,252.00,248.80,250.00,120700,189.462
2004-07-16,251.00,251.25,248.50,250.00,108300,189.462
2004-07-15,251.00,252.00,250.25,251.00,44000,190.22
2004-07-14,245.50,252.00,243.00,251.00,144000,190.22
2004-07-13,250.50,248.50,240.00,245.50,296100,186.052
2004-07-12,255.00,256.50,250.00,251.50,210000,190.599
2004-07-09,257.50,255.00,255.00,255.00,000,193.251
2004-07-08,260.00,260.00,256.10,257.50,184800,195.146
2004-07-07,261.00,262.00,260.00,260.00,76500,197.04
2004-07-06,257.50,262.00,257.00,261.00,233500,197.798
2004-07-05,270.50,271.00,253.00,257.50,119900,195.146
2004-07-02,273.50,274.00,268.00,271.50,74700,205.756
2004-07-01,279.00,276.00,271.00,273.50,25100,207.271
2004-06-30,282.50,281.00,276.00,279.00,50600,211.44
2004-06-29,284.50,286.50,280.00,282.50,17700,214.092
2004-06-28,288.50,289.00,285.00,285.00,24700,215.987
2004-06-25,287.50,289.50,285.00,287.50,42700,217.881
2004-06-24,288.50,292.00,285.00,287.50,88800,217.881
2004-06-23,288.50,292.00,288.50,288.50,823500,218.639
2004-06-22,287.50,290.00,287.00,287.50,11600,217.881
2004-06-21,288.50,287.50,286.75,287.50,000,217.881
2004-06-18,285.00,287.00,284.50,285.00,24800,215.987
2004-06-17,282.50,287.00,284.35,285.00,34300,215.987
2004-06-16,282.50,285.00,281.25,282.50,4900,214.092
2004-06-15,282.50,282.50,282.50,282.50,2400,214.092
2004-06-14,286.50,290.00,281.00,282.50,28700,214.092
2004-06-11,286.50,290.00,283.00,286.50,26600,217.123
2004-06-10,282.50,287.00,280.625,286.50,22200,217.123
2004-06-09,282.50,285.00,278.55,282.50,19000,214.092
2004-06-08,281.50,285.00,278.15,282.50,94500,214.092
2004-06-07,272.50,282.50,270.00,282.50,19200,214.092
2004-06-04,272.50,274.65,270.00,272.50,6300,206.514
2004-06-03,272.50,274.00,271.00,272.50,107100,206.514
2004-06-02,272.00,274.00,270.50,272.00,19800,206.135
2004-06-01,272.00,274.40,269.00,272.00,73100,206.135
2004-05-31,272.00,272.00,272.00,272.00,000,206.135
2004-05-28,272.50,274.45,268.75,272.00,64600,206.135
2004-05-27,279.00,280.00,270.00,272.50,175000,206.514
2004-05-26,279.00,279.50,278.00,279.00,32000,211.44
2004-05-25,277.50,277.50,274.00,277.50,29800,210.303
2004-05-24,277.50,280.00,273.00,277.50,290200,210.303
2004-05-21,282.50,280.25,270.00,276.00,176700,209.166
2004-05-20,287.50,285.00,275.00,281.50,000,213.334
2004-05-19,290.50,292.75,288.50,290.50,26000,220.155
2004-05-18,298.50,299.65,288.50,290.50,225600,220.155
2004-05-17,303.50,305.00,298.00,300.00,87100,227.354
2004-05-14,304.50,307.00,302.60,304.50,6100,230.765
2004-05-13,300.50,308.00,300.50,304.50,31700,230.765
2004-05-12,300.50,303.00,299.00,300.00,49700,227.354
2004-05-11,303.50,305.00,298.00,300.50,36200,227.733
2004-05-10,312.50,315.00,306.00,308.50,84600,233.796
2004-05-07,313.50,317.64,310.70,312.50,130200,236.827
2004-05-06,312.50,317.00,307.00,310.50,49400,235.312
2004-05-05,307.50,315.00,305.25,312.50,71600,236.827
2004-05-04,307.00,309.25,305.00,307.50,71100,233.038
2004-05-03,307.00,307.00,307.00,307.00,000,232.659
2004-04-30,307.50,311.00,305.00,307.00,144200,232.659
2004-04-29,308.50,310.50,305.00,307.50,8900,233.038
2004-04-28,311.50,313.95,305.00,308.50,40900,233.796
2004-04-27,311.50,314.00,309.00,311.50,45000,236.07
2004-04-26,310.00,315.00,309.00,311.50,37300,236.07
2004-04-23,307.50,312.00,305.00,310.00,165600,234.933
2004-04-22,298.50,309.50,296.10,306.50,65600,232.28
2004-04-21,300.00,303.00,295.00,298.50,55900,226.218
2004-04-20,300.50,303.00,298.00,300.50,179100,227.733
2004-04-19,300.50,302.35,298.00,300.50,000,227.733
2004-04-16,307.50,309.00,300.00,300.50,54300,227.733
2004-04-15,310.00,312.00,304.00,307.50,180800,233.038
2004-04-14,312.50,311.50,308.00,310.00,201200,234.933
2004-04-13,312.50,317.00,310.00,312.50,206600,233.569
2004-04-12,311.50,311.50,311.50,311.50,000,232.821
2004-04-09,311.50,311.50,311.50,311.50,000,232.821
2004-04-08,311.50,313.00,310.30,311.50,14200,232.821
2004-04-07,311.50,312.40,310.00,311.50,65600,232.821
2004-04-06,312.50,314.00,310.00,311.50,47800,232.821
2004-04-05,315.00,313.40,310.00,312.50,101700,233.569
2004-04-02,312.50,314.50,310.00,312.50,80100,233.569
2004-04-01,316.50,314.00,310.00,312.50,51200,233.569
2004-03-31,317.50,320.00,315.00,315.50,345600,235.811
2004-03-30,317.50,320.00,315.00,317.50,325400,237.306
2004-03-29,315.00,319.63,315.00,317.50,276800,237.306
2004-03-26,321.50,321.90,310.00,312.50,167400,233.569
2004-03-25,322.50,324.30,319.40,321.50,48500,240.295
2004-03-24,317.50,326.50,316.00,322.50,553100,241.043
2004-03-23,316.50,321.50,315.30,317.50,42300,237.306
2004-03-22,314.00,317.50,313.00,316.50,56300,236.558
2004-03-19,314.00,315.00,313.00,314.00,29800,234.69
2004-03-18,307.50,317.00,306.00,314.00,153700,234.69
2004-03-17,302.50,307.50,301.00,307.50,44100,229.832
2004-03-16,303.50,306.00,300.00,302.50,93600,226.094
2004-03-15,298.50,307.00,298.00,305.00,305900,227.963
2004-03-12,292.50,294.00,288.00,292.50,24400,218.62
2004-03-11,295.50,297.00,287.136,292.50,246800,218.62
2004-03-10,288.50,298.00,287.00,295.50,251900,220.863
2004-03-09,287.50,290.00,285.00,288.50,454600,215.631
2004-03-08,330.00,329.50,278.00,287.50,904400,214.883
2004-03-05,321.00,327.00,318.90,323.50,21800,241.79
2004-03-04,324.50,327.00,318.00,321.00,51900,239.922
2004-03-03,317.50,319.00,309.60,316.00,54900,236.185
2004-03-02,311.50,320.00,310.00,317.50,76000,237.306
2004-03-01,312.50,315.00,308.00,311.50,31300,232.821
2004-02-27,300.00,315.00,298.00,312.50,105300,233.569
2004-02-26,300.00,302.00,298.00,300.00,23100,224.226
2004-02-25,300.00,300.90,298.00,300.00,21800,224.226
2004-02-24,300.00,300.90,298.75,300.00,9400,224.226
2004-02-23,301.50,301.00,298.00,300.00,59100,224.226
2004-02-20,301.50,304.80,298.20,301.50,13600,225.347
2004-02-19,303.50,305.25,298.10,301.50,67400,225.347
2004-02-18,303.50,307.00,303.00,303.50,70100,226.842
2004-02-17,303.50,306.00,300.00,303.50,19100,226.842
2004-02-16,302.50,304.85,300.00,303.50,14700,226.842
2004-02-13,305.00,306.00,300.25,302.50,63500,226.094
2004-02-12,299.00,306.85,298.30,305.00,81400,227.963
2004-02-11,304.50,306.00,295.25,299.00,166000,223.479
2004-02-10,301.50,307.00,302.00,304.50,431800,227.589
2004-02-09,298.50,305.50,298.00,301.50,74600,225.347
2004-02-06,298.50,299.40,297.00,298.50,9700,223.105
2004-02-05,304.50,306.00,298.00,298.50,38000,223.105
2004-02-04,312.50,314.00,302.50,304.50,21700,227.589
2004-02-03,312.50,315.00,310.00,312.50,24200,233.569
2004-02-02,308.50,314.00,305.87,312.50,136100,233.569
2004-01-30,306.50,306.50,302.00,305.00,17200,227.963
2004-01-29,307.00,309.00,302.62,306.50,47900,229.084
2004-01-28,313.50,320.00,305.00,308.00,75900,230.205
2004-01-27,306.00,317.00,306.50,313.50,293800,234.316
2004-01-26,297.00,307.00,299.00,305.00,000,227.963
2004-01-23,305.00,307.00,288.00,297.00,103900,221.984
2004-01-22,311.50,314.13,303.50,305.00,54300,227.963
2004-01-21,314.50,316.00,309.00,311.50,332200,232.821
2004-01-20,314.50,316.00,313.37,314.50,25800,235.064
2004-01-19,310.00,316.00,308.00,314.50,127000,235.064
2004-01-16,308.50,312.00,307.62,310.00,107000,231.70
2004-01-15,312.50,315.00,306.00,308.50,153500,230.579
2004-01-14,307.50,317.00,304.05,312.50,155100,233.569
2004-01-13,301.50,310.00,300.00,307.50,183200,229.832
2004-01-12,301.50,304.00,293.00,301.50,454200,225.347
2004-01-09,283.50,296.00,280.87,291.50,116600,217.873
2004-01-08,274.00,287.00,273.25,283.50,90000,211.894
2004-01-07,277.50,279.75,273.00,274.00,69100,204.793
2004-01-06,277.50,280.00,275.00,277.50,20900,207.409
2004-01-05,271.00,280.00,272.00,277.50,84100,207.409
2004-01-02,271.00,274.00,267.00,271.00,32800,202.551
2004-01-01,263.50,263.50,263.50,263.50,000,196.945
2003-12-31,262.50,266.13,260.87,263.50,31400,196.945
2003-12-30,262.50,264.00,260.50,262.50,21600,196.198
2003-12-29,262.50,264.00,260.00,262.50,17100,196.198
2003-12-26,262.50,262.50,262.50,262.50,000,196.198
2003-12-25,262.50,262.50,262.50,262.50,000,196.198
2003-12-24,261.50,264.00,260.00,262.50,15700,196.198
2003-12-23,257.50,263.60,255.00,261.50,42100,195.45
2003-12-22,267.50,269.50,255.00,257.50,213700,192.461
2003-12-19,264.50,270.00,262.75,267.50,67400,199.935
2003-12-18,262.50,264.40,260.00,262.50,77900,196.198
2003-12-17,271.50,273.95,260.00,262.50,83900,196.198
2003-12-16,278.00,274.25,266.00,271.50,57600,202.924
2003-12-15,277.50,280.25,275.75,278.00,162100,207.783
2003-12-12,272.50,283.00,274.00,277.50,101500,207.409
2003-12-11,272.50,275.00,271.50,271.50,35800,202.924
2003-12-10,270.50,275.00,270.00,272.50,24200,203.672
2003-12-09,275.00,276.50,268.50,270.50,103700,202.177
2003-12-08,263.50,282.00,262.00,275.50,438500,205.914
2003-12-05,263.50,266.13,262.00,263.50,51200,196.945
2003-12-04,263.50,267.00,260.87,263.50,14700,196.945
2003-12-03,263.50,266.13,260.70,263.50,33800,196.945
2003-12-02,258.50,266.13,260.87,263.50,35500,196.945
2003-12-01,255.00,260.00,253.62,258.50,29700,193.208
2003-11-28,255.00,256.00,253.00,255.00,30100,190.592
2003-11-27,252.50,256.50,250.00,255.00,75100,190.592
2003-11-26,252.50,254.38,251.25,252.50,7000,188.724
2003-11-25,252.50,255.00,251.00,252.50,9600,188.724
2003-11-24,252.50,255.00,251.25,252.50,207100,188.724
2003-11-21,252.50,255.00,250.62,252.50,19600,188.724
2003-11-20,251.50,255.00,250.50,252.50,254700,188.724
2003-11-19,254.50,256.38,250.62,251.50,394300,187.976
2003-11-18,249.50,260.00,252.00,255.00,000,190.592
2003-11-17,251.50,252.00,245.62,249.50,000,186.481
2003-11-14,249.50,254.00,251.00,251.50,000,187.976
2003-11-13,248.50,252.00,247.00,249.50,33100,186.481
2003-11-12,243.50,252.00,245.00,248.50,000,185.734
2003-11-11,242.50,245.00,240.00,242.50,247200,181.249
2003-11-10,245.00,248.00,241.00,242.50,156000,181.249
2003-11-07,237.50,240.00,236.00,237.50,16900,177.512
2003-11-06,237.50,240.00,235.50,237.50,35300,177.512
2003-11-05,240.00,242.00,235.00,237.50,129700,177.512
2003-11-04,237.50,240.00,235.00,239.00,267500,178.633
2003-11-03,241.50,245.00,235.50,237.50,64400,177.512
2003-10-31,227.50,237.00,131.429,235.00,413800,175.644
2003-10-30,222.50,227.00,220.00,225.00,480500,168.169
2003-10-29,221.50,225.00,219.00,221.50,5100,165.553
2003-10-28,221.50,225.00,218.00,221.50,201500,165.553
2003-10-27,221.50,224.125,218.00,221.50,314000,165.553
2003-10-24,222.50,224.00,219.05,221.50,20700,165.553
2003-10-23,222.50,222.50,220.37,222.50,000,166.301
2003-10-22,225.50,228.00,220.00,223.50,133400,167.048
2003-10-21,225.50,228.00,223.37,225.50,7400,168.543
2003-10-20,228.50,230.00,225.00,226.50,000,169.291
2003-10-17,227.50,232.00,227.50,228.50,000,170.785
2003-10-16,236.50,240.00,225.75,227.50,000,170.038
2003-10-15,226.50,240.00,223.00,237.50,000,177.512
2003-10-14,222.50,230.00,221.00,226.50,55400,169.291
2003-10-13,207.50,225.00,207.00,221.50,000,165.553
2003-10-10,207.50,210.00,207.50,207.50,19300,155.09
2003-10-09,209.00,211.25,205.62,207.50,000,155.09
2003-10-08,209.00,212.00,206.75,209.00,26300,156.211
2003-10-07,209.00,211.547,206.898,209.00,85800,156.211
2003-10-06,209.00,210.797,206.75,209.00,98500,156.211
2003-10-03,209.00,211.547,206.00,209.00,14000,156.211
2003-10-02,208.00,211.00,206.00,209.00,000,156.211
2003-10-01,208.00,208.50,205.00,208.00,000,155.463
2003-09-30,210.00,211.50,208.50,210.00,5800,155.112
2003-09-29,213.00,216.50,208.00,210.00,72400,155.112
2003-09-26,224.50,226.00,213.00,215.00,000,158.805
2003-09-25,224.50,226.379,222.617,224.50,189300,165.822
2003-09-24,224.50,227.00,224.00,224.50,421600,165.822
2003-09-23,223.00,230.00,221.80,224.50,000,165.822
2003-09-22,217.50,222.00,215.617,221.50,000,163.606
2003-09-19,217.50,219.00,215.00,217.50,13500,160.652
2003-09-18,216.50,220.00,215.50,217.50,000,160.652
2003-09-17,215.50,217.777,215.219,216.50,000,159.913
2003-09-16,216.50,219.129,213.00,215.50,000,159.175
2003-09-15,216.50,219.125,213.00,216.50,315700,159.913
2003-09-12,216.50,220.00,213.867,216.50,21300,159.913
2003-09-11,219.50,220.00,213.00,216.50,000,159.913
2003-09-10,225.50,227.38,217.00,221.50,000,163.606
2003-09-09,219.50,231.25,222.00,225.50,000,166.561
2003-09-08,213.50,220.00,211.00,218.50,000,161.39
2003-09-05,213.50,216.438,212.00,213.50,63700,157.697
2003-09-04,213.50,216.477,211.297,213.50,32000,157.697
2003-09-03,213.50,216.297,211.297,213.50,16000,157.697
2003-09-02,212.50,217.00,209.00,213.50,000,157.697
2003-09-01,211.50,214.13,208.75,211.50,000,156.22
2003-08-29,211.00,214.00,207.87,211.00,000,155.851
2003-08-28,201.50,213.13,198.37,210.50,000,155.481
2003-08-27,208.50,207.50,193.00,199.00,000,146.987
2003-08-26,201.00,206.50,198.75,205.00,000,151.419
2003-08-25,200.50,200.50,200.50,200.50,000,148.095
2003-08-22,198.50,203.13,196.25,200.50,000,148.095
2003-08-21,197.50,199.379,196.25,197.50,4400,145.879
2003-08-20,196.50,199.63,193.50,197.50,000,145.879
2003-08-19,195.00,196.50,193.00,195.00,14900,144.033
2003-08-18,198.50,201.25,193.00,195.00,000,144.033
2003-08-15,199.00,201.25,196.50,199.00,8300,146.987
2003-08-14,199.50,201.949,195.00,199.50,23900,147.356
2003-08-13,203.50,207.00,198.87,199.50,000,147.356
2003-08-12,201.00,206.00,198.50,203.50,000,150.311
2003-08-11,197.50,202.00,194.00,200.00,000,147.726
2003-08-08,194.00,199.00,191.50,196.50,000,145.141
2003-08-07,192.50,194.379,191.50,192.50,4800,142.186
2003-08-06,192.50,194.379,191.25,192.50,3600,142.186
2003-08-05,189.75,194.38,189.75,192.50,000,142.186
2003-08-04,188.70,193.95,188.70,191.50,000,141.447
2003-08-01,188.50,192.00,188.50,188.50,488300,139.232
2003-07-31,189.00,189.63,185.62,187.50,000,138.493
2003-07-30,188.02,188.50,183.75,186.00,000,137.385
2003-07-29,182.87,188.48,182.87,185.50,000,137.016
2003-07-28,186.38,188.48,183.00,185.50,000,137.016
2003-07-25,186.00,187.00,183.50,183.50,000,135.538
2003-07-24,178.80,184.00,178.30,181.50,000,134.061
2003-07-23,177.00,182.00,177.00,179.50,000,132.584
2003-07-22,182.00,182.00,178.80,179.50,000,132.584
2003-07-21,182.70,183.00,178.00,179.50,000,132.584
2003-07-18,180.45,183.00,180.00,181.50,000,134.061
2003-07-17,181.50,182.699,180.00,181.50,6400,134.061
2003-07-16,180.25,183.00,180.25,181.50,000,134.061
2003-07-15,180.37,182.78,180.00,181.50,000,134.061
2003-07-14,180.37,182.70,180.00,181.50,000,134.061
2003-07-11,183.00,185.00,180.00,182.50,000,134.80
2003-07-10,191.30,191.30,183.00,185.50,000,137.016
2003-07-09,191.30,192.00,185.00,188.50,000,139.232
2003-07-08,178.77,192.00,178.77,188.50,000,139.232
2003-07-07,178.50,183.50,178.50,181.50,000,134.061
2003-07-04,178.87,183.00,178.00,180.00,000,132.953
2003-07-03,180.00,184.125,178.00,181.50,000,134.061
2003-07-02,181.50,183.527,178.297,181.50,9100,134.061
2003-07-01,184.50,183.527,178.00,180.50,421200,133.322
2003-06-30,185.87,188.70,185.00,185.50,000,137.016
2003-06-27,187.50,191.129,185.52,188.50,272200,139.232
2003-06-26,191.75,191.75,188.00,188.50,000,139.232
2003-06-25,196.13,197.00,190.875,193.50,000,142.925
2003-06-24,196.13,196.13,190.87,193.50,000,142.925
2003-06-23,190.44,198.55,190.44,193.50,000,142.925
2003-06-20,191.55,192.00,186.90,189.00,000,139.601
2003-06-19,186.75,191.00,186.75,189.00,000,139.601
2003-06-18,187.00,192.00,187.00,189.00,000,139.601
2003-06-17,186.75,191.48,185.00,188.50,000,139.232
2003-06-16,183.75,191.48,183.75,188.50,000,139.232
2003-06-13,184.50,188.55,184.50,186.00,000,137.385
2003-06-12,186.13,189.00,180.87,186.00,000,137.385
2003-06-11,186.13,187.00,181.50,183.50,000,135.538
2003-06-10,184.00,184.00,180.875,183.50,000,135.538
2003-06-09,184.00,184.00,180.37,183.50,000,135.538
2003-06-06,180.62,184.00,180.62,182.50,000,134.80
2003-06-05,180.52,186.48,180.00,182.50,000,134.80
2003-06-04,175.62,184.00,175.62,183.50,000,135.538
2003-06-03,170.62,180.00,170.62,176.50,000,130.368
2003-06-02,174.00,174.00,170.37,172.50,000,127.413
2003-05-30,172.50,174.00,170.367,172.50,114100,127.413
2003-05-29,173.60,174.48,168.00,171.50,000,126.675
2003-05-28,171.50,174.129,168.867,171.50,7500,126.675
2003-05-27,170.22,173.00,170.00,171.50,000,126.675
2003-05-26,171.50,171.50,171.50,171.50,000,126.675
2003-05-23,170.00,173.00,170.00,171.50,000,126.675
2003-05-22,169.00,171.00,169.00,171.00,000,126.306
2003-05-21,167.00,169.50,167.00,169.50,000,125.198
2003-05-20,167.50,170.00,167.50,169.50,000,125.198
2003-05-19,165.00,169.50,165.00,169.50,000,125.198
2003-05-16,168.00,168.60,165.00,167.00,000,123.351
2003-05-15,165.00,168.00,165.00,167.00,000,123.351
2003-05-14,170.00,170.00,165.00,167.50,000,123.72
2003-05-13,167.30,170.00,165.00,167.50,000,123.72
2003-05-12,165.37,170.00,165.00,167.50,000,123.72
2003-05-09,169.00,170.00,160.00,167.50,000,123.72
2003-05-08,167.00,171.50,164.50,170.50,000,125.936
2003-05-07,168.00,168.00,167.00,167.50,000,123.72
2003-05-06,165.00,174.25,162.00,169.00,000,124.828
2003-05-05,162.00,162.00,162.00,162.00,000,119.658
2003-05-02,157.00,165.00,150.00,162.00,000,119.658
2003-05-01,153.50,156.648,153.50,153.50,25000,113.38
2003-04-30,154.00,156.13,153.50,153.50,000,113.38
2003-04-29,151.25,153.00,149.00,149.00,000,110.056
2003-04-28,151.00,151.00,146.00,149.00,000,110.056
2003-04-25,154.82,154.82,150.00,152.50,000,112.641
2003-04-24,153.87,159.65,153.00,156.50,000,115.595
2003-04-23,150.50,159.00,150.00,157.50,000,116.334
2003-04-22,155.87,155.96,150.00,152.50,000,112.641
2003-04-21,160.00,162.00,158.50,160.00,000,118.181
2003-04-18,160.00,162.00,158.50,160.00,000,118.181
2003-04-17,160.50,162.00,158.50,160.00,000,118.181
2003-04-16,165.00,165.93,160.00,161.00,000,118.919
2003-04-15,167.00,175.00,167.00,171.00,000,123.543
2003-04-14,161.00,170.00,161.00,165.00,000,119.208
2003-04-11,158.70,162.00,155.625,158.50,000,114.512
2003-04-10,158.70,160.00,157.50,157.50,000,113.79
2003-04-09,159.00,159.00,157.50,157.50,000,113.79
2003-04-08,160.00,160.00,157.50,157.50,000,113.79
2003-04-07,157.00,160.00,157.00,158.50,000,114.512
2003-04-04,160.00,162.00,159.78,160.50,000,115.957
2003-04-03,154.38,160.50,154.38,160.50,000,115.957
2003-04-02,154.38,155.00,150.00,152.50,000,110.177
2003-04-01,154.38,154.63,150.00,152.50,000,110.177
2003-03-31,153.70,154.38,150.00,152.50,000,110.177
2003-03-28,153.70,153.70,152.50,152.50,000,110.177
2003-03-27,154.38,154.38,150.00,152.50,000,110.177
2003-03-26,157.63,157.63,152.50,152.50,000,110.177
2003-03-25,153.37,157.38,153.37,155.50,000,112.345
2003-03-24,159.48,159.48,153.00,155.50,000,112.345
2003-03-21,157.00,159.297,153.00,156.50,000,113.067
2003-03-20,150.00,157.00,147.50,153.50,000,110.90
2003-03-19,147.50,150.00,146.148,147.50,107700,106.565
2003-03-18,150.00,150.00,145.62,147.50,000,106.565
2003-03-17,149.38,149.63,145.00,147.50,000,106.565
2003-03-14,146.00,150.00,146.00,147.50,000,106.565
2003-03-13,147.00,147.00,144.50,144.50,000,104.397
2003-03-12,140.00,146.38,140.00,144.50,000,104.397
2003-03-11,140.00,144.00,140.00,142.00,000,102.591
2003-03-10,138.45,143.25,138.45,141.00,000,101.869
2003-03-07,144.00,144.00,137.00,140.00,000,101.146
2003-03-06,142.50,144.629,140.00,142.50,17600,102.953
2003-03-05,144.00,147.00,140.62,142.50,000,102.953
2003-03-04,140.00,145.00,139.38,142.50,000,102.953
2003-03-03,131.50,132.00,125.00,131.50,11400,95.005
2003-02-28,130.18,130.18,125.00,128.50,000,92.838
2003-02-27,128.50,130.18,128.50,128.50,26400,92.838
2003-02-26,128.70,131.13,126.50,128.50,000,92.838
2003-02-25,126.00,128.70,126.00,127.50,000,92.115
2003-02-24,126.82,130.00,125.00,127.50,000,92.115
2003-02-21,130.70,130.70,128.30,129.50,000,93.56
2003-02-20,128.00,132.00,128.00,129.50,000,93.56
2003-02-19,128.00,130.96,128.00,130.00,000,93.922
2003-02-18,131.00,131.00,128.00,130.00,000,93.922
2003-02-17,130.96,130.96,128.00,130.00,000,93.922
2003-02-14,131.00,131.00,129.00,130.00,000,93.922
2003-02-13,132.00,132.00,130.50,131.00,000,94.644
2003-02-12,132.00,132.00,128.00,131.00,000,94.644
2003-02-11,129.48,132.00,128.00,131.00,000,94.644
2003-02-10,128.62,130.00,127.00,129.00,000,93.199
2003-02-07,130.00,133.00,130.00,131.50,000,95.005
2003-02-06,131.00,133.96,130.00,131.50,000,95.005
2003-02-05,136.63,136.63,132.62,134.00,000,96.812
2003-02-04,131.45,136.55,131.45,134.50,000,97.173
2003-02-03,135.02,135.02,131.00,134.00,000,96.812
2003-01-31,131.00,134.00,131.00,134.00,000,96.812
2003-01-30,135.02,137.00,133.00,134.00,000,96.812
2003-01-29,131.00,134.13,131.00,134.00,000,96.812
2003-01-28,131.75,137.00,131.00,134.00,000,96.812
2003-01-27,140.00,140.00,130.00,134.00,000,96.812
2003-01-24,143.37,143.37,140.00,142.50,000,102.953
2003-01-23,145.00,147.00,143.00,145.50,000,105.12
2003-01-22,148.70,150.00,146.00,147.50,000,106.565
2003-01-21,146.30,150.00,146.00,147.50,000,106.565
2003-01-20,147.50,151.00,145.50,147.50,214800,106.565
2003-01-17,145.50,150.00,145.50,147.50,000,106.565
2003-01-16,147.00,150.00,145.50,147.50,000,106.565
2003-01-15,144.04,145.96,144.04,145.00,000,104.759
2003-01-14,143.50,145.00,143.00,145.00,000,104.759
2003-01-13,146.50,147.00,143.00,145.00,000,104.759
2003-01-10,144.00,148.00,138.00,145.00,000,104.759
2003-01-09,150.00,153.50,145.00,147.50,000,106.565
2003-01-08,155.50,157.00,151.50,153.00,000,110.539
2003-01-07,155.87,161.13,155.50,157.50,000,113.79
2003-01-06,160.00,162.50,158.00,160.00,872900,115.596
2003-01-03,164.00,164.00,158.00,161.00,000,116.318
2003-01-02,164.00,164.50,163.00,164.00,133200,118.486
2003-01-01,164.00,164.00,164.00,164.00,000,118.486
2002-12-31,164.00,164.50,163.00,164.00,000,118.486
2002-12-30,164.00,164.00,163.00,164.00,364200,118.486
2002-12-27,164.00,164.00,163.00,164.00,000,118.486
2002-12-26,164.00,164.00,164.00,164.00,000,118.486
2002-12-25,164.00,164.00,164.00,164.00,000,118.486
2002-12-24,164.00,164.00,164.00,164.00,12000,118.486
2002-12-23,164.00,165.00,163.25,164.00,000,118.486
2002-12-20,162.50,164.00,160.00,162.50,565900,117.402
2002-12-19,162.50,162.50,160.00,162.50,000,117.402
2002-12-18,162.50,162.50,160.00,162.50,883500,117.402
2002-12-17,162.50,164.00,162.50,162.50,175200,117.402
2002-12-16,162.50,164.00,158.00,162.50,000,117.402
2002-12-13,162.50,163.00,160.00,162.50,000,117.402
2002-12-12,162.50,162.50,160.00,162.50,000,117.402
2002-12-11,162.50,164.00,160.00,162.50,000,117.402
2002-12-10,162.50,165.00,160.00,162.50,000,117.402
2002-12-09,165.00,170.00,165.00,165.00,000,119.208
2002-12-06,171.00,172.00,170.00,171.00,000,123.543
2002-12-05,171.00,172.00,169.039,171.00,153800,123.543
2002-12-04,170.00,172.00,168.50,170.00,000,122.821
2002-12-03,169.50,171.50,167.00,169.50,000,122.459
2002-12-02,169.50,172.00,165.00,169.50,000,122.459
2002-11-29,168.50,172.00,163.00,168.50,000,121.737
2002-11-28,165.50,167.00,163.00,165.50,000,119.569
2002-11-27,165.50,168.00,163.00,165.50,000,119.569
2002-11-26,170.50,173.00,167.00,170.50,000,123.182
2002-11-25,170.00,172.25,167.00,170.00,000,122.821
2002-11-22,170.00,175.00,167.00,170.00,000,122.821
2002-11-21,173.50,179.00,171.00,173.50,000,125.349
2002-11-20,177.50,177.50,175.00,177.50,000,128.239
2002-11-19,177.50,179.379,175.00,177.50,000,128.239
2002-11-18,177.50,180.00,175.00,177.50,000,128.239
2002-11-15,175.00,177.00,170.00,175.00,000,126.433
2002-11-14,173.50,175.00,170.00,173.50,000,125.349
2002-11-13,172.50,174.379,170.00,172.50,000,124.627
2002-11-12,172.50,177.00,168.00,172.50,000,124.627
2002-11-11,170.00,173.00,166.00,170.00,000,122.821
2002-11-08,169.50,172.00,167.00,169.50,000,122.459
2002-11-07,168.50,172.00,165.00,168.50,000,121.737
2002-11-06,168.50,172.00,163.00,168.50,000,121.737
2002-11-05,166.50,170.00,161.00,166.50,000,120.292
2002-11-04,159.50,162.00,156.50,159.50,000,115.235
2002-11-01,156.50,158.18,153.00,156.50,000,113.067
2002-10-31,156.50,160.00,153.00,156.50,620900,113.067
2002-10-30,153.50,155.00,147.00,153.50,000,110.90
2002-10-29,149.50,151.00,148.00,149.50,000,108.01
2002-10-28,149.50,151.50,147.50,149.50,000,108.01
2002-10-25,149.50,149.50,147.00,149.50,000,108.01
2002-10-24,149.50,151.00,149.50,149.50,000,108.01
2002-10-23,149.50,151.00,147.50,149.50,000,108.01
2002-10-22,149.50,151.375,147.00,149.50,000,108.01
2002-10-21,149.50,151.50,147.50,149.50,000,108.01
2002-10-18,149.50,151.398,147.00,149.50,000,108.01
2002-10-17,149.50,151.50,147.00,149.50,000,108.01
2002-10-16,149.50,152.00,147.00,149.50,000,108.01
2002-10-15,149.50,150.00,145.00,149.50,000,108.01
2002-10-14,147.50,149.50,145.00,147.50,000,106.565
2002-10-11,146.50,150.00,143.75,146.50,000,105.842
2002-10-10,147.50,147.50,145.50,147.50,000,106.565
2002-10-09,147.50,147.50,147.50,147.50,000,106.565
2002-10-08,146.50,148.18,143.50,146.50,000,105.842
2002-10-07,146.50,146.50,140.00,146.50,000,105.842
2002-10-04,142.50,143.699,140.50,142.50,000,102.953
2002-10-03,142.50,142.50,140.00,142.50,000,102.953
2002-10-02,142.50,142.50,140.699,142.50,000,102.953
2002-10-01,145.00,147.00,142.00,145.00,000,103.169
2002-09-30,142.50,147.00,140.50,142.50,000,101.391
2002-09-27,142.50,144.50,140.00,142.50,000,101.391
2002-09-26,142.50,144.50,140.00,142.50,000,101.391
2002-09-25,141.50,144.50,138.00,141.50,000,100.679
2002-09-24,142.50,144.50,138.00,142.50,000,101.391
2002-09-23,142.50,145.00,140.00,142.50,000,101.391
2002-09-20,140.00,142.00,138.00,140.00,000,99.612
2002-09-19,140.00,140.00,137.00,140.00,000,99.612
2002-09-18,140.00,142.00,137.00,140.00,000,99.612
2002-09-17,140.00,141.00,138.00,140.00,830600,99.612
2002-09-16,139.00,140.00,138.00,139.00,000,98.90
2002-09-13,140.00,142.00,138.00,140.00,000,99.612
2002-09-12,140.00,141.00,138.50,140.00,000,99.612
2002-09-11,140.00,142.00,138.00,140.00,000,99.612
2002-09-10,140.00,140.957,138.50,140.00,000,99.612
2002-09-09,139.00,142.00,138.00,139.00,000,98.90
2002-09-06,140.00,142.00,138.00,140.00,000,99.612
2002-09-05,140.00,142.00,135.75,140.00,000,99.612
2002-09-04,137.00,139.00,135.00,137.00,000,97.477
2002-09-03,137.00,139.25,133.00,137.00,000,97.477
2002-09-02,136.50,144.50,136.50,136.50,000,97.121
2002-08-30,142.50,244.00,140.00,142.50,81400,101.391
2002-08-29,149.50,152.00,147.00,149.50,000,106.371
2002-08-28,149.50,150.957,140.00,149.50,000,106.371
2002-08-27,147.50,150.00,143.699,147.50,000,104.948
2002-08-26,141.00,141.00,141.00,141.00,000,100.323
2002-08-23,141.00,144.00,138.00,141.00,000,100.323
2002-08-22,145.50,149.00,143.00,145.50,000,103.525
2002-08-21,136.00,146.297,136.00,144.50,000,102.814
2002-08-20,136.50,138.00,135.039,136.50,000,97.121
2002-08-19,132.50,136.00,130.00,132.50,000,94.275
2002-08-16,133.50,137.00,133.00,133.50,000,94.987
2002-08-15,134.00,137.25,132.199,134.00,000,95.343
2002-08-14,134.50,138.00,133.00,134.50,000,95.698
2002-08-13,135.00,137.00,132.777,135.00,000,96.054
2002-08-12,132.50,134.187,130.00,132.50,000,94.275
2002-08-09,135.50,138.25,132.00,135.50,000,96.41
2002-08-08,134.00,136.297,132.797,134.00,000,95.343
2002-08-07,133.50,136.297,130.00,133.50,000,94.987
2002-08-06,130.00,133.699,124.00,130.00,000,92.497
2002-08-05,143.75,144.816,133.00,135.50,000,96.41
2002-08-02,146.50,149.25,143.75,146.50,000,104.237
2002-08-01,148.50,152.00,145.00,148.50,000,105.66
2002-07-31,154.50,157.00,152.50,154.50,000,109.929
2002-07-30,154.50,157.00,152.50,154.50,000,109.929
2002-07-29,151.00,155.00,148.00,151.00,000,107.438
2002-07-26,150.00,152.25,142.50,150.00,000,106.727
2002-07-25,140.50,143.00,138.00,140.50,000,99.967
2002-07-24,138.50,141.50,135.00,138.50,000,98.544
2002-07-23,139.50,141.297,133.699,139.50,000,99.256
2002-07-22,135.50,137.50,133.50,135.50,000,96.41
2002-07-19,138.50,141.25,135.75,138.50,000,98.544
2002-07-18,138.50,141.25,135.00,138.50,000,98.544
2002-07-17,135.50,137.50,131.00,135.50,000,96.41
2002-07-16,133.00,133.00,133.00,133.00,000,94.631
2002-07-15,144.00,143.188,135.50,135.50,000,96.41
2002-07-12,142.50,145.00,141.00,142.50,000,101.391
2002-07-11,144.00,144.00,143.00,144.00,000,102.458
2002-07-10,145.50,145.50,145.00,145.50,000,103.525
2002-07-09,146.00,149.50,145.00,146.00,000,103.881
2002-07-08,147.50,149.50,145.00,147.50,000,104.948
2002-07-05,147.50,147.598,145.199,147.50,000,104.948
2002-07-04,146.00,146.797,145.00,146.00,000,103.881
2002-07-03,146.00,146.00,146.00,146.00,000,103.881
2002-07-02,149.50,152.00,147.598,149.50,000,106.371
2002-07-01,149.50,151.50,147.00,149.50,000,106.371
2002-06-28,147.50,150.00,145.50,147.50,000,104.948
2002-06-27,145.50,147.50,143.50,145.50,000,103.525
2002-06-26,145.50,147.398,143.00,145.50,000,103.525
2002-06-25,146.50,149.297,143.75,146.50,000,104.237
2002-06-24,145.00,147.00,143.00,145.00,000,103.169
2002-06-21,135.75,147.00,135.75,145.00,000,103.169
2002-06-20,138.50,141.25,135.00,138.50,000,98.544
2002-06-19,142.50,146.00,140.00,142.50,000,101.391
2002-06-18,144.00,148.00,141.00,144.00,000,102.458
2002-06-17,148.50,150.50,147.00,148.50,000,105.66
2002-06-14,150.00,156.00,148.00,150.00,000,106.727
2002-06-13,158.00,160.00,156.00,158.00,000,112.419
2002-06-12,158.00,160.00,156.00,158.00,000,112.419
2002-06-11,158.50,162.50,157.00,158.50,000,112.775
2002-06-10,160.50,164.50,158.50,160.50,000,114.198
2002-06-07,162.50,165.00,160.50,162.50,47400,115.621
2002-06-06,160.00,163.00,156.00,160.00,000,113.842
2002-06-05,157.00,160.00,156.00,157.00,000,111.707
2002-06-04,158.00,158.00,158.00,158.00,000,112.419
2002-06-03,158.00,158.00,158.00,158.00,000,112.419
2002-05-31,158.00,160.00,153.00,158.00,000,112.419
2002-05-30,153.50,157.00,150.00,153.50,000,109.217
2002-05-29,154.00,154.00,143.50,154.00,000,109.573
2002-05-28,145.50,149.297,142.00,145.50,000,103.525
2002-05-27,146.50,149.25,142.00,146.50,000,104.237
2002-05-24,143.50,145.145,142.00,143.50,000,102.102
2002-05-23,144.00,145.00,142.00,144.00,000,102.458
2002-05-22,143.50,145.00,140.00,143.50,000,102.102
2002-05-21,141.50,143.00,138.00,141.50,000,100.679
2002-05-20,141.00,143.50,139.00,141.00,000,100.323
2002-05-17,141.50,144.00,140.00,141.50,000,100.679
2002-05-16,143.50,147.00,140.00,143.50,000,102.102
2002-05-15,145.00,149.50,143.00,145.00,000,103.169
2002-05-14,147.50,152.00,145.00,147.50,000,104.948
2002-05-13,145.50,147.50,143.00,145.50,000,103.525
2002-05-10,145.00,147.00,140.00,145.00,000,103.169
2002-05-09,136.50,137.75,135.00,136.50,000,97.121
2002-05-08,136.50,141.25,135.00,136.50,000,97.121
2002-05-07,139.00,142.50,136.00,139.00,000,98.90
2002-05-06,141.50,141.50,141.50,141.50,000,100.679
2002-05-03,141.50,149.25,140.00,141.50,000,100.679
2002-05-02,146.50,146.50,139.50,146.50,000,104.237
2002-05-01,139.50,139.50,139.50,139.50,000,99.256
2002-04-30,138.50,142.00,135.00,138.50,87600,98.544
2002-04-29,141.50,145.00,140.50,141.50,176900,100.679
2002-04-26,140.00,142.00,137.00,140.00,128700,99.612
2002-04-25,137.50,137.50,131.75,137.50,000,97.833
2002-04-24,135.00,139.25,133.00,135.00,000,96.054
2002-04-23,136.50,140.00,133.00,136.50,000,97.121
2002-04-22,136.00,138.25,132.00,136.00,000,96.766
2002-04-19,132.50,134.50,128.00,132.50,000,94.275
2002-04-18,130.00,132.297,127.00,130.00,000,92.497
2002-04-17,130.00,132.25,130.00,130.00,68800,92.497
2002-04-16,131.50,133.00,128.00,131.50,000,91.251
2002-04-15,131.50,135.00,130.00,131.50,000,91.251
2002-04-12,132.50,135.00,130.00,132.50,000,91.945
2002-04-11,131.00,132.00,128.00,131.00,000,90.904
2002-04-10,130.00,133.297,128.00,130.00,000,90.211
2002-04-09,131.00,134.00,128.00,131.00,000,90.904
2002-04-08,131.00,134.00,120.75,131.00,000,90.904
2002-04-05,124.50,128.00,120.75,124.50,000,86.394
2002-04-04,123.50,126.00,120.00,123.50,000,85.70
2002-04-03,123.50,127.00,121.75,123.50,000,85.70
2002-04-02,125.00,127.00,123.00,125.00,000,86.741
2002-04-01,125.00,125.00,125.00,125.00,000,86.741
2002-03-29,125.00,125.00,125.00,125.00,000,86.741
2002-03-28,125.00,127.50,125.00,125.00,000,86.741
2002-03-27,125.50,128.00,123.50,125.50,000,87.088
2002-03-26,125.50,130.00,123.50,125.50,000,87.088
2002-03-25,129.00,130.00,129.00,129.00,000,89.517
2002-03-22,127.50,134.50,127.50,127.50,000,88.476
2002-03-21,132.00,133.25,123.75,132.00,000,91.598
2002-03-20,126.00,129.00,122.00,126.00,000,87.435
2002-03-19,122.50,123.00,122.50,122.50,000,85.006
2002-03-18,122.00,123.00,120.00,122.00,592000,84.659
2002-03-15,119.00,122.00,115.50,119.00,000,82.577
2002-03-14,119.00,122.00,117.00,119.00,000,82.577
2002-03-13,119.50,121.50,117.00,119.50,000,82.924
2002-03-12,120.00,122.00,113.00,120.00,000,83.271
2002-03-11,108.50,115.00,108.50,108.50,000,75.291
2002-03-08,106.50,107.00,103.00,106.50,000,73.903
2002-03-07,101.50,104.00,100.00,101.50,000,70.434
2002-03-06,101.50,103.00,100.25,101.50,000,70.434
2002-03-05,101.50,101.50,100.00,101.50,000,70.434
2002-03-04,102.50,106.25,100.00,102.50,000,71.128
2002-03-01,103.50,107.00,102.00,103.50,000,71.821
2002-02-28,103.50,106.297,102.75,103.50,000,71.821
2002-02-27,103.50,106.50,102.00,103.50,000,71.821
2002-02-26,103.50,106.25,103.50,103.50,000,71.821
2002-02-25,103.50,107.00,102.00,103.50,000,71.821
2002-02-22,103.50,106.25,100.00,103.50,000,71.821
2002-02-21,103.50,106.25,100.75,103.50,000,71.821
2002-02-20,103.50,103.50,103.50,103.50,82300,71.821
2002-02-19,105.00,107.00,103.00,105.00,000,72.862
2002-02-18,103.50,106.25,100.699,103.50,000,71.821
2002-02-15,101.50,105.00,100.00,101.50,000,70.434
2002-02-14,100.50,102.00,97.00,100.50,000,69.74
2002-02-13,99.00,101.25,96.00,99.00,000,68.699
2002-02-12,99.00,103.00,96.699,99.00,000,68.699
2002-02-11,100.00,103.00,97.75,100.00,000,69.393
2002-02-08,100.00,102.25,97.75,100.00,000,69.393
2002-02-07,100.00,100.00,100.00,100.00,000,69.393
2002-02-06,100.00,102.25,97.75,100.00,000,69.393
2002-02-05,100.00,103.00,97.00,100.00,22600,69.393
2002-02-04,101.50,101.50,100.00,101.50,000,70.434
2002-02-01,98.00,103.00,98.00,98.00,000,68.005
2002-01-31,99.50,102.25,96.75,99.50,000,69.046
2002-01-30,99.50,103.00,99.50,99.50,000,69.046
2002-01-29,99.50,99.50,99.50,99.50,000,69.046
2002-01-28,100.50,103.00,98.50,100.50,000,69.74
2002-01-25,100.50,100.50,100.50,100.50,000,69.74
2002-01-24,101.50,101.50,101.50,101.50,000,70.434
2002-01-23,101.50,101.50,101.50,101.50,000,70.434
2002-01-22,101.00,101.00,101.00,101.00,000,70.087
2002-01-21,98.50,98.50,98.50,98.50,000,68.352
2002-01-18,98.50,98.50,98.50,98.50,000,68.352
2002-01-17,100.50,100.50,100.50,100.50,000,69.74
2002-01-16,106.50,106.50,106.50,106.50,000,73.903
2002-01-15,107.50,107.50,107.50,107.50,000,74.597
2002-01-14,108.50,108.50,108.50,108.50,000,75.291
2002-01-11,103.50,103.50,103.50,103.50,000,71.821
2002-01-10,102.00,102.00,102.00,102.00,000,70.781
2002-01-09,99.50,99.50,99.50,99.50,000,69.046
2002-01-08,98.50,98.50,98.50,98.50,000,68.352
2002-01-07,98.50,98.50,98.50,98.50,000,68.352
2002-01-04,98.50,98.50,98.50,98.50,000,68.352
2002-01-03,98.50,98.50,98.50,98.50,000,68.352
2002-01-02,98.50,98.50,98.50,98.50,000,68.352
2002-01-01,98.50,98.50,98.50,98.50,000,68.352
2001-12-31,98.50,98.50,98.50,98.50,000,68.352
2001-12-28,98.50,98.50,98.50,98.50,000,68.352
2001-12-27,98.50,98.50,98.50,98.50,000,68.352
2001-12-26,98.50,98.50,98.50,98.50,000,68.352
2001-12-25,98.50,98.50,98.50,98.50,000,68.352
2001-12-24,98.50,98.50,98.50,98.50,000,68.352
2001-12-21,98.50,98.50,98.50,98.50,000,68.352
2001-12-20,97.50,97.50,97.50,97.50,000,67.658
2001-12-19,91.00,91.00,91.00,91.00,000,63.147
2001-12-18,90.00,90.00,90.00,90.00,000,62.453
2001-12-17,90.00,90.00,90.00,90.00,000,62.453
2001-12-14,88.50,88.50,88.50,88.50,000,61.413
2001-12-13,91.00,91.00,91.00,91.00,000,63.147
2001-12-12,91.00,91.00,91.00,91.00,000,63.147
2001-12-11,91.00,91.00,91.00,91.00,000,63.147
2001-12-10,91.00,91.00,91.00,91.00,000,63.147
2001-12-07,92.00,92.00,92.00,92.00,000,63.841
2001-12-06,92.00,92.00,92.00,92.00,178000,63.841
2001-12-05,89.50,89.50,89.50,89.50,000,62.107
2001-12-04,89.50,89.50,89.50,89.50,000,62.107
2001-12-03,89.50,89.50,89.50,89.50,000,62.107
2001-11-30,89.50,89.50,89.50,89.50,000,62.107
2001-11-29,89.50,89.50,89.50,89.50,148400,62.107
2001-11-28,89.50,89.50,89.50,89.50,000,62.107
2001-11-27,89.50,89.50,89.50,89.50,000,62.107
2001-11-26,90.00,90.00,90.00,90.00,000,62.453
2001-11-23,90.00,90.00,90.00,90.00,000,62.453
2001-11-22,90.00,90.00,90.00,90.00,000,62.453
2001-11-21,86.50,86.50,86.50,86.50,000,60.025
2001-11-20,86.50,86.50,86.50,86.50,000,60.025
2001-11-19,85.00,85.00,85.00,85.00,000,58.984
2001-11-16,81.50,81.50,81.50,81.50,000,56.555
2001-11-15,81.50,81.50,81.50,81.50,000,56.555
2001-11-14,81.50,81.50,81.50,81.50,000,56.555
2001-11-13,81.50,81.50,81.50,81.50,000,56.555
2001-11-12,81.50,81.50,81.50,81.50,000,56.555
2001-11-09,81.50,81.50,81.50,81.50,000,56.555
2001-11-08,85.00,85.00,85.00,85.00,000,58.984
2001-11-07,85.00,85.00,85.00,85.00,000,58.984
2001-11-06,85.00,85.00,85.00,85.00,000,58.984
2001-11-05,85.00,85.00,85.00,85.00,000,58.984
2001-11-02,85.00,85.00,85.00,85.00,000,58.984
2001-11-01,85.00,85.00,85.00,85.00,52200,58.984
2001-10-31,85.00,85.00,85.00,85.00,000,58.984
2001-10-30,85.00,85.00,85.00,85.00,000,58.984
2001-10-29,85.50,85.50,85.50,85.50,000,59.331
2001-10-26,85.50,85.50,85.50,85.50,000,59.331
2001-10-25,85.50,85.50,85.50,85.50,000,59.331
2001-10-24,87.50,87.50,87.50,87.50,000,60.719
2001-10-23,87.50,87.50,87.50,87.50,000,60.719
2001-10-22,87.50,87.50,87.50,87.50,000,60.719
2001-10-19,86.50,86.50,86.50,86.50,000,60.025
2001-10-18,86.50,86.50,86.50,86.50,000,60.025
2001-10-17,86.50,86.50,86.50,86.50,000,60.025
2001-10-16,89.50,89.50,89.50,89.50,000,60.746
2001-10-15,91.00,91.00,91.00,91.00,000,61.765
2001-10-12,92.50,92.50,92.50,92.50,000,62.783
2001-10-11,93.00,93.00,93.00,93.00,000,63.122
2001-10-10,93.00,93.00,93.00,93.00,000,63.122
2001-10-09,94.00,94.00,94.00,94.00,000,63.801
2001-10-08,94.00,94.00,94.00,94.00,000,63.801
2001-10-05,94.00,94.00,94.00,94.00,339600,63.801
2001-10-04,94.00,94.00,94.00,94.00,000,63.801
2001-10-03,94.00,94.00,94.00,94.00,000,63.801
2001-10-02,94.50,94.50,94.50,94.50,000,64.14
2001-10-01,91.00,91.00,91.00,91.00,000,61.765
2001-09-28,89.50,89.50,89.50,89.50,000,60.746
2001-09-27,88.50,88.50,88.50,88.50,000,60.068
2001-09-26,88.50,88.50,88.50,88.50,000,60.068
2001-09-25,84.50,84.50,84.50,84.50,000,57.353
2001-09-24,82.50,82.50,82.50,82.50,000,55.995
2001-09-21,81.00,81.00,81.00,81.00,000,54.977
2001-09-20,81.50,81.50,81.50,81.50,000,55.317
2001-09-19,81.50,81.50,81.50,81.50,000,55.317
2001-09-18,82.50,82.50,82.50,82.50,000,55.995
2001-09-17,83.50,83.50,83.50,83.50,000,56.674
2001-09-14,84.00,84.00,84.00,84.00,000,57.013
2001-09-13,85.00,85.00,85.00,85.00,000,57.692
2001-09-12,83.50,83.50,83.50,83.50,000,56.674
2001-09-11,85.00,85.00,85.00,85.00,000,57.692
2001-09-10,76.50,76.50,76.50,76.50,000,51.923
2001-09-07,80.50,80.50,80.50,80.50,000,54.638
2001-09-06,82.50,82.50,82.50,82.50,000,55.995
2001-09-05,82.50,82.50,82.50,82.50,000,55.995
2001-09-04,84.00,84.00,84.00,84.00,000,57.013
2001-09-03,84.00,84.00,84.00,84.00,000,57.013
2001-08-31,84.00,84.00,84.00,84.00,000,57.013
2001-08-30,86.50,86.50,86.50,86.50,14000,58.71
2001-08-29,86.50,86.50,86.50,86.50,000,58.71
2001-08-28,86.50,86.50,86.50,86.50,000,58.71
2001-08-27,86.50,86.50,86.50,86.50,000,58.71
2001-08-24,86.50,86.50,86.50,86.50,500,58.71
2001-08-23,86.50,86.50,86.50,86.50,000,58.71
2001-08-22,86.50,86.50,86.50,86.50,000,58.71
2001-08-21,86.50,86.50,86.50,86.50,000,58.71
2001-08-20,86.50,86.50,86.50,86.50,000,58.71
2001-08-17,87.50,87.50,87.50,87.50,000,59.389
2001-08-16,87.50,87.50,87.50,87.50,000,59.389
2001-08-15,87.50,87.50,87.50,87.50,000,59.389
2001-08-14,87.50,87.50,87.50,87.50,000,59.389
2001-08-13,87.50,87.50,87.50,87.50,000,59.389
2001-08-10,87.50,87.50,87.50,87.50,000,59.389
2001-08-09,86.50,86.50,86.50,86.50,000,58.71
2001-08-08,86.50,86.50,86.50,86.50,000,58.71
2001-08-07,86.50,86.50,86.50,86.50,000,58.71
2001-08-06,86.50,86.50,86.50,86.50,000,58.71
2001-08-03,86.50,86.50,86.50,86.50,000,58.71
2001-08-02,85.50,85.50,85.50,85.50,000,58.031
2001-08-01,85.50,85.50,85.50,85.50,000,58.031
2001-07-31,85.50,85.50,85.50,85.50,000,58.031
2001-07-30,85.50,85.50,85.50,85.50,000,58.031
2001-07-27,85.50,85.50,85.50,85.50,1094200,58.031
2001-07-26,87.50,87.50,87.50,87.50,000,59.389
2001-07-25,87.50,87.50,87.50,87.50,000,59.389
2001-07-24,87.50,87.50,87.50,87.50,000,59.389
2001-07-23,87.50,87.50,87.50,87.50,000,59.389
2001-07-20,87.50,87.50,87.50,87.50,000,59.389
2001-07-19,87.50,87.50,87.50,87.50,000,59.389
2001-07-18,88.50,88.50,88.50,88.50,000,60.068
2001-07-17,88.50,88.50,88.50,88.50,000,60.068
2001-07-16,88.50,88.50,88.50,88.50,000,60.068
2001-07-13,88.50,88.50,88.50,88.50,000,60.068
2001-07-12,87.50,87.50,87.50,87.50,000,59.389
2001-07-11,87.50,87.50,87.50,87.50,000,59.389
2001-07-10,87.50,87.50,87.50,87.50,000,59.389
2001-07-09,87.50,87.50,87.50,87.50,000,59.389
2001-07-06,87.50,87.50,87.50,87.50,000,59.389
2001-07-05,87.50,87.50,87.50,87.50,000,59.389
2001-07-04,86.50,86.50,86.50,86.50,000,58.71
2001-07-03,86.50,86.50,86.50,86.50,000,58.71
2001-07-02,85.00,85.00,85.00,85.00,5000,57.692
2001-06-29,86.00,86.00,86.00,86.00,20900,58.371
2001-06-28,86.00,86.00,86.00,86.00,000,58.371
2001-06-27,86.00,86.00,86.00,86.00,000,58.371
2001-06-26,85.00,85.00,85.00,85.00,000,57.692
2001-06-25,88.50,88.50,88.50,88.50,000,60.068
2001-06-22,88.50,88.50,88.50,88.50,000,60.068
2001-06-21,88.50,88.50,88.50,88.50,000,60.068
2001-06-20,88.50,88.50,88.50,88.50,000,60.068
2001-06-19,87.50,87.50,87.50,87.50,000,59.389
2001-06-18,89.50,89.50,89.50,89.50,000,60.746
2001-06-15,89.50,89.50,89.50,89.50,000,60.746
2001-06-14,89.50,89.50,89.50,89.50,5000,60.746
2001-06-13,90.00,90.00,90.00,90.00,000,61.086
2001-06-12,90.00,90.00,90.00,90.00,000,61.086
2001-06-11,90.00,90.00,90.00,90.00,000,61.086
2001-06-08,91.00,91.00,91.00,91.00,90700,61.765
2001-06-07,91.00,91.00,91.00,91.00,000,61.765
2001-06-06,90.00,90.00,90.00,90.00,000,61.086
2001-06-05,90.00,90.00,90.00,90.00,000,61.086
2001-06-04,90.00,90.00,90.00,90.00,000,61.086
2001-06-01,90.00,90.00,90.00,90.00,000,61.086
2001-05-31,90.00,90.00,90.00,90.00,000,61.086
2001-05-30,90.00,90.00,90.00,90.00,000,61.086
2001-05-29,90.00,90.00,90.00,90.00,000,61.086
2001-05-28,94.50,94.50,94.50,94.50,000,64.14
2001-05-25,94.50,94.50,94.50,94.50,000,64.14
2001-05-24,94.50,94.50,94.50,94.50,000,64.14
2001-05-23,95.00,95.00,95.00,95.00,7300,64.479
2001-05-22,95.00,95.00,95.00,95.00,000,64.479
2001-05-21,95.00,95.00,95.00,95.00,000,64.479
2001-05-18,95.00,95.00,95.00,95.00,000,64.479
2001-05-17,95.00,95.00,95.00,95.00,000,64.479
2001-05-16,95.00,95.00,95.00,95.00,000,64.479
2001-05-15,95.00,95.00,95.00,95.00,000,64.479
2001-05-14,95.00,95.00,95.00,95.00,000,64.479
2001-05-11,95.00,95.00,95.00,95.00,000,64.479
2001-05-10,95.00,95.00,95.00,95.00,000,64.479
2001-05-09,95.00,95.00,95.00,95.00,000,64.479
2001-05-08,95.00,95.00,95.00,95.00,000,64.479
2001-05-07,95.00,95.00,95.00,95.00,000,64.479
2001-05-04,95.00,95.00,95.00,95.00,000,64.479
2001-05-03,95.00,95.00,95.00,95.00,20200,64.479
2001-05-02,89.50,89.50,89.50,89.50,000,60.746
2001-05-01,89.50,89.50,89.50,89.50,000,60.746
2001-04-30,89.50,89.50,89.50,89.50,000,60.746
2001-04-27,89.50,89.50,89.50,89.50,3000,60.746
2001-04-26,90.00,90.00,90.00,90.00,000,61.086
2001-04-25,90.00,90.00,90.00,90.00,000,61.086
2001-04-24,90.50,90.50,90.50,90.50,000,61.425
2001-04-23,86.50,86.50,86.50,86.50,000,58.71
2001-04-20,83.50,83.50,83.50,83.50,000,56.674
2001-04-19,82.50,82.50,82.50,82.50,000,55.995
2001-04-18,79.50,79.50,79.50,79.50,56800,53.959
2001-04-17,77.50,77.50,77.50,77.50,000,52.602
2001-04-16,77.50,77.50,77.50,77.50,000,52.602
2001-04-13,77.50,77.50,77.50,77.50,000,52.602
2001-04-12,77.50,77.50,77.50,77.50,000,52.602
2001-04-11,77.50,77.50,77.50,77.50,000,52.602
2001-04-10,80.50,80.50,80.50,80.50,22000,52.636
2001-04-09,82.50,82.50,82.50,82.50,000,53.943
2001-04-06,82.50,82.50,82.50,82.50,000,53.943
2001-04-05,82.50,82.50,82.50,82.50,000,53.943
2001-04-04,82.50,82.50,82.50,82.50,000,53.943
2001-04-03,82.50,82.50,82.50,82.50,000,53.943
2001-04-02,82.50,82.50,82.50,82.50,000,53.943
2001-03-30,85.00,85.00,85.00,85.00,000,55.578
2001-03-29,85.00,85.00,85.00,85.00,000,55.578
2001-03-28,86.00,86.00,86.00,86.00,000,56.232
2001-03-27,86.00,86.00,86.00,86.00,000,56.232
2001-03-26,85.00,85.00,85.00,85.00,000,55.578
2001-03-23,85.00,85.00,85.00,85.00,000,55.578
2001-03-22,85.00,85.00,85.00,85.00,000,55.578
2001-03-21,87.50,87.50,87.50,87.50,000,57.213
2001-03-20,90.00,90.00,90.00,90.00,000,58.847
2001-03-19,88.50,88.50,88.50,88.50,000,57.866
2001-03-16,85.00,85.00,85.00,85.00,000,55.578
2001-03-15,85.00,85.00,85.00,85.00,000,55.578
2001-03-14,83.50,83.50,83.50,83.50,000,54.597
2001-03-13,83.50,83.50,83.50,83.50,000,54.597
2001-03-12,87.50,87.50,87.50,87.50,000,57.213
2001-03-09,87.50,87.50,87.50,87.50,000,57.213
2001-03-08,87.50,87.50,87.50,87.50,38700,57.213
2001-03-07,87.50,87.50,87.50,87.50,000,57.213
2001-03-06,87.50,87.50,87.50,87.50,000,57.213
2001-03-05,87.50,87.50,87.50,87.50,000,57.213
2001-03-02,89.00,89.00,89.00,89.00,000,58.193
2001-03-01,90.50,90.50,90.50,90.50,000,59.174
2001-02-28,90.50,90.50,90.50,90.50,000,59.174
2001-02-27,91.50,91.50,91.50,91.50,000,59.828
2001-02-26,91.50,91.50,91.50,91.50,000,59.828
2001-02-23,91.50,91.50,91.50,91.50,000,59.828
2001-02-22,92.50,92.50,92.50,92.50,000,60.482
2001-02-21,92.50,92.50,92.50,92.50,000,60.482
2001-02-20,86.50,86.50,86.50,86.50,000,56.559
2001-02-19,85.50,85.50,85.50,85.50,000,55.905
2001-02-16,85.50,85.50,85.50,85.50,000,55.905
2001-02-15,85.50,85.50,85.50,85.50,000,55.905
2001-02-14,85.50,85.50,85.50,85.50,000,55.905
2001-02-13,85.50,85.50,85.50,85.50,000,55.905
2001-02-12,85.50,85.50,85.50,85.50,000,55.905
2001-02-09,85.50,85.50,85.50,85.50,000,55.905
2001-02-08,85.50,85.50,85.50,85.50,000,55.905
2001-02-07,85.50,85.50,85.50,85.50,000,55.905
2001-02-06,85.50,85.50,85.50,85.50,000,55.905
2001-02-05,85.50,85.50,85.50,85.50,000,55.905
2001-02-02,85.50,85.50,85.50,85.50,000,55.905
2001-02-01,85.50,85.50,85.50,85.50,000,55.905
2001-01-31,88.50,88.50,88.50,88.50,000,57.866
2001-01-30,88.50,88.50,88.50,88.50,000,57.866
2001-01-29,88.50,88.50,88.50,88.50,000,57.866
2001-01-26,88.50,88.50,88.50,88.50,000,57.866
2001-01-25,88.50,88.50,88.50,88.50,000,57.866
2001-01-24,88.50,88.50,88.50,88.50,000,57.866
2001-01-23,88.50,88.50,88.50,88.50,000,57.866
2001-01-22,88.50,88.50,88.50,88.50,000,57.866
2001-01-19,88.50,88.50,88.50,88.50,000,57.866
2001-01-18,88.50,88.50,88.50,88.50,000,57.866
2001-01-17,88.50,88.50,88.50,88.50,000,57.866
2001-01-16,88.00,88.00,88.00,88.00,000,57.54
2001-01-15,88.00,88.00,88.00,88.00,000,57.54
2001-01-12,90.50,90.50,90.50,90.50,000,59.174
2001-01-11,90.50,90.50,90.50,90.50,000,59.174
2001-01-10,90.50,90.50,90.50,90.50,000,59.174
2001-01-09,91.50,91.50,91.50,91.50,000,59.828
2001-01-08,91.50,91.50,91.50,91.50,000,59.828
2001-01-05,92.50,92.50,92.50,92.50,000,60.482
2001-01-04,90.50,90.50,90.50,90.50,000,59.174
2001-01-03,92.50,92.50,92.50,92.50,000,60.482
2001-01-02,92.50,92.50,92.50,92.50,000,60.482
2001-01-01,93.50,93.50,93.50,93.50,000,61.136
2000-12-29,93.50,93.50,93.50,93.50,000,61.136
2000-12-28,93.50,93.50,93.50,93.50,000,61.136
2000-12-27,92.50,92.50,92.50,92.50,000,60.482
2000-12-26,92.50,92.50,92.50,92.50,000,60.482
2000-12-25,92.50,92.50,92.50,92.50,000,60.482
2000-12-22,92.50,92.50,92.50,92.50,000,60.482
2000-12-21,92.50,92.50,92.50,92.50,000,60.482
2000-12-20,93.00,93.00,93.00,93.00,000,60.809
2000-12-19,94.00,94.00,94.00,94.00,000,61.463
2000-12-18,94.00,94.00,94.00,94.00,000,61.463
2000-12-15,95.50,95.50,95.50,95.50,000,62.443
2000-12-14,96.50,96.50,96.50,96.50,000,63.097
2000-12-13,96.50,96.50,96.50,96.50,000,63.097
2000-12-12,97.50,97.50,97.50,97.50,000,63.751
2000-12-11,97.50,97.50,97.50,97.50,000,63.751
2000-12-08,97.50,97.50,97.50,97.50,000,63.751
2000-12-07,96.50,96.50,96.50,96.50,000,63.097
2000-12-06,97.50,97.50,97.50,97.50,000,63.751
2000-12-05,96.50,96.50,96.50,96.50,000,63.097
2000-12-04,98.50,98.50,98.50,98.50,000,64.405
2000-12-01,99.50,99.50,99.50,99.50,000,65.059
2000-11-30,91.00,91.00,91.00,91.00,000,59.501
2000-11-29,84.50,84.50,84.50,84.50,000,55.251
2000-11-28,82.50,82.50,82.50,82.50,000,53.943
2000-11-27,85.00,85.00,85.00,85.00,000,55.578
2000-11-24,98.50,98.50,98.50,98.50,000,64.405
2000-11-23,97.50,97.50,97.50,97.50,000,63.751
2000-11-22,97.50,97.50,97.50,97.50,000,63.751
2000-11-21,96.50,96.50,96.50,96.50,000,63.097
2000-11-20,96.50,96.50,96.50,96.50,000,63.097
2000-11-17,99.50,99.50,99.50,99.50,000,65.059
2000-11-16,100.50,100.50,100.50,100.50,000,65.713
2000-11-15,100.50,100.50,100.50,100.50,000,65.713
2000-11-14,100.50,100.50,100.50,100.50,000,65.713
2000-11-13,101.50,101.50,101.50,101.50,000,66.367
2000-11-10,103.50,103.50,103.50,103.50,000,67.674
2000-11-09,105.00,105.00,105.00,105.00,000,68.655
2000-11-08,103.50,103.50,103.50,103.50,000,67.674
2000-11-07,103.50,103.50,103.50,103.50,000,67.674
2000-11-06,100.00,100.00,100.00,100.00,56700,65.386
2000-11-03,101.50,101.50,101.50,101.50,000,66.367
2000-11-02,103.50,103.50,103.50,103.50,000,67.674
2000-11-01,103.50,103.50,103.50,103.50,000,67.674
2000-10-31,103.50,103.50,103.50,103.50,000,67.674
2000-10-30,105.00,105.00,105.00,105.00,000,68.655
2000-10-27,93.50,93.50,93.50,93.50,000,61.136
2000-10-26,91.50,91.50,91.50,91.50,000,59.828
2000-10-25,88.50,88.50,88.50,88.50,000,57.866
2000-10-24,88.50,88.50,88.50,88.50,000,57.866
2000-10-23,88.50,88.50,88.50,88.50,000,57.866
2000-10-20,87.50,87.50,87.50,87.50,000,57.213
2000-10-19,87.50,87.50,87.50,87.50,000,57.213
2000-10-18,87.50,87.50,87.50,87.50,000,57.213
2000-10-17,86.50,86.50,86.50,86.50,000,56.559
2000-10-16,83.50,83.50,83.50,83.50,000,54.597
2000-10-13,82.50,82.50,82.50,82.50,000,53.943
2000-10-12,87.50,87.50,87.50,87.50,000,57.213
2000-10-11,87.50,87.50,87.50,87.50,000,57.213
2000-10-10,92.50,92.50,92.50,92.50,000,60.482
2000-10-09,92.50,92.50,92.50,92.50,000,60.482
2000-10-06,95.00,95.00,95.00,95.00,000,61.005
2000-10-05,97.50,97.50,97.50,97.50,000,62.61
2000-10-04,96.50,96.50,96.50,96.50,000,61.968
2000-10-03,96.50,96.50,96.50,96.50,000,61.968
2000-10-02,96.50,96.50,96.50,96.50,000,61.968
2000-09-29,97.50,97.50,97.50,97.50,000,62.61
2000-09-28,97.50,97.50,97.50,97.50,000,62.61
2000-09-27,92.50,92.50,92.50,92.50,000,59.40
2000-09-26,92.50,92.50,92.50,92.50,000,59.40
2000-09-25,91.50,91.50,91.50,91.50,000,58.757
2000-09-22,88.50,88.50,88.50,88.50,000,56.831
2000-09-21,87.50,87.50,87.50,87.50,000,56.189
2000-09-20,92.50,92.50,92.50,92.50,000,59.40
2000-09-19,92.50,92.50,92.50,92.50,000,59.40
2000-09-18,92.50,92.50,92.50,92.50,000,59.40
2000-09-15,92.50,92.50,92.50,92.50,000,59.40
2000-09-14,92.50,92.50,92.50,92.50,000,59.40
2000-09-13,95.00,95.00,95.00,95.00,000,61.005
2000-09-12,95.00,95.00,95.00,95.00,33600,61.005
2000-09-11,95.00,95.00,95.00,95.00,000,61.005
2000-09-08,96.50,96.50,96.50,96.50,000,61.968
2000-09-07,96.50,96.50,96.50,96.50,000,61.968
2000-09-06,96.50,96.50,96.50,96.50,000,61.968
2000-09-05,96.50,96.50,96.50,96.50,000,61.968
2000-09-04,98.50,98.50,98.50,98.50,000,63.253
2000-09-01,98.50,98.50,98.50,98.50,000,63.253
2000-08-31,98.50,98.50,98.50,98.50,000,63.253
2000-08-30,93.50,93.50,93.50,93.50,000,60.042
2000-08-29,92.50,92.50,92.50,92.50,000,59.40
2000-08-28,90.50,90.50,90.50,90.50,000,58.115
2000-08-25,90.50,90.50,90.50,90.50,000,58.115
2000-08-24,91.50,91.50,91.50,91.50,000,58.757
2000-08-23,95.00,95.00,95.00,95.00,000,61.005
2000-08-22,100.50,100.50,100.50,100.50,000,64.537
2000-08-21,102.50,102.50,102.50,102.50,000,65.821
2000-08-18,101.50,101.50,101.50,101.50,000,65.179
2000-08-17,97.50,97.50,97.50,97.50,000,62.61
2000-08-16,92.50,92.50,92.50,92.50,000,59.40
2000-08-15,87.50,87.50,87.50,87.50,000,56.189
2000-08-14,88.50,88.50,88.50,88.50,000,56.831
2000-08-11,88.00,88.00,88.00,88.00,75800,56.51
2000-08-10,91.00,91.00,91.00,91.00,000,58.436
2000-08-09,87.50,87.50,87.50,87.50,000,56.189
2000-08-08,83.50,83.50,83.50,83.50,000,53.62
2000-08-07,82.50,82.50,82.50,82.50,000,52.978
2000-08-04,77.50,77.50,77.50,77.50,000,49.767
2000-08-03,76.00,76.00,76.00,76.00,000,48.804
2000-08-02,73.50,73.50,73.50,73.50,000,47.199
2000-08-01,71.50,71.50,71.50,71.50,000,45.914
2000-07-31,71.50,71.50,71.50,71.50,000,45.914
2000-07-28,71.50,71.50,71.50,71.50,000,45.914
2000-07-27,71.50,71.50,71.50,71.50,000,45.914
2000-07-26,72.50,72.50,72.50,72.50,000,46.556
2000-07-25,72.50,72.50,72.50,72.50,000,46.556
2000-07-24,72.50,72.50,72.50,72.50,000,46.556
2000-07-21,73.50,73.50,73.50,73.50,000,47.199
2000-07-20,80.00,80.00,80.00,80.00,000,51.373
2000-07-19,80.00,80.00,80.00,80.00,000,51.373
2000-07-18,80.00,80.00,80.00,80.00,000,51.373
2000-07-17,80.00,80.00,80.00,80.00,000,51.373
2000-07-14,75.50,75.50,75.50,75.50,000,48.483
2000-07-13,75.50,75.50,75.50,75.50,000,48.483
2000-07-12,76.50,76.50,76.50,76.50,000,49.125
2000-07-11,77.50,77.50,77.50,77.50,000,49.767
2000-07-10,79.50,79.50,79.50,79.50,000,51.052
2000-07-07,78.50,78.50,78.50,78.50,000,50.409
2000-07-06,78.50,78.50,78.50,78.50,000,50.409
2000-07-05,76.00,76.00,76.00,76.00,000,48.804
2000-07-04,72.50,72.50,72.50,72.50,000,46.556
2000-07-03,72.50,72.50,72.50,72.50,000,46.556
2000-06-30,71.50,71.50,71.50,71.50,000,45.914
2000-06-29,70.50,70.50,70.50,70.50,000,45.272
2000-06-28,70.50,70.50,70.50,70.50,000,45.272
2000-06-27,68.50,68.50,68.50,68.50,000,43.988
2000-06-26,68.50,68.50,68.50,68.50,000,43.988
2000-06-23,68.50,68.50,68.50,68.50,000,43.988
2000-06-22,72.50,72.50,72.50,72.50,000,46.556
2000-06-21,72.50,72.50,72.50,72.50,000,46.556
2000-06-20,72.50,72.50,72.50,72.50,000,46.556
2000-06-19,72.50,72.50,72.50,72.50,000,46.556
2000-06-16,72.50,72.50,72.50,72.50,000,46.556
2000-06-15,72.50,72.50,72.50,72.50,000,46.556
2000-06-14,73.00,73.00,73.00,73.00,000,46.877
2000-06-13,73.00,73.00,73.00,73.00,000,46.877
2000-06-12,74.00,74.00,74.00,74.00,000,47.52
2000-06-09,75.50,75.50,75.50,75.50,000,48.483
2000-06-08,75.50,75.50,75.50,75.50,000,48.483
2000-06-07,75.50,75.50,75.50,75.50,000,48.483
2000-06-06,75.50,75.50,75.50,75.50,000,48.483
2000-06-05,75.50,75.50,75.50,75.50,000,48.483
2000-06-02,75.50,75.50,75.50,75.50,000,48.483
2000-06-01,75.50,75.50,75.50,75.50,000,48.483
2000-05-31,75.50,75.50,75.50,75.50,000,48.483
2000-05-30,75.50,75.50,75.50,75.50,000,48.483
2000-05-29,75.50,75.50,75.50,75.50,000,48.483
2000-05-26,75.50,75.50,75.50,75.50,000,48.483
2000-05-25,74.00,74.00,74.00,74.00,000,47.52
2000-05-24,74.00,74.00,74.00,74.00,000,47.52
2000-05-23,75.50,75.50,75.50,75.50,000,48.483
2000-05-22,75.50,75.50,75.50,75.50,000,48.483
2000-05-19,74.00,74.00,74.00,74.00,000,47.52
2000-05-18,74.00,74.00,74.00,74.00,000,47.52
2000-05-17,74.00,74.00,74.00,74.00,000,47.52
2000-05-16,75.00,75.00,75.00,75.00,000,48.162
2000-05-15,75.00,75.00,75.00,75.00,000,48.162
2000-05-12,75.50,75.50,75.50,75.50,000,48.483
2000-05-11,74.50,74.50,74.50,74.50,000,47.841
2000-05-10,74.50,74.50,74.50,74.50,000,47.841
2000-05-09,76.50,76.50,76.50,76.50,000,49.125
2000-05-08,78.50,78.50,78.50,78.50,000,50.409
2000-05-05,79.50,79.50,79.50,79.50,000,51.052
2000-05-04,79.50,79.50,79.50,79.50,000,51.052
2000-05-03,79.50,79.50,79.50,79.50,000,51.052
2000-05-02,79.50,79.50,79.50,79.50,000,51.052
2000-05-01,79.50,79.50,79.50,79.50,000,51.052
2000-04-28,79.50,79.50,79.50,79.50,000,51.052
2000-04-27,75.00,75.00,75.00,75.00,000,48.162
2000-04-26,74.50,74.50,74.50,74.50,000,47.841
2000-04-25,73.50,73.50,73.50,73.50,000,47.199
2000-04-24,71.50,71.50,71.50,71.50,000,45.914
2000-04-21,71.50,71.50,71.50,71.50,000,45.914
2000-04-20,71.50,71.50,71.50,71.50,000,45.914
2000-04-19,71.50,71.50,71.50,71.50,000,45.914
2000-04-18,68.50,68.50,68.50,68.50,000,43.988
2000-04-17,67.50,67.50,67.50,67.50,000,43.346
2000-04-14,70.50,70.50,70.50,70.50,000,43.468
2000-04-13,70.50,70.50,70.50,70.50,000,43.468
2000-04-12,70.50,70.50,70.50,70.50,000,43.468
2000-04-11,70.50,70.50,70.50,70.50,000,43.468
2000-04-10,70.50,70.50,70.50,70.50,000,43.468
2000-04-07,71.50,71.50,71.50,71.50,000,44.084
2000-04-06,72.50,72.50,72.50,72.50,33700,44.701
2000-04-05,72.50,72.50,72.50,72.50,000,44.701
2000-04-04,73.50,73.50,73.50,73.50,000,45.317
2000-04-03,74.00,74.00,74.00,74.00,000,45.626
2000-03-31,74.00,74.00,74.00,74.00,000,45.626
2000-03-30,74.00,74.00,74.00,74.00,000,45.626
2000-03-29,75.50,75.50,75.50,75.50,000,46.55
2000-03-28,76.00,76.00,76.00,76.00,000,46.859
2000-03-27,76.00,76.00,76.00,76.00,000,46.859
2000-03-24,72.50,72.50,72.50,72.50,1403800,44.701
2000-03-23,70.50,70.50,70.50,70.50,000,43.468
2000-03-22,67.50,67.50,67.50,67.50,000,41.618
2000-03-21,66.50,66.50,66.50,66.50,000,41.001
2000-03-20,66.50,66.50,66.50,66.50,000,41.001
2000-03-17,66.50,66.50,66.50,66.50,000,41.001
2000-03-16,67.50,67.50,67.50,67.50,000,41.618
2000-03-15,67.50,67.50,67.50,67.50,000,41.618
2000-03-14,67.50,67.50,67.50,67.50,000,41.618
2000-03-13,67.50,67.50,67.50,67.50,000,41.618
2000-03-10,67.50,67.50,67.50,67.50,000,41.618
2000-03-09,65.00,65.00,65.00,65.00,000,40.077
2000-03-08,65.00,65.00,65.00,65.00,000,40.077
2000-03-07,65.00,65.00,65.00,65.00,000,40.077
2000-03-06,66.50,66.50,66.50,66.50,000,41.001
2000-03-03,68.00,68.00,68.00,68.00,000,41.926
2000-03-02,68.00,68.00,68.00,68.00,000,41.926
2000-03-01,69.50,69.50,69.50,69.50,000,42.851
2000-02-29,69.50,69.50,69.50,69.50,19400,42.851
2000-02-28,69.50,69.50,69.50,69.50,000,42.851
2000-02-25,69.50,69.50,69.50,69.50,000,42.851
2000-02-24,69.50,69.50,69.50,69.50,000,42.851
2000-02-23,69.50,69.50,69.50,69.50,000,42.851
2000-02-22,69.50,69.50,69.50,69.50,000,42.851
2000-02-21,69.50,69.50,69.50,69.50,000,42.851
2000-02-18,71.50,71.50,71.50,71.50,000,44.084
2000-02-17,71.50,71.50,71.50,71.50,000,44.084
2000-02-16,67.50,67.50,67.50,67.50,000,41.618
2000-02-15,67.50,67.50,67.50,67.50,000,41.618
2000-02-14,67.50,67.50,67.50,67.50,000,41.618
2000-02-11,67.50,67.50,67.50,67.50,000,41.618
2000-02-10,67.50,67.50,67.50,67.50,000,41.618
2000-02-09,67.50,67.50,67.50,67.50,000,41.618
2000-02-08,67.50,67.50,67.50,67.50,000,41.618
2000-02-07,67.50,67.50,67.50,67.50,000,41.618
2000-02-04,67.50,67.50,67.50,67.50,000,41.618
2000-02-03,67.50,67.50,67.50,67.50,000,41.618
2000-02-02,67.50,67.50,67.50,67.50,000,41.618
2000-02-01,65.00,65.00,65.00,65.00,000,40.077
2000-01-31,70.00,70.00,70.00,70.00,000,43.159
2000-01-28,71.50,71.50,71.50,71.50,000,44.084
2000-01-27,71.50,71.50,71.50,71.50,000,44.084
2000-01-26,71.50,71.50,71.50,71.50,000,44.084
2000-01-25,72.50,72.50,72.50,72.50,000,44.701
2000-01-24,72.50,72.50,72.50,72.50,000,44.701
2000-01-21,72.50,72.50,72.50,72.50,000,44.701
2000-01-20,72.50,72.50,72.50,72.50,000,44.701
2000-01-19,72.50,72.50,72.50,72.50,000,44.701
2000-01-18,72.50,72.50,72.50,72.50,000,44.701
2000-01-17,72.50,72.50,72.50,72.50,000,44.701
2000-01-14,72.50,72.50,72.50,72.50,000,44.701
2000-01-13,74.00,74.00,74.00,74.00,000,45.626
2000-01-12,75.00,75.00,75.00,75.00,000,46.242
2000-01-11,76.50,76.50,76.50,76.50,000,47.167
2000-01-10,77.50,77.50,77.50,77.50,000,47.784
2000-01-07,76.00,76.00,76.00,76.00,000,46.859
2000-01-06,74.00,74.00,74.00,74.00,000,45.626
2000-01-05,74.00,74.00,74.00,74.00,000,45.626
2000-01-04,74.00,74.00,74.00,74.00,000,45.626
2000-01-03,74.00,74.00,74.00,74.00,000,45.626
