Date,Open,High,Low,Close,Volume,Adj_Close
2016-04-01,39.669998,39.779999,38.950001,39.689999,1055100,39.689999
2016-03-31,39.970001,40.290001,39.68,39.959999,1220900,39.959999
2016-03-30,39.689999,40.049999,39.52,39.860001,755600,39.860001
2016-03-29,39.099998,39.650002,38.580002,39.490002,501100,39.490002
2016-03-28,39.040001,39.380001,38.91,39.099998,628500,39.099998
2016-03-24,39.16,39.16,38.400002,38.970001,785800,38.970001
2016-03-23,39.830002,39.939999,39.220001,39.330002,774700,39.330002
2016-03-22,39.849998,40.080002,39.720001,39.970001,801100,39.970001
2016-03-21,39.599998,40.009998,39.450001,39.91,953100,39.91
2016-03-18,39.599998,39.810001,39.349998,39.630001,2699400,39.630001
2016-03-17,39.349998,39.880001,38.98,39.59,1299300,39.59
2016-03-16,38.970001,39.48,38.619999,39.349998,1057000,39.349998
2016-03-15,38.939999,39.040001,38.610001,39.02,1028800,39.02
2016-03-14,39.27,39.439999,39.09,39.27,1489200,39.27
2016-03-11,40.119999,40.119999,39.360001,39.720001,1438200,39.210002
2016-03-10,39.599998,40.049999,39.209999,39.830002,1708600,39.31859
2016-03-09,39.720001,39.790001,39.139999,39.27,1189400,38.765779
2016-03-08,40.310001,40.34,39.349998,39.369999,1411500,38.864494
2016-03-07,40.669998,40.830002,40.290001,40.470001,1134100,39.950372
2016-03-04,40.880001,41.25,40.490002,40.740002,1129000,40.216906
2016-03-03,40.439999,41.080002,40.439999,40.939999,1641500,40.414335
2016-03-02,41.330002,41.720001,40.740002,40.919998,1442200,40.394591
2016-03-01,40.900002,42.259998,40.740002,41.439999,1760700,40.907915
2016-02-29,40.389999,40.830002,40.169998,40.509998,1555000,39.989856
2016-02-26,40.490002,40.799999,40.240002,40.400002,1027200,39.881271
2016-02-25,40.549999,40.799999,39.830002,40.310001,1282100,39.792427
2016-02-24,40.779999,40.779999,39.41,40.599998,1357700,40.0787
2016-02-23,40.650002,40.970001,40.259998,40.740002,1472900,40.216906
2016-02-22,40.50,41.18,40.259998,40.98,1553300,40.453822
2016-02-19,40.560001,40.869999,39.580002,39.970001,2544400,39.456792
2016-02-18,40.220001,41.110001,38.529999,40.77,4216600,40.24652
2016-02-17,38.25,41.970001,37.59,41.060001,7100600,40.532797
2016-02-16,34.919998,36.360001,34.490002,35.23,2730800,34.777652
2016-02-12,34.110001,34.77,33.490002,34.360001,1059400,33.918823
2016-02-11,32.830002,34.419998,32.830002,33.84,1371200,33.405499
2016-02-10,34.41,35.139999,34.02,34.470001,1475200,34.027411
2016-02-09,34.029999,34.84,33.470001,33.950001,1974500,33.514088
2016-02-08,34.450001,34.950001,33.849998,34.349998,1374600,33.90895
2016-02-05,34.93,35.139999,34.330002,34.689999,1401700,34.244584
2016-02-04,34.23,35.200001,34.23,35.139999,1400100,34.688807
2016-02-03,34.490002,34.77,33.580002,34.220001,1499600,33.780621
2016-02-02,34.75,34.779999,33.919998,34.130001,942400,33.691777
2016-02-01,34.970001,35.349998,34.630001,35.09,1047900,34.63945
2016-01-29,34.040001,35.23,33.919998,35.18,2701100,34.728294
2016-01-28,34.139999,34.459999,33.439999,33.880001,1010700,33.444987
2016-01-27,33.740002,34.27,33.459999,33.75,1013500,33.316655
2016-01-26,33.43,34.139999,33.310001,33.84,721900,33.405499
2016-01-25,33.75,33.830002,33.150002,33.200001,1045500,32.773718
2016-01-22,33.639999,34.200001,33.459999,33.84,1116200,33.405499
2016-01-21,32.470001,33.889999,32.360001,33.130001,1814900,32.704617
2016-01-20,31.809999,32.650002,30.93,32.349998,1690600,31.934629
2016-01-19,32.970001,33.00,31.780001,32.290001,1267800,31.875402
2016-01-15,32.080002,32.75,32.02,32.52,2168800,32.102448
2016-01-14,32.66,33.439999,32.080002,33.169998,1973300,32.7441
2016-01-13,33.279999,33.470001,32.369999,32.459999,1552500,32.043217
2016-01-12,33.650002,33.709999,32.720001,33.150002,1729800,32.72436
2016-01-11,33.889999,33.98,32.849998,33.200001,2416400,32.773718
2016-01-08,35.139999,35.330002,33.48,33.549999,2429400,33.119222
2016-01-07,35.400002,35.59,34.799999,34.900002,1688900,34.451891
2016-01-06,36.419998,36.57,35.799999,35.93,2521400,35.468664
2016-01-05,37.00,37.34,36.779999,36.939999,1305500,36.465694
2016-01-04,36.599998,36.889999,36.27,36.799999,2050100,36.327493
2015-12-31,37.00,37.439999,36.880001,37.169998,1155500,36.692741
2015-12-30,37.18,37.48,37.150002,37.310001,703100,36.830946
2015-12-29,37.09,37.450001,37.060001,37.259998,660000,36.781585
2015-12-28,36.880001,36.990002,36.66,36.970001,642100,36.495312
2015-12-24,36.810001,37.09,36.799999,36.98,472000,36.505182
2015-12-23,36.34,36.98,36.150002,36.880001,1544400,36.406467
2015-12-22,35.599998,36.369999,35.560001,36.259998,1716500,35.794425
2015-12-21,35.34,35.709999,35.130001,35.549999,1995100,35.093542
2015-12-18,35.279999,35.709999,34.950001,35.259998,9592500,34.807265
2015-12-17,36.459999,36.470001,35.509998,35.52,1440100,35.063929
2015-12-16,35.759998,36.509998,35.400002,36.439999,1346900,35.972114
2015-12-15,35.299999,35.869999,34.900002,35.509998,2153100,35.054055
2015-12-14,35.43,35.470001,34.299999,34.799999,2259800,34.353172
2015-12-11,36.25,36.50,35.220001,35.450001,2031200,34.994828
2015-12-10,37.360001,37.599998,37.029999,37.119999,1035800,36.13993
2015-12-09,37.389999,37.950001,37.18,37.369999,946800,36.38333
2015-12-08,37.490002,38.09,37.400002,37.639999,982000,36.646201
2015-12-07,37.73,38.09,37.130001,37.810001,1170300,36.811715
2015-12-04,37.200001,38.099998,37.200001,37.639999,1882000,36.646201
2015-12-03,37.720001,37.959999,36.779999,37.169998,1874100,36.188609
2015-12-02,38.02,38.200001,37.299999,37.48,1502400,36.490426
2015-12-01,37.990002,38.209999,37.509998,37.869999,868700,36.870128
2015-11-30,37.869999,37.98,37.400002,37.849998,1464400,36.850656
2015-11-27,38.099998,38.310001,37.459999,37.48,624100,36.490426
2015-11-25,38.25,38.25,37.84,37.939999,924100,36.93828
2015-11-24,37.049999,38.290001,37.029999,38.27,1324900,37.259569
2015-11-23,37.259998,37.75,37.080002,37.310001,914700,36.324916
2015-11-20,37.200001,37.669998,37.139999,37.41,1105400,36.422274
2015-11-19,37.169998,37.169998,36.610001,37.00,1049300,36.0231
2015-11-18,35.689999,37.07,35.610001,37.009998,1460600,36.032834
2015-11-17,35.310001,36.490002,35.310001,35.68,1122900,34.737952
2015-11-16,35.310001,35.959999,35.299999,35.939999,815900,34.991085
2015-11-13,36.07,36.279999,35.279999,35.389999,1367800,34.455607
2015-11-12,37.450001,37.50,36.240002,36.279999,1322700,35.322108
2015-11-11,38.299999,38.48,37.48,37.630001,1167900,36.636467
2015-11-10,37.290001,38.23,37.25,38.09,1793500,37.084321
2015-11-09,37.380001,37.540001,37.060001,37.310001,1496300,36.324916
2015-11-06,37.080002,37.509998,36.939999,37.439999,1400600,36.451481
2015-11-05,36.619999,37.330002,36.610001,37.200001,1343500,36.21782
2015-11-04,36.139999,36.66,35.849998,36.619999,1714200,35.653132
2015-11-03,35.880001,36.099998,35.720001,35.93,1034700,34.981351
2015-11-02,35.52,36.09,35.369999,35.93,1092500,34.981351
2015-10-30,35.360001,35.790001,35.349998,35.470001,981700,34.533497
2015-10-29,35.220001,35.639999,34.849998,35.400002,1017500,34.465345
2015-10-28,33.900002,35.189999,33.900002,35.130001,1429600,34.202474
2015-10-27,35.139999,35.240002,34.68,34.790001,1054900,33.871451
2015-10-26,35.439999,35.66,35.150002,35.240002,1014000,34.30957
2015-10-23,35.330002,35.50,35.009998,35.400002,1027900,34.465345
2015-10-22,34.380001,35.23,34.25,35.060001,1160500,34.134322
2015-10-21,33.900002,34.220001,33.630001,34.099998,1853800,33.199666
2015-10-20,33.75,34.25,33.610001,33.720001,974700,32.829702
2015-10-19,34.34,34.560001,33.939999,34.029999,1809400,33.131515
2015-10-16,32.060001,34.259998,32.040001,34.09,3792400,33.189932
2015-10-15,33.549999,33.959999,31.32,32.279999,9460000,31.427719
2015-10-14,36.759998,37.169998,36.580002,36.959999,640100,35.984155
2015-10-13,36.849998,37.330002,36.709999,36.82,689600,35.847852
2015-10-12,37.110001,37.23,36.810001,36.950001,575000,35.974421
2015-10-09,37.07,37.279999,36.91,37.07,884800,36.091251
2015-10-08,36.720001,37.18,36.610001,36.98,981700,36.003627
2015-10-07,36.59,37.07,36.540001,36.900002,669200,35.925741
2015-10-06,36.610001,36.75,36.32,36.509998,935200,35.546035
2015-10-05,35.950001,36.779999,35.900002,36.639999,1167200,35.672604
2015-10-02,34.990002,35.869999,34.900002,35.849998,797400,34.903461
2015-10-01,35.950001,35.970001,35.130001,35.380001,979000,34.445873
2015-09-30,35.48,35.959999,35.310001,35.880001,1313700,34.932672
2015-09-29,35.18,35.43,35.009998,35.189999,858700,34.260887
2015-09-28,35.189999,35.459999,35.040001,35.209999,1306700,34.28036
2015-09-25,35.669998,36.099998,35.34,35.450001,1023800,34.514025
2015-09-24,35.470001,35.77,35.009998,35.630001,1057100,34.689272
2015-09-23,35.990002,36.07,35.560001,35.619999,1009600,34.679534
2015-09-22,36.049999,36.240002,35.669998,35.900002,1068600,34.952144
2015-09-21,36.419998,36.889999,36.18,36.540001,877400,35.575246
2015-09-18,36.150002,36.759998,35.93,36.23,1829900,35.273429
2015-09-17,36.799999,37.16,36.459999,36.57,1019100,35.604453
2015-09-16,36.150002,36.759998,36.07,36.709999,1063500,35.740756
2015-09-15,35.990002,36.32,35.900002,36.139999,1082900,35.185805
2015-09-14,35.700001,36.099998,35.650002,35.810001,862300,34.86452
2015-09-11,35.610001,36.110001,35.549999,35.889999,1515600,34.942406
2015-09-10,36.639999,37.02,36.200001,36.360001,1982900,34.903465
2015-09-09,37.82,37.950001,36.57,36.68,1268900,35.210646
2015-09-08,37.139999,37.740002,36.959999,37.669998,1035900,36.160986
2015-09-04,36.75,36.98,36.459999,36.50,1344900,35.037856
2015-09-03,37.27,37.549999,37.130001,37.259998,1004900,35.76741
2015-09-02,37.25,37.400002,36.889999,37.220001,1388500,35.729015
2015-09-01,37.00,37.34,36.630001,36.810001,1468500,35.335439
2015-08-31,37.84,37.990002,37.57,37.610001,1066700,36.103392
2015-08-28,37.759998,38.220001,37.540001,37.990002,1339100,36.46817
2015-08-27,38.380001,38.389999,37.450001,38.16,1839000,36.631359
2015-08-26,37.66,37.860001,36.91,37.720001,1689700,36.208986
2015-08-25,38.310001,38.419998,36.700001,36.700001,1998700,35.229845
2015-08-24,36.259998,37.07,35.349998,37.009998,4540200,35.527425
2015-08-21,38.650002,39.150002,38.240002,38.259998,2199000,36.727351
2015-08-20,39.529999,39.990002,38.990002,39.00,1029300,37.437709
2015-08-19,40.18,40.259998,39.529999,39.860001,1039400,38.26326
2015-08-18,40.50,40.799999,40.040001,40.290001,752000,38.676035
2015-08-17,39.869999,40.470001,39.630001,40.419998,679900,38.800824
2015-08-14,39.740002,40.049999,39.740002,39.900002,650300,38.301658
2015-08-13,40.240002,40.549999,39.889999,39.950001,857300,38.349654
2015-08-12,39.810001,40.50,39.470001,40.34,1244100,38.724031
2015-08-11,40.669998,40.77,40.040001,40.240002,1282700,38.628038
2015-08-10,40.900002,41.130001,40.59,41.080002,1198900,39.434389
2015-08-07,40.639999,40.810001,40.34,40.619999,922800,38.992813
2015-08-06,41.59,41.66,40.66,40.709999,1525200,39.079208
2015-08-05,41.259998,41.669998,41.02,41.43,1355800,39.770367
2015-08-04,41.700001,41.779999,40.869999,41.009998,2188000,39.36719
2015-08-03,41.98,42.720001,41.259998,41.450001,2048300,39.789566
2015-07-31,42.299999,42.299999,41.869999,41.91,1319500,40.231138
2015-07-30,41.880001,42.27,41.860001,42.189999,1701900,40.499921
2015-07-29,42.57,43.889999,42.290001,42.689999,1815000,40.979891
2015-07-28,42.099998,43.029999,42.099998,42.790001,1630500,41.075888
2015-07-27,42.389999,42.509998,41.959999,42.110001,2336200,40.423127
2015-07-24,43.080002,43.09,42.310001,42.48,805000,40.778305
2015-07-23,42.900002,43.099998,42.610001,42.919998,981200,41.200677
2015-07-22,42.630001,42.959999,42.50,42.830002,1084100,41.114286
2015-07-21,42.549999,42.82,42.279999,42.669998,1333400,40.960692
2015-07-20,42.880001,43.009998,42.310001,42.509998,1116700,40.807102
2015-07-17,42.939999,43.43,42.669998,42.889999,2203000,41.17188
2015-07-16,41.23,43.200001,41.200001,43.099998,10776500,41.373467
2015-07-15,46.50,46.57,45.91,46.400002,1212100,44.541276
2015-07-14,46.580002,46.720001,45.950001,46.400002,1459800,44.541276
2015-07-13,45.290001,46.68,45.060001,46.369999,2921700,44.512476
2015-07-10,44.02,44.240002,43.700001,44.169998,716400,42.400604
2015-07-09,43.939999,44.060001,43.50,43.560001,1290500,41.815043
2015-07-08,43.310001,43.630001,43.209999,43.380001,1339200,41.642253
2015-07-07,43.50,43.700001,42.700001,43.669998,1326800,41.920633
2015-07-06,43.549999,43.880001,43.16,43.299999,1778200,41.565456
2015-07-02,44.25,44.360001,43.950001,44.09,691300,42.323811
2015-07-01,44.290001,44.299999,43.580002,44.009998,1192500,42.247014
2015-06-30,44.389999,44.389999,43.66,43.93,1333500,42.17022
2015-06-29,44.389999,45.27,43.950001,43.98,1354300,42.218217
2015-06-26,45.700001,45.98,45.48,45.57,1085300,43.744523
2015-06-25,46.23,46.27,45.68,45.73,601100,43.898114
2015-06-24,47.07,47.16,45.700001,46.049999,1753300,44.205295
2015-06-23,47.009998,47.27,46.880001,47.240002,925100,45.347627
2015-06-22,47.02,47.110001,46.720001,47.02,914700,45.136439
2015-06-19,46.75,47.169998,46.59,46.849998,2452700,44.973247
2015-06-18,45.41,46.619999,45.040001,46.560001,1992700,44.694867
2015-06-17,45.32,45.639999,44.939999,45.220001,1523700,43.408545
2015-06-16,44.310001,45.279999,44.209999,45.259998,1182800,43.44694
2015-06-15,44.50,44.66,44.029999,44.209999,1165800,42.439003
2015-06-12,45.369999,45.549999,44.720001,44.790001,1207300,42.99577
2015-06-11,46.52,46.810001,45.93,46.029999,844800,43.696524
2015-06-10,46.18,46.59,45.880001,46.43,1420800,44.076248
2015-06-09,45.439999,45.82,45.27,45.720001,1200700,43.402242
2015-06-08,45.57,45.720001,45.439999,45.470001,1295700,43.164916
2015-06-05,45.360001,45.669998,44.84,45.619999,1267600,43.307309
2015-06-04,46.130001,46.130001,45.209999,45.50,1047700,43.193394
2015-06-03,45.959999,46.380001,45.709999,46.040001,1552400,43.706019
2015-06-02,45.299999,45.93,45.139999,45.580002,533400,43.26934
2015-06-01,45.59,45.77,45.009998,45.470001,823600,43.164916
2015-05-29,46.369999,46.419998,45.459999,45.48,1807300,43.174407
2015-05-28,45.599998,46.27,45.529999,46.220001,1393000,43.876895
2015-05-27,45.200001,45.650002,45.09,45.459999,847400,43.155421
2015-05-26,45.889999,45.919998,45.040001,45.169998,914200,42.880121
2015-05-22,45.919998,46.009998,45.720001,45.950001,676300,43.620582
2015-05-21,45.919998,46.32,45.689999,45.939999,852600,43.611087
2015-05-20,46.060001,46.41,45.939999,46.049999,762700,43.715511
2015-05-19,46.34,46.459999,45.709999,46.060001,1021400,43.725006
2015-05-18,46.080002,46.220001,45.740002,46.119999,803300,43.781962
2015-05-15,46.349998,46.459999,45.91,46.200001,691100,43.857908
2015-05-14,46.380001,46.509998,45.990002,46.169998,1165200,43.829427
2015-05-13,45.959999,46.299999,45.75,46.119999,1320900,43.781962
2015-05-12,46.57,46.650002,45.900002,45.939999,878300,43.611087
2015-05-11,45.889999,46.759998,45.759998,46.720001,1703000,44.351547
2015-05-08,45.77,46.110001,45.650002,45.939999,827000,43.611087
2015-05-07,45.299999,45.619999,45.169998,45.41,799200,43.107956
2015-05-06,45.349998,45.52,44.959999,45.299999,1103500,43.003532
2015-05-05,45.549999,45.830002,45.200001,45.290001,1314000,42.99404
2015-05-04,45.790001,46.00,45.549999,45.700001,1144200,43.383255
2015-05-01,45.32,45.959999,45.25,45.860001,912800,43.535144
2015-04-30,45.77,46.139999,44.959999,45.189999,2518300,42.899108
2015-04-29,45.52,46.889999,44.810001,45.540001,4021300,43.231367
2015-04-28,46.450001,47.700001,46.400002,47.490002,2314600,45.082513
2015-04-27,46.34,46.650002,46.139999,46.43,1517900,44.076248
2015-04-24,47.150002,47.150002,46.080002,46.189999,2001000,43.848413
2015-04-23,46.790001,47.43,46.650002,47.139999,1151600,44.750254
2015-04-22,47.50,47.50,46.740002,46.950001,844500,44.569887
2015-04-21,47.77,47.970001,47.50,47.57,917400,45.158455
2015-04-20,46.939999,47.630001,46.939999,47.57,747200,45.158455
2015-04-17,47.23,47.34,46.41,46.669998,949200,44.304079
2015-04-16,47.48,47.709999,47.209999,47.610001,816400,45.196429
2015-04-15,47.02,47.869999,46.889999,47.630001,1165200,45.215415
2015-04-14,46.700001,47.029999,46.52,46.860001,1185600,44.48445
2015-04-13,46.540001,47.07,46.490002,46.799999,1633800,44.42749
2015-04-10,46.450001,46.880001,46.150002,46.66,1202700,44.294588
2015-04-09,46.459999,46.630001,46.00,46.59,1109200,44.228137
2015-04-08,46.049999,46.57,45.84,46.330002,1596800,43.981319
2015-04-07,46.639999,46.82,45.880001,45.880001,1278500,43.554131
2015-04-06,44.650002,46.790001,44.57,46.709999,2237100,44.342052
2015-04-02,46.00,46.790001,45.919998,46.490002,1776500,44.133208
2015-04-01,47.34,47.419998,46.619999,47.07,1172600,44.683803
2015-03-31,47.880001,48.290001,47.459999,47.52,1724500,45.110991
2015-03-30,47.790001,48.310001,47.669998,48.130001,650700,45.690068
2015-03-27,47.27,47.779999,47.099998,47.66,884500,45.243893
2015-03-26,47.869999,47.869999,46.779999,47.470001,1249200,45.063526
2015-03-25,49.209999,49.389999,48.00,48.02,1568400,45.585644
2015-03-24,49.259998,49.68,49.009998,49.07,1202900,46.582414
2015-03-23,49.529999,49.82,49.220001,49.400002,947500,46.895686
2015-03-20,48.32,49.599998,48.150002,49.490002,3375400,46.981124
2015-03-19,48.700001,48.799999,47.849998,48.139999,1502000,45.699559
2015-03-18,48.419998,48.970001,47.709999,48.720001,1632200,46.250158
2015-03-17,48.330002,48.66,48.07,48.48,939200,46.022323
2015-03-16,47.52,48.759998,47.290001,48.740002,1346200,46.269145
2015-03-13,48.48,48.790001,47.939999,48.00,1326200,45.566657
2015-03-12,48.18,49.34,47.98,48.669998,2386600,46.20269
2015-03-11,49.599998,49.880001,49.459999,49.52,1363900,47.009602
2015-03-10,49.00,49.82,48.799999,49.50,1551700,46.990615
2015-03-09,49.630001,49.91,49.310001,49.400002,1409000,46.895686
2015-03-06,50.450001,50.610001,49.50,49.639999,1247800,47.123517
2015-03-05,49.50,50.790001,49.349998,50.709999,4103800,48.139274
2015-03-04,49.48,49.59,48.959999,49.32,1346700,46.81974
2015-03-03,50.18,50.349998,49.68,49.700001,1566900,47.180477
2015-03-02,49.580002,50.68,49.580002,50.450001,1707800,47.892456
2015-02-27,49.490002,49.830002,49.41,49.630001,1305400,47.114026
2015-02-26,49.389999,49.82,49.169998,49.43,1050500,46.924164
2015-02-25,49.32,49.849998,49.150002,49.450001,1638000,46.943151
2015-02-24,49.400002,49.790001,48.93,49.599998,2045700,47.085544
2015-02-23,49.400002,49.639999,48.59,49.400002,3746700,46.895686
2015-02-20,50.52,50.77,49.259998,49.419998,3827700,46.914669
2015-02-19,51.540001,51.700001,50.00,50.720001,4756000,48.148769
2015-02-18,53.509998,54.00,50.450001,50.709999,7325000,48.139274
2015-02-17,55.639999,56.880001,55.610001,56.810001,1713400,53.930039
2015-02-13,56.00,57.16,55.540001,55.93,1653300,53.094649
2015-02-12,54.669998,56.259998,54.43,55.91,1836000,53.075662
2015-02-11,53.84,54.849998,53.84,54.310001,1330500,51.556775
2015-02-10,54.200001,54.400002,53.50,54.110001,1209300,51.366913
2015-02-09,53.16,54.049999,53.16,53.810001,811100,51.082122
2015-02-06,53.48,53.869999,53.16,53.419998,658400,50.71189
2015-02-05,53.23,53.59,52.970001,53.439999,669800,50.730877
2015-02-04,53.470001,53.889999,53.009998,53.23,919300,50.531524
2015-02-03,52.790001,53.77,52.740002,53.650002,755000,50.930234
2015-02-02,52.720001,52.849998,51.360001,52.599998,1069300,49.93346
2015-01-30,52.200001,53.09,51.84,52.360001,1085200,49.705629
2015-01-29,52.00,52.549999,51.48,52.50,822000,49.838531
2015-01-28,52.98,53.360001,51.91,52.00,1096500,49.363878
2015-01-27,53.720001,53.720001,52.48,52.860001,1368300,50.180282
2015-01-26,54.099998,54.66,53.740002,54.299999,1193300,51.54728
2015-01-23,53.060001,53.25,52.75,53.009998,650100,50.322675
2015-01-22,52.75,53.419998,52.02,53.139999,722400,50.446086
2015-01-21,52.43,52.98,52.240002,52.599998,878100,49.93346
2015-01-20,53.060001,53.099998,51.860001,52.619999,1217800,49.952447
2015-01-16,50.900002,53.009998,50.849998,52.830002,1731900,50.151804
2015-01-15,52.029999,52.369999,50.509998,50.82,1247400,48.243698
2015-01-14,51.209999,51.98,50.98,51.799999,1846400,49.174017
2015-01-13,51.740002,52.599998,51.060001,51.540001,1244500,48.927199
2015-01-12,51.349998,51.759998,50.259998,51.450001,1705000,48.841761
2015-01-09,51.610001,51.889999,51.23,51.439999,1877300,48.832266
2015-01-08,51.66,51.869999,50.959999,51.450001,2235700,48.841761
2015-01-07,51.360001,51.98,51.34,51.450001,1750100,48.841761
2015-01-06,51.049999,51.25,50.080002,50.509998,2078400,47.949412
2015-01-05,52.240002,52.41,51.080002,51.130001,1611300,48.537984
2015-01-02,52.98,53.139999,52.32,52.580002,785200,49.914477
2014-12-31,53.419998,53.84,52.77,52.830002,638500,50.151804
2014-12-30,53.709999,53.869999,53.130001,53.169998,791000,50.474564
2014-12-29,53.82,54.330002,53.630001,53.759998,690900,51.034654
2014-12-26,54.209999,54.450001,53.779999,53.810001,531100,51.082122
2014-12-24,53.700001,54.310001,53.389999,53.860001,684900,51.129587
2014-12-23,53.57,53.57,52.599998,53.360001,1500700,50.654934
2014-12-22,52.650002,53.66,52.57,53.139999,1762600,50.446086
2014-12-19,54.00,54.220001,52.959999,53.299999,2687000,50.597975
2014-12-18,53.950001,54.369999,53.700001,54.369999,1597500,51.613731
2014-12-17,52.290001,53.450001,51.990002,53.380001,1521400,50.673921
2014-12-16,52.18,53.540001,52.02,52.240002,1196400,49.591713
2014-12-15,52.48,52.849998,52.02,52.27,1019200,49.620191
2014-12-12,52.740002,53.169998,52.18,52.380001,1544300,49.724616
2014-12-11,54.919998,54.939999,52.990002,53.279999,2318100,50.578988
2014-12-10,55.779999,56.009998,54.48,54.939999,1444900,51.699167
2014-12-09,55.23,56.16,55.049999,56.049999,897100,52.74369
2014-12-08,55.869999,56.470001,55.349998,55.610001,765700,52.329646
2014-12-05,56.34,56.48,55.790001,55.950001,652300,52.64959
2014-12-04,56.740002,57.00,56.049999,56.209999,666600,52.894252
2014-12-03,56.549999,56.950001,55.93,56.860001,801800,53.50591
2014-12-02,56.369999,56.650002,55.619999,56.400002,1218000,53.073046
2014-12-01,57.220001,57.259998,55.950001,56.240002,1310600,52.922484
2014-11-28,57.380001,57.490002,56.82,57.299999,639000,53.919954
2014-11-26,56.919998,57.32,56.66,57.07,1228200,53.703522
2014-11-25,59.200001,59.200001,56.709999,56.939999,4247900,53.581189
2014-11-24,58.700001,59.959999,58.509998,59.630001,1695100,56.112513
2014-11-21,59.509998,59.509998,58.619999,58.93,2134000,55.453804
2014-11-20,58.98,60.189999,58.599998,58.740002,2847800,55.275013
2014-11-19,56.66,59.27,56.540001,59.189999,5073600,55.698465
2014-11-18,56.080002,56.82,55.630001,56.639999,1155600,53.298887
2014-11-17,55.43,56.139999,55.310001,55.810001,995200,52.517849
2014-11-14,56.110001,56.529999,55.869999,55.950001,920300,52.64959
2014-11-13,56.09,56.470001,55.740002,55.93,1019400,52.63077
2014-11-12,55.73,56.150002,55.490002,56.060001,1336000,52.753102
2014-11-11,55.73,56.040001,55.509998,55.810001,799100,52.517849
2014-11-10,54.790001,55.75,54.700001,55.580002,1252100,52.301417
2014-11-07,55.139999,55.16,54.150002,54.700001,1467600,51.473326
2014-11-06,55.59,55.959999,54.900002,54.939999,2286200,51.699167
2014-11-05,56.049999,56.189999,55.540001,55.599998,998000,52.320234
2014-11-04,55.619999,56.009998,55.290001,55.84,831800,52.546078
2014-11-03,55.48,56.150002,55.009998,55.700001,1118200,52.414337
2014-10-31,54.869999,55.50,54.369999,55.48,1525200,52.207314
2014-10-30,55.00,55.00,53.84,54.139999,2051300,50.946358
2014-10-29,54.900002,55.509998,53.310001,53.959999,4001300,50.776976
2014-10-28,56.849998,57.360001,56.59,57.200001,2847600,53.825854
2014-10-27,56.099998,56.75,55.380001,56.610001,3295100,53.270658
2014-10-24,54.299999,55.360001,53.830002,55.259998,1594500,52.00029
2014-10-23,54.110001,54.540001,54.009998,54.23,855100,51.031049
2014-10-22,53.93,55.029999,53.57,53.599998,1573300,50.438211
2014-10-21,52.990002,53.91,52.880001,53.849998,1532200,50.673464
2014-10-20,52.259998,52.84,52.119999,52.82,716500,49.704223
2014-10-17,52.91,53.099998,51.990002,52.240002,1722800,49.158439
2014-10-16,51.220001,53.369999,51.220001,52.610001,1573300,49.506612
2014-10-15,50.09,52.119999,49.860001,51.860001,2252700,48.800853
2014-10-14,49.73,51.150002,49.369999,50.779999,1937900,47.784559
2014-10-13,49.639999,50.369999,49.099998,49.349998,1614000,46.438913
2014-10-10,49.57,50.939999,49.439999,49.77,1618600,46.834139
2014-10-09,51.130001,51.130001,49.16,49.720001,1608300,46.787089
2014-10-08,50.240002,51.299999,49.689999,51.189999,1919400,48.170374
2014-10-07,51.080002,51.099998,49.91,50.060001,1177800,47.107033
2014-10-06,50.57,51.279999,50.360001,51.23,1460900,48.208015
2014-10-03,49.950001,50.639999,49.16,50.450001,1982700,47.474027
2014-10-02,50.91,51.00,48.669998,49.889999,5507000,46.94706
2014-10-01,51.759998,51.939999,50.950001,50.990002,1529400,47.982174
2014-09-30,51.82,52.380001,51.619999,51.990002,1054400,48.923186
2014-09-29,51.450001,51.939999,51.009998,51.869999,1460900,48.810262
2014-09-26,51.07,52.07,50.849998,51.860001,990300,48.800853
2014-09-25,51.169998,51.41,50.50,50.75,952300,47.75633
2014-09-24,50.68,51.27,50.150002,51.240002,1459300,48.217427
2014-09-23,51.349998,52.00,50.709999,50.75,1155800,47.75633
2014-09-22,52.009998,52.060001,51.41,51.529999,1117800,48.490318
2014-09-19,53.400002,53.400002,52.040001,52.099998,2589500,49.026694
2014-09-18,53.169998,53.450001,53.029999,53.060001,864400,49.930068
2014-09-17,53.66,53.82,52.990002,53.07,1188100,49.939476
2014-09-16,53.549999,54.200001,53.380001,53.740002,1161900,50.569956
2014-09-15,53.349998,53.790001,53.200001,53.619999,1538900,50.457032
2014-09-12,52.84,54.02,52.450001,53.529999,2296600,50.372341
2014-09-11,53.50,53.50,52.299999,53.080002,1546500,49.948888
2014-09-10,51.900002,53.939999,51.900002,53.77,4916900,50.1465
2014-09-09,53.310001,53.490002,50.290001,51.709999,5306900,48.22532
2014-09-08,53.009998,54.029999,52.580002,53.560001,1580300,49.950652
2014-09-05,52.360001,53.279999,52.200001,53.27,1577900,49.680194
2014-09-04,53.540001,54.029999,52.389999,52.439999,2259400,48.906125
2014-09-03,53.990002,54.189999,53.400002,53.560001,3158500,49.950652
2014-09-02,54.360001,54.529999,53.509998,53.919998,1690100,50.286389
2014-08-29,54.57,54.810001,53.98,54.330002,1162400,50.668763
2014-08-28,54.389999,54.50,53.200001,54.119999,2618300,50.472912
2014-08-27,56.919998,57.25,54.439999,54.59,2915200,50.911241
2014-08-26,57.630001,57.810001,57.369999,57.459999,479100,53.587833
2014-08-25,57.77,58.130001,57.380001,57.689999,522600,53.802334
2014-08-22,57.380001,57.919998,57.07,57.639999,1012700,53.755704
2014-08-21,57.25,57.50,57.029999,57.400002,499200,53.531879
2014-08-20,56.25,57.849998,56.25,57.07,1272500,53.224116
2014-08-19,55.939999,56.189999,55.889999,56.110001,1036400,52.32881
2014-08-18,56.389999,56.810001,55.849998,56.00,867800,52.226222
2014-08-15,56.23,57.139999,55.740002,56.07,1239200,52.291505
2014-08-14,55.700001,56.209999,55.540001,55.75,506300,51.993069
2014-08-13,55.450001,55.849998,55.25,55.66,705600,51.909134
2014-08-12,55.470001,55.830002,54.970001,55.34,903300,51.610699
2014-08-11,55.779999,55.959999,55.400002,55.77,636000,52.011722
2014-08-08,55.09,55.669998,55.040001,55.59,684000,51.843852
2014-08-07,55.330002,55.73,54.830002,55.040001,1082700,51.330916
2014-08-06,54.380001,55.139999,54.060001,55.00,839700,51.293611
2014-08-05,54.700001,55.040001,54.27,54.52,1176100,50.845958
2014-08-04,54.57,55.200001,54.450001,55.080002,1325400,51.368222
2014-08-01,54.990002,55.599998,53.880001,54.52,1409200,50.845958
2014-07-31,54.23,56.299999,54.00,55.02,2930600,51.312264
2014-07-30,61.599998,61.75,53.779999,54.41,9633000,50.74337
2014-07-29,57.23,57.810001,56.880001,57.580002,2074600,53.699749
2014-07-28,57.040001,57.869999,56.98,57.52,861600,53.643791
2014-07-25,57.889999,58.169998,57.009998,57.099998,761100,53.252093
2014-07-24,57.32,58.009998,57.32,57.900002,976800,53.998185
2014-07-23,56.599998,57.310001,56.490002,57.25,798500,53.391986
2014-07-22,56.610001,57.220001,56.610001,56.970001,930200,53.130856
2014-07-21,56.450001,56.599998,55.959999,56.349998,812500,52.552635
2014-07-18,56.439999,56.939999,56.060001,56.610001,1040300,52.795115
2014-07-17,56.380001,56.939999,55.93,56.139999,1080200,52.356787
2014-07-16,57.889999,57.889999,56.380001,56.689999,1599600,52.869722
2014-07-15,58.00,58.25,57.380001,57.41,1074200,53.541204
2014-07-14,57.849998,58.509998,57.630001,58.150002,1054000,54.231337
2014-07-11,57.540001,57.57,56.869999,57.509998,1161200,53.634463
2014-07-10,57.720001,57.860001,56.779999,57.349998,1807000,53.485246
2014-07-09,59.720001,59.720001,56.689999,57.860001,5213700,53.960879
2014-07-08,61.139999,61.27,59.799999,60.630001,1838800,56.544212
2014-07-07,61.73,61.75,61.169998,61.25,954800,57.12243
2014-07-03,61.150002,62.049999,60.889999,61.689999,847600,57.532778
2014-07-02,61.00,61.619999,60.73,61.200001,828300,57.075801
2014-07-01,60.75,61.34,60.470001,61.040001,794600,56.926583
2014-06-30,60.360001,61.060001,60.220001,60.900002,941700,56.796018
2014-06-27,59.099998,60.709999,59.09,60.59,1806100,56.506907
2014-06-26,60.029999,60.189999,59.16,59.23,1034500,55.238555
2014-06-25,59.860001,60.07,59.240002,59.950001,1440600,55.910037
2014-06-24,59.91,61.060001,59.580002,59.91,1464100,55.872731
2014-06-23,59.900002,60.73,59.900002,60.080002,883800,56.031277
2014-06-20,61.169998,61.330002,59.98,60.049999,2737300,56.003296
2014-06-19,61.259998,61.299999,60.169998,61.119999,1180500,57.00119
2014-06-18,59.560001,61.25,59.52,61.240002,1259700,57.113106
2014-06-17,59.779999,60.540001,59.73,60.50,736600,56.422972
2014-06-16,59.119999,59.939999,59.07,59.779999,606500,55.751491
2014-06-13,59.66,59.700001,58.669998,59.27,905300,55.275861
2014-06-12,60.580002,60.82,59.939999,60.099998,730200,55.602275
2014-06-11,60.580002,60.889999,60.32,60.790001,661500,56.24064
2014-06-10,60.48,60.939999,60.299999,60.830002,703600,56.277647
2014-06-09,59.759998,60.950001,59.73,60.779999,1226200,56.231386
2014-06-06,59.27,60.299999,59.00,59.91,1133100,55.426496
2014-06-05,58.32,58.970001,58.060001,58.869999,568100,54.464326
2014-06-04,57.950001,58.330002,57.66,58.310001,833300,53.946237
2014-06-03,58.369999,58.419998,57.529999,58.040001,1257400,53.696442
2014-06-02,58.939999,59.16,58.279999,58.740002,1380000,54.344057
2014-05-30,58.970001,59.150002,58.360001,58.91,1435800,54.501333
2014-05-29,58.470001,58.93,58.189999,58.84,1130900,54.436572
2014-05-28,57.919998,58.580002,57.700001,58.189999,1241100,53.835215
2014-05-27,57.77,58.150002,57.41,57.98,1512800,53.640931
2014-05-23,56.00,57.419998,55.799999,57.389999,1241600,53.095085
2014-05-22,55.360001,56.00,55.240002,55.830002,1073400,51.651834
2014-05-21,55.240002,55.57,54.810001,55.380001,1033800,51.23551
2014-05-20,55.369999,55.639999,54.939999,55.080002,991600,50.957962
2014-05-19,54.700001,56.00,54.669998,55.470001,1119200,51.318775
2014-05-16,55.169998,55.560001,54.669998,55.07,1208900,50.948708
2014-05-15,55.889999,56.00,54.790001,55.009998,1461600,50.893197
2014-05-14,55.77,56.450001,55.669998,55.950001,1882100,51.762852
2014-05-13,56.50,56.880001,55.619999,55.830002,1761600,51.651834
2014-05-12,56.130001,57.16,55.93,56.369999,1404100,52.151419
2014-05-09,55.880001,56.16,55.330002,55.830002,1294600,51.651834
2014-05-08,56.43,56.799999,55.630001,55.880001,1871300,51.698091
2014-05-07,58.040001,58.470001,56.41,56.50,2333900,52.271691
2014-05-06,57.50,58.73,57.459999,58.360001,2565900,53.992494
2014-05-05,57.18,57.990002,56.599998,57.48,1221300,53.17835
2014-05-02,56.849998,58.689999,56.759998,57.529999,1682800,53.224607
2014-05-01,57.07,57.419998,56.380001,56.82,1407700,52.567743
2014-04-30,58.740002,59.57,56.759998,57.099998,4274700,52.826787
2014-04-29,54.939999,55.599998,54.82,55.09,1880900,50.967212
2014-04-28,54.759998,55.150002,53.849998,54.709999,889400,50.615649
2014-04-25,55.32,55.43,53.860001,54.240002,898900,50.180825
2014-04-24,56.189999,56.32,55.439999,55.490002,782500,51.337278
2014-04-23,56.360001,56.48,55.849998,56.110001,858900,51.910878
2014-04-22,56.889999,56.900002,55.77,56.209999,1269800,52.003393
2014-04-21,56.279999,56.900002,55.98,56.509998,997200,52.280941
2014-04-17,55.75,56.470001,55.540001,56.169998,1031400,51.966386
2014-04-16,55.830002,56.02,54.759998,55.82,771200,51.64258
2014-04-15,55.330002,56.150002,54.57,55.43,1248400,51.281767
2014-04-14,55.450001,55.860001,54.619999,55.110001,1033600,50.985715
2014-04-11,55.00,55.939999,54.59,54.860001,1049800,50.754425
2014-04-10,57.009998,57.18,55.220001,55.23,1264400,51.096734
2014-04-09,56.75,57.299999,56.360001,57.110001,1086100,52.836041
2014-04-08,55.560001,56.830002,55.560001,56.779999,1125500,52.530735
2014-04-07,55.580002,56.139999,55.139999,55.650002,1993600,51.485304
2014-04-04,57.59,57.75,55.68,55.709999,1442200,51.540812
2014-04-03,56.889999,57.540001,56.419998,57.349998,1915400,53.058078
2014-04-02,55.990002,56.900002,55.549999,56.900002,1506700,52.641758
2014-04-01,55.599998,55.75,55.16,55.650002,1632500,51.485304
2014-03-31,55.939999,56.50,55.25,55.259998,1435500,51.124488
2014-03-28,56.049999,56.32,55.279999,55.57,1428000,51.411289
2014-03-27,55.41,58.209999,55.279999,56.02,2940300,51.827613
2014-03-26,56.50,56.790001,55.110001,55.360001,1589600,51.217006
2014-03-25,55.25,55.639999,54.290001,54.459999,800700,50.384358
2014-03-24,55.169998,55.610001,54.68,54.950001,1228900,50.83769
2014-03-21,55.080002,55.689999,54.84,55.099998,2024600,50.976462
2014-03-20,54.150002,54.830002,53.759998,54.639999,917400,50.550888
2014-03-19,54.029999,54.66,53.77,54.459999,1141400,50.384358
2014-03-18,53.380001,54.57,53.150002,54.34,1047500,50.27334
2014-03-17,52.43,53.849998,52.209999,53.369999,977700,49.375931
2014-03-14,52.400002,53.009998,52.029999,52.189999,734000,48.284239
2014-03-13,53.73,53.860001,52.09,52.490002,974800,48.56179
2014-03-12,53.290001,54.119999,53.009998,54.07,1106900,49.607221
2014-03-11,53.099998,53.82,53.040001,53.41,1523400,49.001696
2014-03-10,53.59,53.689999,52.830002,53.119999,855200,48.735631
2014-03-07,54.349998,54.490002,53.470001,53.610001,888300,49.185189
2014-03-06,54.560001,54.700001,53.779999,53.93,862100,49.478777
2014-03-05,54.84,55.029999,54.439999,54.50,1209000,50.001731
2014-03-04,54.209999,55.00,53.919998,54.98,2246500,50.442112
2014-03-03,52.509998,53.849998,52.50,53.599998,1382500,49.176012
2014-02-28,53.439999,54.060001,52.959999,53.66,1379900,49.231061
2014-02-27,51.970001,53.889999,51.849998,53.549999,2885500,49.13014
2014-02-26,51.91,52.43,51.900002,52.150002,1167000,47.845694
2014-02-25,51.740002,52.549999,51.700001,51.990002,1322300,47.6989
2014-02-24,51.939999,52.799999,51.68,51.700001,2022900,47.432835
2014-02-21,52.02,52.330002,51.540001,51.970001,2681900,47.68055
2014-02-20,50.990002,51.959999,50.279999,51.560001,2861200,47.304391
2014-02-19,52.34,52.720001,49.459999,51.68,9413600,47.414485
2014-02-18,45.919998,47.310001,45.330002,47.169998,2114600,43.276725
2014-02-14,46.00,46.200001,45.549999,46.080002,838300,42.276694
2014-02-13,45.799999,46.93,45.799999,46.259998,1274700,42.441834
2014-02-12,45.48,46.220001,45.299999,46.02,1057900,42.221645
2014-02-11,44.41,45.759998,44.290001,45.259998,1345700,41.524371
2014-02-10,45.540001,45.669998,44.50,44.52,1465600,40.845451
2014-02-07,45.360001,45.66,44.869999,45.529999,784300,41.772087
2014-02-06,44.150002,45.50,44.150002,45.130001,802100,41.405104
2014-02-05,43.029999,44.209999,43.029999,44.040001,934900,40.405069
2014-02-04,43.82,44.110001,43.419998,44.099998,956000,40.460114
2014-02-03,45.049999,45.18,43.400002,43.630001,1578200,40.028909
2014-01-31,44.939999,45.75,44.889999,45.049999,898100,41.331705
2014-01-30,45.119999,46.040001,44.84,45.799999,701800,42.019802
2014-01-29,44.919998,45.50,44.75,44.799999,845800,41.102339
2014-01-28,45.41,45.82,45.09,45.650002,644100,41.882185
2014-01-27,45.200001,45.59,44.84,45.27,837000,41.533548
2014-01-24,45.799999,46.049999,45.119999,45.209999,963100,41.478499
2014-01-23,46.25,46.669998,45.869999,46.200001,803800,42.386789
2014-01-22,46.77,47.00,46.09,46.650002,542100,42.799648
2014-01-21,46.810001,47.27,46.34,46.57,733700,42.726249
2014-01-17,46.77,47.16,46.540001,46.66,977900,42.808821
2014-01-16,47.00,47.220001,46.799999,46.950001,617500,43.074886
2014-01-15,46.349998,47.310001,46.349998,47.07,1105900,43.184981
2014-01-14,45.41,46.389999,45.189999,46.310001,979100,42.48771
2014-01-13,46.110001,46.169998,45.080002,45.41,1222200,41.661992
2014-01-10,45.049999,45.259998,44.720001,45.049999,837300,41.331705
2014-01-09,45.650002,45.740002,44.419998,44.869999,1079900,41.166561
2014-01-08,45.68,45.889999,45.080002,45.400002,1741300,41.652819
2014-01-07,46.41,46.639999,45.59,45.68,1008200,41.909708
2014-01-06,46.68,47.380001,46.330002,46.41,1413400,42.579455
2014-01-03,45.830002,46.700001,45.110001,46.580002,2497400,42.735426
2014-01-02,45.75,45.84,44.560001,44.950001,1830300,41.23996
2013-12-31,46.610001,46.849998,46.150002,46.189999,693200,42.377612
2013-12-30,46.669998,46.889999,46.400002,46.66,1299700,42.808821
2013-12-27,46.240002,47.009998,46.16,46.669998,1285800,42.817994
2013-12-26,46.25,46.529999,45.990002,46.099998,508700,42.29504
2013-12-24,46.099998,46.540001,46.00,46.200001,357100,42.386789
2013-12-23,46.279999,46.360001,45.919998,46.139999,987100,42.33174
2013-12-20,45.639999,46.23,45.389999,46.029999,1889800,42.230818
2013-12-19,45.77,45.860001,45.34,45.700001,1066400,41.928057
2013-12-18,46.259998,46.259998,43.669998,45.799999,2017500,42.019802
2013-12-17,46.380001,46.77,46.25,46.57,745600,42.726249
2013-12-16,46.68,46.799999,46.360001,46.509998,927400,42.6712
2013-12-13,47.310001,47.700001,46.389999,46.580002,1497300,42.735426
2013-12-12,47.740002,47.950001,47.060001,47.119999,1539800,43.230853
2013-12-11,48.84,49.130001,48.139999,48.200001,704000,43.808855
2013-12-10,49.00,49.330002,48.799999,48.950001,546700,44.490528
2013-12-09,48.75,49.720001,48.02,49.02,1259600,44.554151
2013-12-06,48.450001,48.880001,48.200001,48.830002,634900,44.381462
2013-12-05,47.080002,47.98,47.080002,47.880001,762000,43.518008
2013-12-04,47.349998,47.759998,46.290001,47.16,1046700,42.863601
2013-12-03,48.099998,48.099998,47.290001,47.799999,1270600,43.445295
2013-12-02,48.59,49.00,48.189999,48.369999,762700,43.963366
2013-11-29,48.759998,49.00,48.400002,48.560001,356100,44.136059
2013-11-27,49.080002,49.259998,48.48,48.740002,657800,44.299661
2013-11-26,47.880001,49.150002,47.73,48.82,1369700,44.372371
2013-11-25,48.25,48.459999,47.830002,48.34,937400,43.9361
2013-11-22,48.099998,48.25,48.00,48.080002,746100,43.699789
2013-11-21,48.080002,48.34,47.869999,48.16,746800,43.772499
2013-11-20,47.990002,48.490002,47.52,47.860001,811600,43.49983
2013-11-19,47.139999,47.82,46.810001,47.700001,1407000,43.354407
2013-11-18,47.709999,47.98,47.099998,47.23,703500,42.927224
2013-11-15,46.27,47.77,46.240002,47.77,2035800,43.418029
2013-11-14,46.00,46.470001,45.849998,46.330002,1877900,42.109218
2013-11-13,45.779999,46.00,45.580002,45.889999,1488900,41.709301
2013-11-12,45.900002,46.119999,45.610001,45.849998,1424400,41.672944
2013-11-11,46.110001,46.200001,45.66,45.900002,1398000,41.718392
2013-11-08,46.59,46.740002,46.099998,46.25,1621300,42.036505
2013-11-07,47.470001,47.77,46.200001,46.349998,1298400,42.127393
2013-11-06,48.080002,48.09,47.389999,47.950001,874400,43.581631
2013-11-05,47.709999,48.099998,47.470001,47.990002,1289500,43.617988
2013-11-04,46.950001,48.02,46.68,47.91,1463600,43.545274
2013-11-01,46.82,47.029999,46.099998,46.610001,1451900,42.363708
2013-10-31,47.869999,47.869999,45.84,46.75,2687100,42.490953
2013-10-30,50.00,50.389999,47.630001,48.27,2542200,43.872478
2013-10-29,48.049999,48.349998,47.799999,48.07,1408800,43.690698
2013-10-28,48.82,48.889999,47.560001,47.799999,1408800,43.445295
2013-10-25,48.939999,49.00,48.57,48.900002,767100,44.445084
2013-10-24,48.77,49.099998,48.650002,48.830002,511100,44.381462
2013-10-23,48.849998,49.119999,48.529999,48.77,772200,44.326927
2013-10-22,49.130001,49.869999,48.950001,49.330002,1336900,44.83591
2013-10-21,48.900002,49.110001,48.860001,49.040001,1124200,44.572329
2013-10-18,48.560001,48.93,48.240002,48.860001,997600,44.408728
2013-10-17,48.490002,48.900002,48.290001,48.540001,882800,44.117881
2013-10-16,47.599998,50.00,47.209999,48.709999,1643400,44.272392
2013-10-15,47.380001,47.66,46.82,47.220001,1047600,42.918136
2013-10-14,47.310001,47.709999,47.040001,47.66,523900,43.31805
2013-10-11,47.299999,47.630001,47.099998,47.610001,967500,43.272606
2013-10-10,46.459999,47.98,46.400002,47.560001,1442500,43.227162
2013-10-09,46.43,46.650002,45.880001,46.060001,992200,41.863815
2013-10-08,46.68,47.029999,46.040001,46.07,1031900,41.872903
2013-10-07,46.91,47.34,46.290001,46.779999,1136100,42.518219
2013-10-04,47.130001,47.560001,46.75,47.130001,1328300,42.836335
2013-10-03,47.200001,47.27,46.220001,47.07,2167000,42.7818
2013-10-02,45.84,47.25,45.25,47.200001,2301700,42.899958
2013-10-01,45.060001,46.330002,45.00,46.310001,1713800,42.09104
2013-09-30,44.77,45.209999,44.52,45.189999,1407000,41.073072
2013-09-27,45.18,45.32,44.830002,45.189999,860900,41.073072
2013-09-26,45.290001,45.610001,44.700001,45.419998,1404500,41.282118
2013-09-25,44.240002,46.34,44.009998,45.169998,2710300,41.054894
2013-09-24,43.630001,44.580002,43.009998,44.040001,1610100,40.027842
2013-09-23,43.619999,43.830002,42.93,43.549999,1352500,39.582481
2013-09-20,45.02,45.02,43.509998,43.610001,4374800,39.637016
2013-09-19,44.73,45.220001,44.450001,44.98,1584300,40.882205
2013-09-18,44.470001,45.330002,44.330002,44.73,1593600,40.65498
2013-09-17,43.25,44.860001,43.189999,44.419998,2453500,40.373221
2013-09-16,43.16,43.290001,42.84,43.119999,953100,39.191655
2013-09-13,42.650002,42.740002,42.189999,42.700001,1304500,38.80992
2013-09-12,42.82,42.82,42.110001,42.400002,1347900,38.537251
2013-09-11,42.709999,43.610001,42.669998,43.23,1876200,38.882631
2013-09-10,42.32,42.77,42.299999,42.650002,1568300,38.360959
2013-09-09,41.98,42.220001,41.799999,42.139999,1667400,37.902245
2013-09-06,42.509998,42.509998,41.459999,41.77,2082000,37.569454
2013-09-05,42.27,42.599998,42.00,42.189999,1392600,37.947216
2013-09-04,41.529999,42.310001,41.34,42.299999,2333600,38.046155
2013-09-03,41.380001,41.82,41.080002,41.459999,1810200,37.290628
2013-08-30,41.23,41.27,40.43,40.77,1767200,36.670018
2013-08-29,39.48,42.41,39.419998,41.23,3937700,37.083758
2013-08-28,39.700001,39.900002,39.389999,39.509998,944400,35.536727
2013-08-27,39.98,40.189999,39.50,39.73,1015000,35.734604
2013-08-26,40.599998,40.82,40.259998,40.419998,1095500,36.355213
2013-08-23,40.740002,40.91,40.41,40.599998,1307000,36.517112
2013-08-22,40.41,40.84,40.41,40.639999,1240200,36.55309
2013-08-21,38.669998,40.939999,38.57,40.279999,2963700,36.229293
2013-08-20,38.240002,38.599998,37.91,38.450001,922200,34.583326
2013-08-19,37.91,38.290001,37.709999,38.07,1178500,34.241539
2013-08-16,38.32,38.349998,37.650002,37.779999,866700,33.980702
2013-08-15,38.560001,38.580002,38.119999,38.279999,758000,34.43042
2013-08-14,38.98,39.07,38.84,38.869999,508500,34.961088
2013-08-13,39.459999,39.68,38.939999,39.029999,828500,35.104997
2013-08-12,38.779999,39.959999,38.740002,39.50,1128000,35.527734
2013-08-09,39.080002,39.380001,38.810001,38.880001,476000,34.970084
2013-08-08,39.360001,39.419998,38.970001,39.009998,494600,35.087008
2013-08-07,39.310001,39.450001,38.75,38.939999,631900,35.024048
2013-08-06,39.599998,39.740002,39.00,39.240002,887100,35.293882
2013-08-05,39.759998,40.189999,39.580002,39.68,894400,35.689632
2013-08-02,39.939999,39.990002,39.619999,39.82,688500,35.815553
2013-08-01,40.119999,40.25,39.549999,39.939999,1475700,35.923484
2013-07-31,38.549999,40.189999,37.900002,40.080002,4536800,36.049408
2013-07-30,37.130001,37.50,36.98,37.259998,1935300,33.512995
2013-07-29,36.709999,37.200001,36.599998,36.860001,1387700,33.153222
2013-07-26,36.939999,36.990002,36.57,36.830002,711600,33.12624
2013-07-25,36.77,37.369999,36.740002,37.209999,962000,33.468024
2013-07-24,37.669998,37.669998,36.84,36.91,1058400,33.198194
2013-07-23,37.57,37.650002,37.400002,37.50,1181100,33.728861
2013-07-22,37.00,37.669998,36.720001,37.560001,1492100,33.782828
2013-07-19,36.580002,36.810001,36.419998,36.700001,647100,33.009313
2013-07-18,36.57,36.84,36.41,36.52,552300,32.847414
2013-07-17,36.490002,36.709999,36.169998,36.349998,672300,32.694508
2013-07-16,36.900002,36.98,36.23,36.43,782500,32.766465
2013-07-15,36.450001,36.98,36.18,36.900002,904300,33.189201
2013-07-12,35.98,36.310001,35.650002,36.310001,1115300,32.658533
2013-07-11,36.169998,36.759998,36.00,36.060001,1661500,32.433674
2013-07-10,35.18,35.82,35.130001,35.779999,1207300,32.18183
2013-07-09,35.360001,35.48,35.139999,35.169998,816500,31.633173
2013-07-08,35.639999,35.669998,34.93,34.959999,723100,31.444292
2013-07-05,35.400002,35.509998,35.060001,35.34,630700,31.786079
2013-07-03,35.009998,35.23,34.720001,35.080002,528400,31.552227
2013-07-02,36.23,36.330002,35.080002,35.200001,1116400,31.660158
2013-07-01,36.18,36.630001,36.130001,36.299999,689600,32.649537
2013-06-28,36.009998,36.799999,36.00,36.169998,2137400,32.532609
2013-06-27,35.700001,36.27,35.700001,36.209999,790300,32.568587
2013-06-26,35.240002,35.580002,34.849998,35.459999,1031200,31.89401
2013-06-25,34.93,35.09,34.369999,34.950001,724700,31.435299
2013-06-24,34.52,34.93,34.18,34.560001,931500,31.08452
2013-06-21,34.41,34.869999,34.25,34.689999,1524800,31.201444
2013-06-20,34.57,35.139999,34.110001,34.240002,1117200,30.7967
2013-06-19,35.82,36.00,34.869999,34.959999,1006800,31.444292
2013-06-18,35.060001,36.25,35.060001,35.759998,1494100,32.16384
2013-06-17,33.880001,35.310001,33.880001,34.939999,1556300,31.426303
2013-06-14,34.240002,34.32,33.669998,33.720001,963000,30.328993
2013-06-13,33.970001,34.709999,33.91,34.610001,1160600,30.724744
2013-06-12,34.59,34.59,33.959999,34.09,1206400,30.263118
2013-06-11,34.52,34.860001,34.32,34.349998,1047200,30.49393
2013-06-10,35.040001,35.32,34.849998,34.900002,1183500,30.98219
2013-06-07,34.860001,34.990002,34.450001,34.84,1808700,30.928925
2013-06-06,34.07,34.330002,33.799999,34.330002,755200,30.476178
2013-06-05,34.75,34.779999,33.860001,33.950001,1285500,30.138835
2013-06-04,35.00,35.43,34.66,34.759998,1424400,30.857904
2013-06-03,35.00,35.299999,34.73,34.950001,885900,31.026577
2013-05-31,35.419998,35.700001,34.919998,34.93,868700,31.008821
2013-05-30,35.150002,35.889999,35.130001,35.619999,868600,31.621362
2013-05-29,35.41,35.419998,34.900002,35.110001,734900,31.168615
2013-05-28,35.650002,35.939999,35.099998,35.50,696400,31.514834
2013-05-24,35.080002,35.25,34.66,35.119999,881200,31.177491
2013-05-23,35.490002,35.540001,35.200001,35.349998,1073300,31.381671
2013-05-22,36.709999,36.720001,35.459999,35.630001,1229500,31.630241
2013-05-21,36.59,36.84,36.509998,36.669998,657100,32.55349
2013-05-20,36.82,36.990002,36.419998,36.66,960400,32.544614
2013-05-17,36.68,36.880001,36.259998,36.880001,1015600,32.739919
2013-05-16,35.630001,36.59,35.630001,36.389999,1388200,32.304924
2013-05-15,35.419998,35.880001,34.93,35.880001,845400,31.852177
2013-05-14,35.450001,35.91,35.299999,35.50,830900,31.514834
2013-05-13,36.119999,36.25,35.419998,35.470001,732400,31.488203
2013-05-10,35.369999,36.130001,35.34,36.119999,873500,32.065233
2013-05-09,35.75,35.990002,35.23,35.330002,1102300,31.36392
2013-05-08,35.549999,35.970001,35.41,35.700001,1036900,31.692383
2013-05-07,35.509998,35.860001,35.299999,35.540001,1008800,31.550345
2013-05-06,34.799999,35.310001,34.799999,35.279999,732500,31.31953
2013-05-03,35.00,35.290001,34.790001,34.810001,859700,30.902293
2013-05-02,33.759998,34.77,33.759998,34.509998,1225400,30.635968
2013-05-01,34.889999,34.970001,33.119999,33.68,2927400,29.899144
2013-04-30,34.540001,35.110001,34.459999,35.080002,1489700,31.141984
2013-04-29,34.939999,35.290001,34.720001,35.240002,739300,31.284023
2013-04-26,35.290001,35.400002,34.59,34.720001,550800,30.822397
2013-04-25,34.450001,36.00,34.360001,35.310001,1406900,31.346164
2013-04-24,34.259998,34.450001,34.119999,34.25,1542800,30.405157
2013-04-23,32.98,33.630001,32.830002,33.59,804700,29.819247
2013-04-22,33.119999,33.119999,32.52,32.68,916200,29.011402
2013-04-19,33.259998,33.369999,32.869999,32.970001,818400,29.268848
2013-04-18,33.34,33.790001,33.07,33.400002,1006700,29.650578
2013-04-17,33.450001,33.50,32.689999,33.110001,1229700,29.393132
2013-04-16,33.720001,33.970001,33.360001,33.700001,698300,29.916899
2013-04-15,34.509998,34.68,33.50,33.66,766300,29.881389
2013-04-12,34.50,34.779999,34.200001,34.720001,799200,30.822397
2013-04-11,34.459999,34.549999,34.150002,34.459999,696200,30.591582
2013-04-10,33.91,34.50,33.720001,34.400002,1151600,30.538319
2013-04-09,33.73,34.049999,33.560001,33.650002,869300,29.872513
2013-04-08,33.610001,33.77,33.369999,33.759998,721900,29.970162
2013-04-05,33.009998,33.610001,32.68,33.59,1129500,29.819247
2013-04-04,33.43,33.529999,33.07,33.43,1025800,29.677209
2013-04-03,34.400002,34.470001,33.07,33.43,2591800,29.677209
2013-04-02,33.349998,34.529999,33.009998,34.25,3212200,30.405157
2013-04-01,33.18,33.25,32.580002,32.599998,719100,28.940381
2013-03-28,32.98,33.23,32.799999,33.049999,1509200,29.339866
2013-03-27,33.18,33.220001,32.900002,32.970001,673400,29.268848
2013-03-26,33.43,33.57,33.07,33.290001,1590700,29.552925
2013-03-25,33.290001,33.509998,32.98,33.439999,1052700,29.686085
2013-03-22,33.23,33.349998,32.82,33.25,1068500,29.517415
2013-03-21,33.439999,33.490002,33.009998,33.150002,1040700,29.428642
2013-03-20,33.93,33.990002,33.200001,33.470001,1338500,29.712719
2013-03-19,34.50,34.560001,33.419998,33.610001,1493500,29.837003
2013-03-18,34.360001,34.560001,34.200001,34.360001,630500,30.502809
2013-03-15,34.75,35.139999,34.189999,34.560001,2419900,30.680358
2013-03-14,34.740002,34.990002,34.650002,34.900002,973100,30.98219
2013-03-13,35.419998,35.68,34.619999,34.68,961200,30.786886
2013-03-12,35.740002,35.869999,35.52,35.700001,997100,31.2929
2013-03-11,35.529999,35.849998,35.439999,35.720001,955700,31.310432
2013-03-08,35.290001,35.639999,35.060001,35.610001,782400,31.21401
2013-03-07,35.290001,35.490002,34.970001,35.02,868400,30.696845
2013-03-06,35.400002,35.50,35.169998,35.299999,699000,30.942278
2013-03-05,35.400002,35.580002,35.099998,35.259998,1403700,30.907215
2013-03-04,35.150002,35.540001,34.34,35.41,1624200,31.038699
2013-03-01,34.27,35.470001,34.00,35.139999,1914300,30.80203
2013-02-28,34.50,34.650002,34.150002,34.360001,866600,30.118321
2013-02-27,34.209999,34.889999,34.09,34.68,715200,30.398817
2013-02-26,34.110001,34.419998,33.66,34.310001,1586100,30.074494
2013-02-25,35.119999,35.189999,34.18,34.200001,1524200,29.978072
2013-02-22,35.16,35.41,34.77,35.00,1260700,30.679313
2013-02-21,35.400002,35.400002,34.57,35.02,1900000,30.696845
2013-02-20,35.509998,36.049999,34.650002,35.540001,6694700,31.152652
2013-02-19,39.25,39.639999,38.599998,39.240002,2435400,34.395894
2013-02-15,39.220001,39.849998,38.830002,39.139999,1974600,34.308237
2013-02-14,38.48,39.00,38.200001,38.970001,1214800,34.159225
2013-02-13,37.959999,38.59,37.759998,38.560001,1462800,33.799839
2013-02-12,37.689999,37.889999,37.18,37.68,2307700,33.028472
2013-02-11,38.209999,38.380001,37.73,37.869999,1601800,33.195016
2013-02-08,38.110001,38.860001,37.98,38.080002,1384000,33.379094
2013-02-07,37.790001,38.279999,37.68,38.16,1216100,33.449217
2013-02-06,37.68,38.040001,37.48,37.950001,1489200,33.265142
2013-02-05,38.279999,38.459999,37.650002,37.700001,1425500,33.046004
2013-02-04,38.400002,38.50,37.900002,37.98,1211000,33.291437
2013-02-01,38.16,38.75,38.009998,38.50,1738500,33.747245
2013-01-31,38.150002,38.490002,37.599998,37.889999,1500600,33.212547
2013-01-30,38.75,38.810001,37.950001,38.040001,1228700,33.344032
2013-01-29,38.549999,39.009998,38.50,38.580002,989500,33.81737
2013-01-28,38.75,38.919998,38.330002,38.57,864700,33.808603
2013-01-25,38.82,39.220001,38.619999,38.77,1067900,33.983914
2013-01-24,38.790001,39.02,38.349998,38.59,1241500,33.826134
2013-01-23,38.990002,38.990002,38.25,38.299999,1354500,33.571934
2013-01-22,39.610001,39.82,38.630001,38.889999,1856400,34.089099
2013-01-18,39.57,39.77,39.349998,39.52,2098100,34.641328
2013-01-17,40.07,40.189999,39.450001,39.610001,1181300,34.720218
2013-01-16,39.77,39.990002,39.240002,39.830002,1098100,34.91306
2013-01-15,39.669998,40.360001,39.59,40.029999,1889400,35.088368
2013-01-14,39.599998,40.450001,39.52,39.91,1906800,34.983182
2013-01-11,39.50,39.619999,39.139999,39.599998,1043700,34.71145
2013-01-10,39.50,39.98,38.779999,39.389999,2979400,34.527375
2013-01-09,42.060001,42.139999,39.240002,39.290001,4323300,34.439721
2013-01-08,41.93,42.380001,41.459999,42.25,1089500,37.034314
2013-01-07,42.060001,42.25,41.610001,42.080002,559400,36.885302
2013-01-04,42.139999,43.00,41.849998,42.09,544700,36.894066
2013-01-03,42.00,42.59,41.75,42.09,697500,36.894066
2013-01-02,41.48,42.68,41.00,42.150002,1073300,36.94666
2012-12-31,40.00,40.82,39.900002,40.75,592500,35.719486
2012-12-28,40.959999,41.00,39.98,40.00,533500,35.062072
2012-12-27,40.68,42.700001,40.099998,41.310001,1215300,36.210356
2012-12-26,40.610001,41.130001,40.32,40.709999,821700,35.684423
2012-12-24,41.189999,41.360001,40.549999,40.66,546100,35.640596
2012-12-21,40.959999,41.389999,39.720001,41.07,2229000,35.999982
2012-12-20,41.990002,42.099998,41.32,41.43,799600,36.315542
2012-12-19,42.560001,42.990002,41.98,42.049999,1617600,36.859003
2012-12-18,41.419998,42.650002,41.09,42.619999,1889100,37.358637
2012-12-17,40.700001,41.439999,40.700001,41.419998,2647200,36.306774
2012-12-14,41.00,41.209999,40.529999,40.68,1694300,35.658128
2012-12-13,41.009998,41.68,40.639999,41.16,1506300,36.078872
2012-12-12,42.23,42.34,40.529999,41.080002,3443300,36.00875
2012-12-11,42.259998,42.709999,42.07,42.400002,23668800,36.771349
2012-12-10,41.689999,42.169998,41.470001,42.16,2460100,36.563208
2012-12-07,42.040001,42.240002,41.419998,41.700001,1721300,36.164275
2012-12-06,41.650002,42.189999,41.299999,41.990002,3700800,36.415777
2012-12-05,39.73,40.150002,39.66,39.709999,817700,34.438448
2012-12-04,39.950001,40.209999,39.740002,39.900002,1702700,34.603227
2012-12-03,39.389999,39.91,38.709999,39.880001,1290500,34.585882
2012-11-30,39.00,39.380001,38.77,38.889999,1033900,33.727304
2012-11-29,38.869999,39.130001,38.599998,38.779999,501000,33.631906
2012-11-28,37.889999,38.82,37.75,38.740002,593600,33.597219
2012-11-27,38.25,38.529999,37.830002,37.889999,788400,32.860056
2012-11-26,38.490002,38.759998,38.27,38.389999,595300,33.29368
2012-11-23,38.290001,38.779999,38.099998,38.610001,237600,33.484476
2012-11-21,38.049999,38.529999,37.880001,38.049999,949400,32.998815
2012-11-20,37.59,38.139999,37.360001,38.119999,705800,33.059522
2012-11-19,37.790001,38.00,37.189999,37.73,918900,32.721296
2012-11-16,37.09,37.459999,36.73,37.18,873100,32.24431
2012-11-15,36.060001,37.169998,36.040001,37.150002,1686400,32.218293
2012-11-14,36.459999,37.00,36.02,36.119999,1043700,31.325025
2012-11-13,36.25,36.549999,35.959999,36.400002,983000,31.567857
2012-11-12,35.77,36.57,35.77,36.52,1101300,31.671926
2012-11-09,36.310001,37.32,35.860001,37.009998,884000,32.096876
2012-11-08,37.189999,37.200001,36.400002,36.41,795400,31.576528
2012-11-07,37.439999,37.669998,37.00,37.209999,651800,32.270326
2012-11-06,37.790001,38.07,37.279999,37.900002,808400,32.86873
2012-11-05,37.400002,37.68,37.060001,37.50,843100,32.521829
2012-11-02,38.169998,38.290001,37.48,37.50,1136500,32.521829
2012-11-01,38.099998,38.50,37.880001,38.099998,1343400,33.042177
2012-10-31,39.330002,42.00,36.709999,38.00,2240800,32.955453
2012-10-26,39.110001,39.560001,38.639999,38.990002,708300,33.814031
2012-10-25,39.509998,40.02,39.099998,39.259998,376800,34.048185
2012-10-24,39.470001,39.68,38.919998,39.290001,504100,34.074205
2012-10-23,39.130001,39.459999,38.560001,39.209999,441700,34.004824
2012-10-22,38.82,39.380001,38.610001,39.380001,778100,34.152258
2012-10-19,39.84,39.970001,38.43,38.93,1209100,33.761995
2012-10-18,39.509998,39.799999,38.950001,39.75,1216000,34.473139
2012-10-17,40.040001,40.099998,39.189999,39.599998,1015200,34.34305
2012-10-16,40.209999,40.400002,39.740002,39.970001,584900,34.663935
2012-10-15,40.299999,40.610001,39.880001,40.110001,435200,34.785349
2012-10-12,40.439999,40.630001,39.860001,40.169998,400600,34.837382
2012-10-11,40.50,40.77,40.279999,40.439999,401200,35.071539
2012-10-10,40.77,40.889999,40.00,40.060001,512500,34.741987
2012-10-09,42.34,42.470001,40.560001,40.720001,854200,35.314371
2012-10-08,42.380001,42.73,42.25,42.400002,359500,36.771349
2012-10-05,42.84,43.330002,42.650002,42.73,2118300,37.05754
2012-10-04,41.639999,42.68,41.59,42.57,944000,36.91878
2012-10-03,41.82,41.970001,41.299999,41.68,506200,36.146929
2012-10-02,41.990002,41.990002,41.369999,41.57,408600,36.051531
2012-10-01,41.779999,41.990002,41.259998,41.779999,873100,36.233653
2012-09-28,41.900002,42.240002,41.490002,41.740002,973400,36.198965
2012-09-27,41.27,42.110001,40.970001,41.990002,756500,36.415777
2012-09-26,41.25,41.380001,40.709999,40.849998,532700,35.427111
2012-09-25,42.169998,42.169998,41.049999,41.049999,809300,35.600561
2012-09-24,41.990002,42.41,41.77,42.09,802300,36.502501
2012-09-21,41.82,42.43,41.82,41.939999,1813900,36.372412
2012-09-20,41.889999,42.119999,41.599998,41.810001,910700,36.259672
2012-09-19,41.98,42.349998,41.66,42.060001,747500,36.476485
2012-09-18,42.189999,42.290001,41.669998,41.889999,661400,36.329051
2012-09-17,42.50,42.50,42.110001,42.299999,659900,36.684622
2012-09-14,41.50,42.540001,41.419998,42.450001,1533800,36.814711
2012-09-13,40.369999,41.880001,40.279999,41.419998,1299000,35.921443
2012-09-12,40.23,41.220001,39.639999,40.990002,2000800,35.548529
2012-09-11,40.259998,40.740002,40.119999,40.290001,873200,34.551191
2012-09-10,41.470001,41.59,40.25,40.349998,847400,34.602642
2012-09-07,40.970001,41.540001,40.830002,41.52,961000,35.605992
2012-09-06,40.349998,40.799999,40.07,40.740002,995400,34.937095
2012-09-05,39.700001,40.349998,39.689999,39.990002,1157500,34.293923
2012-09-04,40.279999,40.400002,39.459999,39.849998,805300,34.173861
2012-08-31,40.25,40.700001,40.209999,40.349998,985200,34.602642
2012-08-30,40.259998,40.549999,39.68,39.970001,539700,34.276771
2012-08-29,40.599998,40.860001,40.23,40.66,750900,34.868488
2012-08-28,40.369999,40.939999,40.240002,40.50,597800,34.731278
2012-08-27,40.599998,40.650002,40.080002,40.279999,564900,34.542613
2012-08-24,40.50,40.919998,40.099998,40.50,619500,34.731278
2012-08-23,41.619999,41.68,40.630001,40.720001,1026900,34.919943
2012-08-22,41.610001,41.77,41.369999,41.59,491800,35.666021
2012-08-21,41.849998,42.09,41.400002,41.66,461000,35.72605
2012-08-20,41.290001,42.849998,41.290001,41.84,949000,35.880412
2012-08-17,41.389999,41.50,41.029999,41.18,539700,35.314421
2012-08-16,41.139999,41.389999,40.950001,41.150002,594300,35.288695
2012-08-15,40.990002,41.330002,40.889999,40.970001,664500,35.134334
2012-08-14,41.639999,41.759998,40.66,41.080002,766000,35.228666
2012-08-13,41.66,41.849998,41.009998,41.43,712400,35.528811
2012-08-10,41.389999,41.900002,41.32,41.799999,1065200,35.846109
2012-08-09,40.919998,41.470001,40.709999,41.439999,978600,35.537386
2012-08-08,40.650002,41.00,40.52,40.98,812400,35.142908
2012-08-07,40.380001,40.75,40.00,40.73,832000,34.928517
2012-08-06,40.529999,40.549999,40.00,40.040001,694800,34.3368
2012-08-03,40.77,40.900002,40.200001,40.259998,808200,34.525462
2012-08-02,39.939999,40.419998,39.639999,40.349998,1604700,34.602642
2012-08-01,41.759998,41.869999,38.310001,39.369999,4047400,33.762232
2012-07-31,38.360001,39.110001,38.32,38.610001,1420900,33.110486
2012-07-30,38.50,38.77,38.220001,38.560001,626200,33.067608
2012-07-27,37.619999,38.849998,37.549999,38.639999,773600,33.136211
2012-07-26,37.84,38.200001,37.240002,37.369999,913000,32.047107
2012-07-25,37.139999,37.849998,37.07,37.50,1088500,32.158591
2012-07-24,36.00,37.459999,35.880001,37.029999,1880900,31.755535
2012-07-23,36.470001,36.470001,35.73,35.84,1046300,30.735037
2012-07-20,37.299999,37.689999,36.77,36.860001,773900,31.609751
2012-07-19,37.450001,37.650002,37.189999,37.279999,586700,31.969926
2012-07-18,36.349998,37.82,36.290001,37.290001,587100,31.978504
2012-07-17,36.360001,36.580002,35.759998,36.459999,565100,31.266725
2012-07-16,36.200001,36.349998,35.73,36.209999,735600,31.052335
2012-07-13,36.09,36.50,35.82,36.32,668100,31.146667
2012-07-12,36.360001,36.360001,35.549999,36.060001,1285800,30.923702
2012-07-11,36.700001,36.950001,36.209999,36.639999,760300,31.421087
2012-07-10,37.50,37.66,36.450001,36.709999,1123400,31.481116
2012-07-09,37.470001,37.50,37.099998,37.459999,496400,32.124288
2012-07-06,37.900002,38.00,37.200001,37.380001,875100,32.055684
2012-07-05,38.540001,38.650002,37.84,37.919998,1086100,32.518766
2012-07-03,38.599998,38.689999,38.259998,38.639999,581900,33.136211
2012-07-02,38.189999,38.700001,37.619999,38.310001,1288000,32.853218
2012-06-29,37.400002,38.389999,37.349998,38.290001,1664400,32.836066
2012-06-28,36.919998,37.189999,36.279999,36.759998,1096800,31.523993
2012-06-27,36.84,37.459999,36.830002,37.25,1106100,31.9442
2012-06-26,37.27,37.369999,36.700001,36.84,1042400,31.5926
2012-06-25,36.740002,37.169998,36.560001,36.82,921400,31.575448
2012-06-22,37.450001,37.50,36.68,36.98,1240400,31.712658
2012-06-21,38.330002,38.349998,37.360001,37.400002,1015600,32.072836
2012-06-20,38.880001,39.049999,38.09,38.34,1159800,32.878943
2012-06-19,38.130001,38.959999,37.959999,38.939999,1245300,33.39348
2012-06-18,37.560001,38.23,37.16,38.209999,1361700,32.767459
2012-06-15,37.369999,37.82,36.880001,37.779999,1795500,32.398707
2012-06-14,38.360001,38.509998,37.34,37.450001,1879400,32.115713
2012-06-13,38.959999,39.220001,38.25,38.369999,2040400,32.904669
2012-06-12,37.93,39.709999,37.619999,39.509998,4053800,33.496389
2012-06-11,41.099998,41.75,37.82,38.200001,4639000,32.385779
2012-06-08,40.889999,41.990002,40.799999,41.77,884700,35.412408
2012-06-07,42.41,42.48,41.07,41.07,1374600,34.818951
2012-06-06,42.470001,43.34,41.82,41.900002,1343000,35.522622
2012-06-05,41.580002,42.43,41.349998,42.119999,578300,35.709135
2012-06-04,41.669998,42.119999,40.950001,41.580002,714400,35.251328
2012-06-01,42.470001,42.799999,41.57,41.599998,828400,35.268281
2012-05-31,43.240002,43.419998,42.700001,42.959999,700500,36.421283
2012-05-30,43.459999,43.599998,42.950001,43.32,974600,36.72649
2012-05-29,43.529999,43.919998,43.32,43.900002,718600,37.218213
2012-05-25,43.75,43.799999,43.110001,43.189999,438600,36.616276
2012-05-24,43.900002,44.130001,43.549999,43.720001,733000,37.065609
2012-05-23,43.639999,43.93,43.119999,43.810001,449000,37.141911
2012-05-22,43.639999,43.98,43.43,43.830002,500400,37.158867
2012-05-21,42.939999,44.279999,42.830002,43.790001,976200,37.124955
2012-05-18,43.799999,43.84,42.799999,42.98,1115300,36.438239
2012-05-17,44.68,44.959999,43.669998,43.68,865700,37.031697
2012-05-16,44.470001,45.330002,44.470001,44.75,867700,37.938837
2012-05-15,44.48,45.25,44.389999,44.580002,699900,37.794714
2012-05-14,44.919998,44.93,44.259998,44.360001,939900,37.608198
2012-05-11,45.299999,45.810001,45.150002,45.189999,411900,38.311866
2012-05-10,45.639999,45.799999,45.23,45.389999,476000,38.481426
2012-05-09,45.450001,45.77,45.02,45.380001,511800,38.472949
2012-05-08,46.700001,46.98,45.740002,45.919998,994700,38.930756
2012-05-07,46.439999,47.18,46.220001,47.02,655000,39.863333
2012-05-04,47.619999,47.799999,46.759998,46.810001,965100,39.685297
2012-05-03,49.189999,49.23,47.889999,48.130001,574900,40.804386
2012-05-02,49.91,50.669998,47.669998,49.330002,2955800,41.821741
2012-05-01,47.220001,48.290001,47.18,47.490002,1928500,40.261798
2012-04-30,46.75,47.220001,46.549999,47.130001,1036700,39.956591
2012-04-27,47.18,47.290001,46.689999,46.810001,555800,39.685297
2012-04-26,45.439999,47.360001,45.439999,47.279999,1168400,40.083758
2012-04-25,44.759998,45.740002,44.599998,45.669998,827500,38.718807
2012-04-24,44.32,44.650002,44.18,44.50,609500,37.726889
2012-04-23,44.450001,44.450001,43.68,44.150002,556800,37.430161
2012-04-20,45.16,45.23,44.52,44.540001,607300,37.760801
2012-04-19,45.040001,45.349998,44.549999,44.810001,417800,37.989706
2012-04-18,45.279999,45.419998,44.91,45.169998,389400,38.29491
2012-04-17,44.84,45.48,44.669998,45.279999,434200,38.388168
2012-04-16,44.880001,45.09,44.18,44.59,738200,37.80319
2012-04-13,45.080002,45.369999,44.869999,44.91,637800,38.074484
2012-04-12,44.810001,45.48,44.68,45.299999,481700,38.405124
2012-04-11,44.919998,45.130001,44.560001,44.91,536700,38.074484
2012-04-10,45.34,45.57,44.240002,44.470001,1126900,37.701456
2012-04-09,45.700001,45.700001,45.080002,45.509998,834200,38.58316
2012-04-05,46.400002,46.790001,46.169998,46.220001,482100,39.185097
2012-04-04,47.349998,47.349998,46.279999,46.439999,707900,39.37161
2012-04-03,47.150002,47.59,47.07,47.509998,511300,40.278751
2012-04-02,47.049999,47.509998,46.830002,47.299999,780500,40.100715
2012-03-30,47.459999,47.630001,46.93,46.98,1016900,39.82942
2012-03-29,47.18,47.880001,46.900002,47.34,828700,40.134627
2012-03-28,47.700001,47.950001,47.049999,47.32,615400,40.117671
2012-03-27,47.709999,47.98,47.16,47.799999,713100,40.524612
2012-03-26,47.830002,48.299999,47.27,47.779999,685600,40.507656
2012-03-23,47.580002,47.75,46.880001,47.630001,511100,40.380489
2012-03-22,47.040001,47.549999,46.82,47.529999,509800,40.295707
2012-03-21,46.889999,47.290001,46.470001,47.220001,539200,40.032893
2012-03-20,47.220001,47.25,46.860001,46.990002,634700,39.8379
2012-03-19,46.869999,47.470001,46.639999,47.380001,467100,40.16854
2012-03-16,46.900002,47.09,46.66,46.889999,1076900,39.753119
2012-03-15,47.799999,47.799999,46.77,47.110001,1159300,39.939635
2012-03-14,47.50,47.900002,47.349998,47.880001,708700,40.592437
2012-03-13,47.27,47.580002,47.099998,47.57,837000,40.32962
2012-03-12,47.41,47.990002,47.389999,47.459999,850100,39.897244
2012-03-09,47.459999,47.669998,47.310001,47.509998,637100,39.939275
2012-03-08,47.240002,47.77,46.93,47.43,906900,39.872025
2012-03-07,46.939999,47.150002,46.669998,47.00,660700,39.510545
2012-03-06,46.830002,47.110001,46.470001,46.939999,796000,39.460105
2012-03-05,47.110001,47.459999,46.900002,47.189999,1066800,39.670268
2012-03-02,47.02,47.470001,46.41,46.669998,983900,39.233129
2012-03-01,47.389999,48.25,46.869999,47.150002,884500,39.636644
2012-02-29,47.860001,47.939999,47.139999,47.189999,969500,39.670268
2012-02-28,47.189999,48.189999,47.00,47.799999,1503000,40.183065
2012-02-27,47.73,48.040001,47.389999,47.529999,1177800,39.956089
2012-02-24,48.50,48.790001,47.919998,48.049999,859700,40.393227
2012-02-23,48.860001,49.310001,48.150002,48.290001,2077700,40.594985
2012-02-22,49.029999,49.93,47.869999,48.860001,7983100,41.074155
2012-02-21,44.759998,45.619999,44.220001,44.689999,3020000,37.568643
2012-02-17,44.200001,44.73,44.110001,44.18,752200,37.139913
2012-02-16,44.040001,44.50,44.00,44.18,873800,37.139913
2012-02-15,44.00,44.330002,43.66,43.959999,615700,36.954969
2012-02-14,43.75,44.00,43.459999,43.91,378400,36.912937
2012-02-13,43.880001,44.02,43.450001,43.950001,619900,36.946564
2012-02-10,43.209999,43.619999,43.110001,43.59,448200,36.643929
2012-02-09,43.299999,43.580002,43.25,43.48,469100,36.551457
2012-02-08,43.630001,43.759998,43.150002,43.23,666400,36.341295
2012-02-07,43.84,44.02,43.50,43.740002,943600,36.770028
2012-02-06,43.990002,43.990002,43.509998,43.720001,474400,36.753215
2012-02-03,43.900002,44.380001,43.779999,44.099998,913900,37.072659
2012-02-02,42.630001,43.529999,42.380001,43.529999,1474600,36.593489
2012-02-01,42.110001,42.619999,41.82,42.48,877800,35.710807
2012-01-31,41.130001,41.700001,40.889999,41.700001,1280800,35.055102
2012-01-30,41.00,41.32,40.459999,40.849998,987900,34.340547
2012-01-27,41.73,41.98,41.299999,41.360001,519100,34.76928
2012-01-26,41.759998,41.919998,41.299999,41.73,593700,35.08032
2012-01-25,41.459999,42.009998,41.080002,41.869999,893700,35.198011
2012-01-24,41.66,41.75,41.259998,41.540001,899400,34.920598
2012-01-23,41.939999,42.130001,41.610001,41.709999,854000,35.063507
2012-01-20,42.299999,42.73,41.950001,42.00,1270300,35.307296
2012-01-19,41.709999,42.34,41.560001,42.220001,1271200,35.49224
2012-01-18,40.799999,41.130001,40.799999,41.099998,693600,34.55071
2012-01-17,40.830002,41.290001,40.700001,40.799999,703900,34.298515
2012-01-13,40.580002,40.790001,40.369999,40.669998,507500,34.18923
2012-01-12,41.07,41.209999,40.540001,40.799999,667900,34.298515
2012-01-11,40.900002,41.50,40.740002,41.07,1288500,34.525491
2012-01-10,40.00,40.84,39.98,40.759998,1102100,34.264889
2012-01-09,39.48,39.950001,39.369999,39.77,624700,33.432647
2012-01-06,39.66,39.66,39.040001,39.41,815100,33.130013
2012-01-05,39.360001,39.66,39.09,39.639999,974000,33.323362
2012-01-04,39.549999,39.759998,39.299999,39.360001,1264900,33.087981
2012-01-03,40.200001,40.369999,39.59,39.599998,1171200,33.289735
2011-12-30,40.18,40.400002,39.810001,39.810001,1101300,33.466274
2011-12-29,39.73,40.580002,39.59,40.389999,989600,33.953849
2011-12-28,40.040001,40.16,39.50,39.709999,789200,33.382207
2011-12-27,39.959999,40.25,39.59,40.18,662500,33.777313
2011-12-23,39.740002,40.130001,39.669998,39.990002,1025200,33.617591
2011-12-22,39.66,40.18,39.299999,39.450001,1665800,33.163639
2011-12-21,38.990002,39.59,38.490002,39.560001,1396700,33.256111
2011-12-20,38.310001,39.029999,38.02,38.990002,1504500,32.776941
2011-12-19,38.09,38.490002,37.860001,38.02,1164900,31.96151
2011-12-16,37.619999,38.200001,37.360001,38.00,2383000,31.944696
2011-12-15,37.560001,37.66,36.779999,37.34,1584600,31.389867
2011-12-14,38.09,38.25,36.959999,37.470001,1598000,31.499153
2011-12-13,38.169998,38.540001,37.759998,38.380001,4232700,32.264144
2011-12-12,37.889999,38.27,37.650002,37.959999,1652400,31.574808
2011-12-09,37.369999,37.98,37.299999,37.900002,853600,31.524902
2011-12-08,36.799999,37.549999,36.560001,37.25,958700,30.984236
2011-12-07,36.990002,37.240002,36.59,37.060001,697000,30.826197
2011-12-06,37.380001,37.459999,36.900002,37.040001,867100,30.809561
2011-12-05,37.389999,37.630001,37.080002,37.25,806800,30.984236
2011-12-02,36.82,37.330002,36.709999,37.119999,1432800,30.876103
2011-12-01,36.389999,36.799999,36.389999,36.560001,529900,30.410301
2011-11-30,36.139999,36.759998,35.869999,36.59,1297600,30.435254
2011-11-29,35.00,35.860001,34.84,35.599998,1056100,29.611779
2011-11-28,34.560001,35.310001,34.560001,35.16,710400,29.245792
2011-11-25,34.43,34.990002,34.41,34.529999,252000,28.721762
2011-11-23,34.599998,34.919998,34.41,34.580002,701300,28.763354
2011-11-22,34.959999,34.959999,34.50,34.73,540300,28.888121
2011-11-21,34.82,35.09,34.509998,34.970001,774600,29.087753
2011-11-18,35.07,35.330002,34.959999,35.130001,771000,29.220839
2011-11-17,35.419998,35.450001,34.75,35.200001,777400,29.279064
2011-11-16,35.349998,35.830002,35.240002,35.389999,584400,29.437103
2011-11-15,34.84,35.990002,34.84,35.650002,895800,29.653371
2011-11-14,34.68,35.119999,34.59,34.950001,1115900,29.071116
2011-11-11,35.150002,35.189999,34.75,34.869999,827400,29.004571
2011-11-10,35.540001,35.57,34.830002,34.970001,1007600,29.087753
2011-11-09,36.169998,36.169998,35.130001,35.150002,1703300,29.237475
2011-11-08,36.50,36.709999,36.189999,36.50,593100,30.360393
2011-11-07,35.580002,36.41,35.400002,36.34,1268500,30.227306
2011-11-04,35.599998,35.880001,35.259998,35.700001,800000,29.69496
2011-11-03,35.889999,36.099998,35.400002,35.880001,983100,29.844683
2011-11-02,36.509998,37.200001,34.93,35.709999,4551700,29.703277
2011-11-01,33.880001,34.389999,33.419998,34.189999,1409000,28.438953
2011-10-31,34.799999,35.029999,34.389999,34.389999,983600,28.605312
2011-10-28,34.799999,35.220001,34.599998,35.09,648100,29.187567
2011-10-27,35.16,35.700001,34.709999,34.799999,1663400,28.946346
2011-10-26,34.919998,34.970001,34.200001,34.700001,721500,28.863168
2011-10-25,35.029999,35.299999,34.48,34.619999,725500,28.796624
2011-10-24,35.66,35.900002,34.82,35.34,2473600,29.395515
2011-10-21,34.790001,34.970001,34.27,34.610001,638700,28.788307
2011-10-20,34.650002,34.66,34.119999,34.419998,647800,28.630265
2011-10-19,34.689999,34.709999,34.200001,34.50,664900,28.69681
2011-10-18,34.200001,34.939999,33.720001,34.639999,930600,28.81326
2011-10-17,34.07,34.349998,33.900002,34.240002,965100,28.480545
2011-10-14,33.860001,34.200001,33.630001,34.200001,679700,28.447273
2011-10-13,33.470001,33.75,33.34,33.68,1129900,28.014741
2011-10-12,33.98,34.029999,33.400002,33.470001,1555600,27.840065
2011-10-11,33.389999,33.700001,33.099998,33.66,502900,27.998104
2011-10-10,32.919998,33.52,32.77,33.389999,712000,27.77352
2011-10-07,32.549999,32.75,32.299999,32.470001,962600,27.008274
2011-10-06,32.740002,32.740002,31.969999,32.459999,965100,26.999954
2011-10-05,32.009998,32.75,31.549999,32.650002,959500,27.157996
2011-10-04,30.34,32.259998,30.34,32.189999,1342300,26.77537
2011-10-03,31.780001,31.959999,30.530001,30.60,1004900,25.452823
2011-09-30,31.389999,32.279999,31.209999,31.77,1239600,26.426019
2011-09-29,31.959999,32.130001,31.049999,31.83,891500,26.475926
2011-09-28,32.189999,32.400002,31.389999,31.459999,718400,26.168162
2011-09-27,32.509998,32.689999,31.790001,32.02,769900,26.633967
2011-09-26,31.00,32.060001,30.52,31.91,905200,26.542469
2011-09-23,31.00,31.129999,30.50,30.74,1068500,25.569273
2011-09-22,32.029999,32.220001,30.870001,31.280001,1529700,26.018441
2011-09-21,33.139999,33.32,32.57,32.57,571800,27.091451
2011-09-20,33.66,33.720001,33.119999,33.209999,667300,27.623798
2011-09-19,33.529999,33.700001,33.150002,33.439999,770700,27.815109
2011-09-16,33.66,34.200001,33.610001,33.73,1626800,28.05633
2011-09-15,33.619999,33.790001,33.189999,33.639999,603800,27.981468
2011-09-14,32.98,33.57,32.779999,33.209999,1144900,27.623798
2011-09-13,33.369999,33.509998,32.700001,32.830002,1674700,27.307719
2011-09-12,32.43,33.369999,32.18,33.369999,1675700,27.424169
2011-09-09,33.09,33.259998,32.310001,32.799999,798900,26.955731
2011-09-08,32.919998,33.650002,32.549999,33.279999,1055600,27.350205
2011-09-07,32.529999,33.029999,32.299999,32.959999,817100,27.087222
2011-09-06,31.440001,32.220001,31.23,32.080002,1491800,26.364022
2011-09-02,32.049999,32.490002,31.83,32.00,798000,26.298275
2011-09-01,33.709999,33.77,32.290001,32.439999,1545000,26.659875
2011-08-31,33.830002,34.169998,33.220001,33.529999,984300,27.55566
2011-08-30,33.360001,33.700001,33.029999,33.50,812100,27.531007
2011-08-29,33.00,33.59,32.450001,33.349998,1076900,27.407732
2011-08-26,31.610001,32.810001,31.41,32.740002,978100,26.906424
2011-08-25,32.330002,32.369999,31.59,31.639999,970500,26.002419
2011-08-24,32.099998,32.540001,31.76,32.16,1178100,26.429766
2011-08-23,31.709999,32.400002,31.610001,32.099998,1251900,26.380456
2011-08-22,31.559999,31.879999,31.209999,31.620001,1663100,25.985984
2011-08-19,30.60,31.16,30.60,31.00,1662700,25.476454
2011-08-18,31.32,31.32,30.299999,30.879999,1209800,25.377835
2011-08-17,32.259998,32.73,31.67,31.99,726800,26.290057
2011-08-16,31.58,32.279999,31.32,32.23,1085000,26.487293
2011-08-15,31.540001,31.77,31.25,31.690001,823700,26.043511
2011-08-12,31.17,31.610001,30.90,31.32,763200,25.739436
2011-08-11,30.809999,31.280001,30.209999,30.90,1570600,25.394271
2011-08-10,31.43,31.639999,30.459999,30.52,2188100,25.08198
2011-08-09,31.129999,32.00,30.129999,31.99,2610400,26.290057
2011-08-08,30.59,31.700001,30.16,31.00,2838400,25.476454
2011-08-05,30.379999,32.16,29.23,31.950001,2741600,26.257185
2011-08-04,30.530001,30.76,29.50,30.139999,1830500,24.769687
2011-08-03,30.25,31.90,29.49,30.860001,5806600,25.361399
2011-08-02,31.76,32.259998,31.290001,31.530001,2265100,25.91202
2011-08-01,32.75,33.040001,31.65,32.189999,1649200,26.45442
2011-07-29,31.790001,32.68,31.50,32.630001,1258900,26.816023
2011-07-28,32.139999,32.41,31.780001,32.099998,641900,26.380456
2011-07-27,32.68,32.700001,31.85,32.150002,1113900,26.421549
2011-07-26,32.459999,33.009998,32.220001,32.860001,1160900,27.005042
2011-07-25,32.68,32.700001,32.279999,32.560001,579300,26.758496
2011-07-22,32.66,33.00,32.43,32.720001,669900,26.889987
2011-07-21,32.189999,32.779999,32.02,32.709999,720600,26.881767
2011-07-20,32.130001,32.150002,31.85,32.00,617100,26.298275
2011-07-19,32.18,32.310001,32.00,32.23,806100,26.487293
2011-07-18,32.209999,32.220001,31.790001,32.080002,741900,26.364022
2011-07-15,32.380001,32.419998,32.080002,32.23,887900,26.487293
2011-07-14,33.060001,33.110001,32.18,32.450001,1165000,26.668095
2011-07-13,33.209999,33.439999,32.849998,32.959999,688000,27.087222
2011-07-12,33.330002,33.540001,32.900002,33.040001,942400,27.15297
2011-07-11,33.32,33.490002,33.119999,33.43,725200,27.473479
2011-07-08,33.439999,33.830002,33.279999,33.599998,609800,27.613187
2011-07-07,33.419998,33.970001,33.290001,33.740002,674700,27.728245
2011-07-06,33.279999,33.400002,33.009998,33.220001,634200,27.300898
2011-07-05,33.709999,33.709999,32.959999,33.25,1002400,27.325551
2011-07-01,33.119999,33.720001,33.049999,33.580002,1264300,27.596754
2011-06-30,32.279999,33.330002,32.25,33.029999,1658200,27.14475
2011-06-29,32.07,32.759998,31.799999,32.049999,1654300,26.339365
2011-06-28,31.440001,32.220001,31.32,31.92,3047900,26.232529
2011-06-27,33.290001,33.869999,31.209999,32.220001,5419800,26.479077
2011-06-24,33.959999,33.959999,33.380001,33.450001,1185000,27.489916
2011-06-23,33.639999,34.040001,33.439999,34.009998,737800,27.950134
2011-06-22,33.91,34.189999,33.799999,33.970001,550300,27.917264
2011-06-21,33.759998,34.330002,33.380001,33.98,893000,27.92548
2011-06-20,33.599998,34.09,33.349998,33.669998,730700,27.670715
2011-06-17,33.380001,33.720001,32.970001,33.66,1973000,27.662498
2011-06-16,32.84,33.080002,32.619999,32.990002,907400,27.111879
2011-06-15,32.66,32.799999,32.470001,32.689999,728900,26.86533
2011-06-14,32.860001,33.029999,32.41,32.84,1005100,26.988605
2011-06-13,32.970001,33.07,32.00,32.549999,1768000,26.750276
2011-06-10,33.700001,33.889999,33.450001,33.540001,1184700,26.906423
2011-06-09,33.380001,33.900002,33.220001,33.709999,882000,27.042799
2011-06-08,33.029999,33.52,33.02,33.32,1031400,26.729934
2011-06-07,33.380001,33.50,33.07,33.150002,867000,26.593558
2011-06-06,33.099998,33.560001,33.029999,33.290001,1154700,26.705868
2011-06-03,33.419998,33.790001,33.080002,33.349998,1339700,26.754
2011-06-02,33.900002,34.290001,33.639999,33.650002,1921400,26.994668
2011-06-01,34.009998,34.470001,33.889999,34.060001,1558500,27.323577
2011-05-31,33.689999,34.080002,33.52,34.080002,1037700,27.339622
2011-05-27,33.25,33.48,33.25,33.419998,547600,26.810155
2011-05-26,33.16,33.459999,33.099998,33.32,682700,26.729934
2011-05-25,33.310001,33.400002,33.119999,33.23,825700,26.657734
2011-05-24,34.200001,34.200001,33.310001,33.41,2015100,26.802134
2011-05-23,34.799999,34.860001,34.00,34.169998,1908700,27.411819
2011-05-20,35.25,35.25,34.700001,34.98,699900,28.061617
2011-05-19,35.200001,35.349998,34.900002,35.220001,844000,28.254151
2011-05-18,34.779999,35.150002,34.529999,34.98,1076400,28.061617
2011-05-17,34.50,34.869999,34.310001,34.84,1569600,27.949307
2011-05-16,34.959999,35.080002,34.490002,34.650002,839300,27.796887
2011-05-13,35.279999,35.34,34.959999,35.119999,1076300,28.173927
2011-05-12,35.07,35.32,34.860001,35.240002,840000,28.270196
2011-05-11,35.32,35.490002,34.75,35.07,969500,28.133817
2011-05-10,35.189999,35.52,35.02,35.310001,1021900,28.326351
2011-05-09,35.25,35.310001,34.849998,34.98,1136600,28.061617
2011-05-06,35.380001,35.439999,34.939999,35.139999,1628700,28.189972
2011-05-05,35.130001,35.700001,34.610001,34.990002,2300000,28.069641
2011-05-04,35.00,36.419998,34.07,35.279999,6519200,28.302282
2011-05-03,33.959999,34.009998,33.43,33.490002,2700000,26.866313
2011-05-02,34.32,34.360001,33.75,34.009998,1941600,27.283464
2011-04-29,34.23,34.43,34.049999,34.23,2053300,27.459953
2011-04-28,34.73,34.73,34.119999,34.259998,1900000,27.484019
2011-04-27,34.630001,34.790001,34.07,34.689999,1713100,27.828973
2011-04-26,34.450001,34.75,33.919998,34.669998,2400000,27.812928
2011-04-25,34.080002,34.669998,33.91,34.450001,1808900,27.636442
2011-04-21,33.98,34.220001,33.889999,34.150002,2516100,27.395777
2011-04-20,33.889999,34.16,33.869999,33.959999,2670900,27.243354
2011-04-19,33.59,33.860001,33.200001,33.59,1678700,26.946533
2011-04-18,33.630001,33.77,33.18,33.740002,1811100,27.066868
2011-04-15,33.790001,33.990002,33.619999,33.900002,2797100,27.195222
2011-04-14,33.310001,33.779999,33.169998,33.759998,1030500,27.082909
2011-04-13,33.869999,33.970001,33.509998,33.560001,1523700,26.922468
2011-04-12,33.740002,33.970001,33.59,33.759998,1128500,27.082909
2011-04-11,34.00,34.169998,33.709999,34.009998,962200,27.283464
2011-04-08,33.720001,33.98,33.529999,33.75,1262000,27.074888
2011-04-07,33.779999,33.889999,33.360001,33.75,1066600,27.074888
2011-04-06,33.849998,34.00,33.540001,33.93,1273200,27.219288
2011-04-05,33.779999,33.919998,33.439999,33.779999,1899300,27.098954
2011-04-04,33.91,33.93,33.299999,33.779999,1627700,27.098954
2011-04-01,34.00,34.040001,33.50,33.75,1315600,27.074888
2011-03-31,34.029999,34.25,33.849998,33.860001,1048300,27.163133
2011-03-30,34.279999,34.360001,33.939999,33.98,745000,27.259398
2011-03-29,33.869999,34.259998,33.77,34.150002,850600,27.395777
2011-03-28,34.049999,34.200001,33.790001,33.880001,957400,27.179178
2011-03-25,33.880001,34.599998,33.75,34.119999,2179000,27.371708
2011-03-24,33.849998,33.970001,33.700001,33.900002,1198400,27.195222
2011-03-23,33.75,33.990002,33.57,33.77,665300,27.090933
2011-03-22,33.790001,33.91,33.66,33.759998,656500,27.082909
2011-03-21,34.150002,34.459999,33.669998,33.82,1317600,27.131043
2011-03-18,33.75,34.00,33.439999,33.82,1514800,27.131043
2011-03-17,34.139999,34.279999,33.400002,33.490002,775400,26.866313
2011-03-16,34.209999,34.450001,33.529999,33.799999,1343900,27.114999
2011-03-15,33.169998,34.389999,33.09,34.349998,1263400,27.556218
2011-03-14,33.970001,34.299999,33.619999,33.869999,601300,27.171154
2011-03-11,33.709999,34.299999,33.50,34.139999,539500,27.387753
2011-03-10,33.630001,34.099998,33.110001,33.950001,1528800,27.235333
2011-03-09,33.91,34.619999,33.860001,34.119999,1231800,27.371708
2011-03-08,34.189999,34.400002,33.889999,34.080002,1415500,27.339622
2011-03-07,34.98,35.040001,33.779999,34.43,912800,27.620397
2011-03-04,34.119999,35.220001,33.849998,34.77,2739800,27.893152
2011-03-03,33.599998,34.23,33.389999,34.200001,1498100,27.435887
2011-03-02,33.080002,33.549999,32.84,33.369999,1280700,26.770044
2011-03-01,33.950001,34.400002,32.900002,33.200001,1942900,26.633669
2011-02-28,33.23,34.18,33.18,33.950001,3565300,27.235333
2011-02-25,32.549999,33.299999,32.48,33.169998,1691000,26.6096
2011-02-24,31.530001,32.830002,31.219999,32.459999,1836800,26.040025
2011-02-23,30.17,33.220001,30.01,32.360001,4787000,25.959805
2011-02-22,32.630001,32.650002,31.790001,32.139999,2495400,25.783315
2011-02-18,32.560001,33.060001,32.00,33.02,1643700,26.489269
2011-02-17,32.169998,33.970001,32.169998,33.43,1737100,26.818179
2011-02-16,32.540001,32.799999,32.240002,32.290001,810000,25.903649
2011-02-15,32.439999,32.849998,32.080002,32.52,793200,26.088159
2011-02-14,33.009998,33.150002,32.48,32.50,661100,26.072115
2011-02-11,32.450001,33.470001,32.34,33.080002,1579200,26.537403
2011-02-10,32.07,32.599998,31.75,32.580002,803500,26.136294
2011-02-09,32.43,32.470001,31.90,32.209999,762900,25.83947
2011-02-08,31.99,32.560001,31.889999,32.450001,922500,26.032004
2011-02-07,31.91,32.299999,31.90,31.99,1019100,25.662983
2011-02-04,30.99,32.59,30.90,31.940001,2463400,25.622873
2011-02-03,30.65,30.77,30.129999,30.68,1252800,24.612077
2011-02-02,30.67,30.83,30.43,30.58,994600,24.531854
2011-02-01,30.809999,31.280001,30.52,30.790001,1105400,24.700321
2011-01-31,30.790001,30.969999,30.34,30.83,1045500,24.732409
2011-01-28,31.58,31.58,30.290001,30.809999,1022500,24.716364
2011-01-27,31.65,31.82,31.33,31.530001,718400,25.293963
2011-01-26,31.719999,32.16,31.469999,31.540001,968500,25.301985
2011-01-25,31.360001,31.76,31.17,31.719999,907700,25.446383
2011-01-24,30.790001,31.85,30.719999,31.52,1066400,25.285941
2011-01-21,31.129999,31.459999,30.68,30.790001,981700,24.700321
2011-01-20,31.40,31.719999,31.040001,31.040001,1165500,24.900876
2011-01-19,31.870001,31.98,31.10,31.58,1451400,25.334073
2011-01-18,30.85,31.92,30.85,31.92,1348400,25.606828
2011-01-14,30.75,30.91,30.690001,30.85,1074900,24.748454
2011-01-13,30.90,31.00,30.700001,30.76,635900,24.676254
2011-01-12,30.780001,30.91,30.58,30.90,647000,24.788564
2011-01-11,30.58,30.83,30.48,30.77,662800,24.684276
2011-01-10,30.40,30.559999,30.01,30.469999,1035900,24.44361
2011-01-07,31.07,31.190001,30.07,30.530001,1140700,24.491744
2011-01-06,31.360001,31.709999,30.700001,30.90,1497800,24.788564
2011-01-05,30.940001,31.84,30.940001,31.459999,1269600,25.237806
2011-01-04,31.209999,31.299999,30.809999,31.07,987100,24.924941
2011-01-03,31.15,31.700001,30.959999,31.209999,1344600,25.037252
2010-12-31,30.870001,31.219999,30.83,30.99,854900,24.860764
2010-12-30,30.24,31.07,30.040001,30.98,817800,24.852742
2010-12-29,30.110001,30.34,30.00,30.33,1035700,24.3313
2010-12-28,30.379999,30.459999,29.58,30.209999,1479500,24.235033
2010-12-27,30.290001,30.65,30.139999,30.43,754600,24.411522
2010-12-23,30.459999,30.530001,29.950001,30.360001,871400,24.355367
2010-12-22,31.18,31.25,30.49,30.57,1260800,24.523832
2010-12-21,31.35,31.639999,31.24,31.25,869700,25.069341
2010-12-20,31.67,31.879999,31.15,31.389999,913000,25.181651
2010-12-17,31.27,32.43,31.219999,31.76,6738900,25.478473
2010-12-16,31.18,31.65,30.76,31.48,1092000,25.253851
2010-12-15,31.25,31.66,31.049999,31.23,1575700,25.053296
2010-12-14,30.52,31.42,30.459999,31.32,1575600,25.125496
2010-12-13,30.280001,30.51,29.93,30.51,1300600,24.475699
2010-12-10,30.290001,30.290001,29.780001,30.23,1664100,24.251077
2010-12-09,30.27,30.610001,29.799999,30.00,2140300,24.066567
2010-12-08,30.73,30.969999,30.35,30.35,1643600,24.347344
2010-12-07,31.85,31.99,30.57,30.73,2439500,24.652187
2010-12-06,31.67,32.00,31.450001,31.68,1939900,25.414295
2010-12-03,30.33,31.90,30.15,31.84,2216000,25.54265
2010-12-02,29.83,30.620001,29.65,30.58,1157500,24.531854
2010-12-01,29.290001,29.98,29.290001,29.90,1408600,23.986345
2010-11-30,28.870001,29.059999,28.65,28.959999,1882300,23.232259
2010-11-29,29.08,29.299999,28.68,29.18,959900,23.408748
2010-11-26,29.08,29.26,28.85,29.16,341200,23.392703
2010-11-24,28.709999,29.440001,28.709999,29.40,774200,23.585236
2010-11-23,28.559999,28.790001,28.49,28.52,937800,22.879284
2010-11-22,28.84,29.01,28.57,28.84,1194800,23.135994
2010-11-19,28.790001,29.129999,28.76,28.84,1189800,23.135994
2010-11-18,29.540001,29.639999,28.799999,28.85,1873400,23.144016
2010-11-17,29.120001,29.389999,29.00,29.360001,1126800,23.553148
2010-11-16,29.27,29.68,29.00,29.139999,1305100,23.376659
2010-11-15,29.75,30.00,29.51,29.559999,1390200,23.713591
2010-11-12,29.25,29.709999,29.17,29.66,1717200,23.793813
2010-11-11,29.620001,29.77,29.25,29.35,2012200,23.545125
2010-11-10,29.959999,30.27,29.799999,29.99,1082900,24.058545
2010-11-09,30.389999,30.450001,29.860001,30.01,2165500,24.07459
2010-11-08,30.98,31.10,30.35,30.49,2295400,24.459655
2010-11-05,31.709999,31.870001,30.870001,31.17,2659200,25.005164
2010-11-04,31.75,32.240002,31.43,31.860001,3187700,25.558695
2010-11-03,29.889999,33.52,29.700001,31.26,7291600,25.077363
2010-11-02,33.43,33.639999,32.84,33.009998,1849800,26.481245
2010-11-01,33.549999,33.790001,33.009998,33.349998,1624800,26.754
2010-10-29,32.68,33.240002,32.68,32.84,1177600,26.344869
2010-10-28,33.619999,33.639999,32.709999,32.830002,1074100,26.336848
2010-10-27,33.59,33.970001,33.130001,33.619999,1593900,26.970599
2010-10-26,32.099998,34.970001,31.50,34.00,5034500,27.275443
2010-10-25,32.029999,32.349998,31.83,32.049999,1306000,25.711116
2010-10-22,31.049999,31.940001,30.799999,31.92,1128900,25.606828
2010-10-21,31.610001,31.700001,30.74,31.049999,1185400,24.908897
2010-10-20,31.040001,31.59,30.83,31.51,1000700,25.277918
2010-10-19,30.74,31.299999,30.40,30.879999,807900,24.772519
2010-10-18,31.24,31.299999,30.700001,31.07,1030400,24.924941
2010-10-15,31.719999,31.76,30.889999,31.40,1185600,25.189674
2010-10-14,30.969999,32.849998,30.77,31.49,2761600,25.261873
2010-10-13,30.889999,31.50,30.51,31.40,971100,25.189674
2010-10-12,30.15,30.860001,29.700001,30.790001,857800,24.700321
2010-10-11,30.459999,30.469999,30.15,30.290001,473500,24.299212
2010-10-08,30.129999,30.719999,30.00,30.51,753900,24.475699
2010-10-07,30.139999,30.50,30.08,30.32,764300,24.323277
2010-10-06,30.059999,30.290001,29.60,30.10,1532200,24.14679
2010-10-05,30.030001,30.889999,29.93,30.190001,1364800,24.218989
2010-10-04,30.00,30.190001,29.190001,29.73,1167000,23.849968
2010-10-01,30.790001,30.950001,29.950001,29.98,950200,24.050523
2010-09-30,30.83,31.00,30.15,30.35,1437800,24.347344
2010-09-29,30.41,30.790001,30.190001,30.639999,1137900,24.579987
2010-09-28,30.700001,30.93,29.709999,30.68,1141500,24.612077
2010-09-27,31.48,31.49,30.559999,30.68,867200,24.612077
2010-09-24,30.700001,31.860001,30.559999,31.60,1528800,25.350118
2010-09-23,29.59,30.35,29.49,30.299999,918600,24.307232
2010-09-22,30.50,30.50,29.66,29.83,870300,23.93019
2010-09-21,30.85,30.85,29.90,30.139999,1056900,24.178878
2010-09-20,30.290001,31.00,29.75,30.879999,1808300,24.772519
2010-09-17,29.709999,29.93,29.43,29.639999,1535100,23.777768
2010-09-16,29.690001,30.15,29.459999,29.68,925300,23.809858
2010-09-15,29.799999,29.969999,29.49,29.68,985100,23.809858
2010-09-14,29.60,29.99,29.389999,29.83,1045700,23.93019
2010-09-13,28.200001,29.98,27.99,29.76,1999700,23.874035
2010-09-10,28.129999,28.379999,27.629999,27.82,694400,22.31773
2010-09-09,28.110001,28.190001,27.799999,27.99,835400,22.454107
2010-09-08,27.780001,28.200001,27.75,27.879999,859200,22.365863
2010-09-07,28.32,28.389999,27.629999,27.77,983900,22.27762
2010-09-03,28.00,28.540001,27.82,28.40,1051400,22.783017
2010-09-02,27.629999,27.639999,27.200001,27.629999,1108500,22.165308
2010-09-01,27.139999,28.139999,27.139999,27.67,1983900,22.197397
2010-08-31,26.459999,26.799999,26.26,26.610001,1446300,21.347046
2010-08-30,26.98,27.209999,26.620001,26.65,709700,21.379134
2010-08-27,26.90,27.219999,26.58,27.120001,1173900,21.756178
2010-08-26,27.389999,27.530001,26.75,26.76,1158400,21.467378
2010-08-25,26.190001,27.450001,26.110001,27.33,1417000,21.924643
2010-08-24,26.790001,27.10,26.51,26.549999,1160300,21.298912
2010-08-23,27.51,27.719999,27.049999,27.110001,822200,21.748155
2010-08-20,27.27,27.50,26.74,27.440001,1247300,22.012887
2010-08-19,27.68,27.90,27.00,27.41,1243100,21.98882
2010-08-18,27.559999,28.110001,27.139999,27.91,1109200,22.38993
2010-08-17,27.040001,28.139999,27.040001,27.68,2076600,22.20542
2010-08-16,26.91,27.27,26.57,26.84,2338900,21.531556
2010-08-13,27.799999,28.02,27.030001,27.049999,2179000,21.700021
2010-08-12,27.83,28.57,27.610001,28.00,1597700,22.46213
2010-08-11,29.00,29.00,27.540001,27.959999,3534700,22.43004
2010-08-10,30.58,31.32,29.33,29.59,1361700,23.737658
2010-08-09,30.280001,30.959999,30.049999,30.809999,1077200,24.716364
2010-08-06,29.629999,30.33,29.27,30.24,1961900,24.2591
2010-08-05,28.799999,30.01,28.65,29.99,2084800,24.058545
2010-08-04,30.360001,31.030001,28.690001,29.02,4826900,23.280393
2010-08-03,29.040001,29.91,28.90,29.35,2561600,23.545125
2010-08-02,28.73,29.379999,28.559999,29.219999,1696000,23.440836
2010-07-30,28.120001,28.559999,27.620001,28.51,3393000,22.871261
2010-07-29,30.200001,30.200001,28.00,28.549999,2146200,22.903349
2010-07-28,30.33,30.50,29.67,29.75,696400,23.866013
2010-07-27,30.85,30.90,30.26,30.440001,1357400,24.419544
2010-07-26,30.709999,31.00,30.26,30.73,698600,24.652187
2010-07-23,29.969999,30.75,29.639999,30.709999,651500,24.636142
2010-07-22,29.59,30.549999,29.41,30.00,1008500,24.066567
2010-07-21,30.25,30.290001,29.27,29.299999,875000,23.505014
2010-07-20,29.450001,30.15,29.23,30.110001,1175200,24.154812
2010-07-19,29.83,30.00,29.51,29.91,659000,23.994368
2010-07-16,30.32,30.32,29.50,29.66,1453500,23.793813
2010-07-15,30.139999,30.48,29.91,30.290001,916600,24.299212
2010-07-14,30.360001,30.469999,30.00,30.24,736000,24.2591
2010-07-13,29.530001,30.459999,29.530001,30.299999,954100,24.307232
2010-07-12,30.18,30.18,29.10,29.33,1588700,23.529081
2010-07-09,30.200001,30.620001,30.01,30.34,743800,24.339322
2010-07-08,29.93,30.360001,29.84,30.299999,913300,24.307232
2010-07-07,28.280001,30.00,28.08,29.93,1667900,24.010412
2010-07-06,29.530001,29.60,28.65,28.940001,1339400,23.216216
2010-07-02,28.91,29.719999,28.790001,29.27,1881000,23.480948
2010-07-01,29.139999,30.00,28.76,29.799999,1490100,23.906123
2010-06-30,29.42,30.190001,29.10,29.18,1974600,23.408748
2010-06-29,30.459999,30.879999,29.09,29.26,2344500,23.472926
2010-06-28,31.90,31.959999,30.530001,30.60,1940000,24.547899
2010-06-25,32.139999,32.43,31.809999,32.02,3730900,25.68705
2010-06-24,32.099998,32.400002,31.76,31.860001,1068600,25.558695
2010-06-23,31.92,32.450001,31.809999,32.099998,887900,25.751226
2010-06-22,32.02,32.57,31.90,31.950001,1283600,25.630895
2010-06-21,32.299999,32.50,31.92,32.029999,1509800,25.695071
2010-06-18,32.189999,32.889999,31.969999,31.969999,1588100,25.646938
2010-06-17,32.689999,32.75,32.00,32.25,1119900,25.87156
2010-06-16,32.880001,32.959999,32.299999,32.669998,940900,26.20849
2010-06-15,32.639999,33.23,32.299999,33.18,1103900,26.617624
2010-06-14,34.400002,34.490002,32.470001,32.560001,2016400,26.120249
2010-06-11,32.700001,34.34,32.700001,34.299999,1667400,27.516108
2010-06-10,32.639999,33.290001,32.25,33.16,1270100,26.601579
2010-06-09,32.439999,33.23,32.060001,32.139999,1088300,25.783315
2010-06-08,31.209999,32.84,31.17,32.330002,1849100,25.935739
2010-06-07,31.959999,32.240002,31.129999,31.219999,1913500,25.045274
2010-06-04,32.150002,32.450001,31.66,32.00,1906400,25.671005
2010-06-03,33.150002,33.150002,32.07,32.779999,1411600,26.296735
2010-06-02,32.150002,33.23,32.00,33.099998,1228000,26.553445
2010-06-01,33.59,33.599998,32.049999,32.07,1183800,25.72716
2010-05-28,33.099998,33.779999,32.849998,33.580002,1412600,26.938513
2010-05-27,32.490002,33.169998,32.119999,33.099998,1544300,26.553445
2010-05-26,32.970001,33.41,31.780001,31.82,2283800,25.526606
2010-05-25,32.599998,33.259998,32.00,33.00,2596000,26.473224
2010-05-24,33.73,33.98,33.07,33.099998,1525800,26.553445
2010-05-21,33.689999,34.279999,32.830002,33.529999,2275900,26.898399
2010-05-20,33.450001,34.00,32.810001,33.439999,1935800,26.826199
2010-05-19,33.119999,34.990002,33.009998,34.259998,2383000,27.484019
2010-05-18,34.23,34.490002,33.099998,33.34,2363800,26.745979
2010-05-17,33.740002,34.439999,32.889999,34.009998,2217100,27.283464
2010-05-14,32.549999,33.75,32.25,33.529999,2278300,26.898399
2010-05-13,33.509998,34.369999,32.849998,32.91,1749500,26.401024
2010-05-12,34.18,34.32,33.200001,33.939999,2354900,27.227309
2010-05-11,35.50,35.740002,34.049999,34.169998,2821900,27.411819
2010-05-10,36.009998,36.009998,33.849998,35.599998,2313700,28.558992
2010-05-07,33.52,34.990002,33.25,34.259998,2116400,27.484019
2010-05-06,34.00,35.349998,32.099998,33.490002,2903900,26.866313
2010-05-05,32.50,36.00,31.99,34.189999,7500100,27.427864
2010-05-04,38.689999,38.689999,36.50,37.48,2637200,30.067165
2010-05-03,37.740002,39.049999,37.560001,38.98,1476100,31.270493
2010-04-30,38.689999,39.00,37.23,37.380001,1846300,29.986944
2010-04-29,38.299999,38.93,38.02,38.740002,1276400,31.077962
2010-04-28,38.279999,38.50,37.779999,38.25,952200,30.684873
2010-04-27,37.830002,38.50,37.830002,38.150002,2263300,30.604653
2010-04-26,37.619999,38.27,37.459999,37.700001,1116500,30.243654
2010-04-23,37.529999,37.650002,37.169998,37.52,1021100,30.099254
2010-04-22,36.630001,37.549999,36.360001,37.529999,1080900,30.107275
2010-04-21,36.900002,36.98,36.299999,36.889999,1185500,29.593855
2010-04-20,36.799999,36.919998,36.360001,36.709999,820800,29.449456
2010-04-19,36.029999,37.490002,35.66,36.650002,2153000,29.401324
2010-04-16,36.990002,37.200001,35.610001,36.119999,2209900,28.976146
2010-04-15,37.310001,37.759998,37.139999,37.189999,1156500,29.83452
2010-04-14,36.619999,37.169998,36.400002,37.119999,1744000,29.778365
2010-04-13,36.349998,36.810001,36.099998,36.389999,1867400,29.192746
2010-04-12,38.23,38.290001,37.599998,37.610001,2180900,28.967324
2010-04-09,38.139999,38.470001,37.970001,38.119999,945600,29.360126
2010-04-08,38.560001,38.599998,37.529999,38.139999,1699200,29.37553
2010-04-07,39.25,39.43,38.16,38.639999,2150400,29.760632
2010-04-06,37.849998,38.82,37.759998,38.580002,1649400,29.714421
2010-04-05,38.02,38.18,36.869999,37.889999,2353000,29.18298
2010-04-01,38.84,39.099998,37.84,37.990002,1971900,29.260002
2010-03-31,37.779999,38.630001,37.200001,38.630001,2309000,29.752931
2010-03-30,39.360001,39.360001,37.810001,38.099998,3068500,29.344722
2010-03-29,40.00,40.009998,38.849998,39.139999,2166600,30.145733
2010-03-26,39.02,40.189999,39.02,39.939999,2049600,30.761895
2010-03-25,38.490002,40.470001,38.310001,39.02,4617400,30.05331
2010-03-24,37.419998,38.240002,37.150002,38.049999,2295400,29.306212
2010-03-23,36.27,37.400002,36.07,37.240002,2523300,28.68235
2010-03-22,36.00,36.419998,35.77,36.23,1485000,27.904443
2010-03-19,37.00,37.349998,35.900002,36.130001,1847900,27.827424
2010-03-18,37.439999,37.459999,36.200001,36.740002,2051900,28.297248
2010-03-17,35.84,37.650002,35.82,37.27,3544000,28.705455
2010-03-16,35.650002,35.860001,35.209999,35.299999,1367200,27.188155
2010-03-15,35.790001,36.34,35.439999,35.59,1456500,27.411514
2010-03-12,35.57,36.00,35.57,35.91,1271900,27.657979
2010-03-11,35.450001,35.950001,35.150002,35.91,1128200,27.657979
2010-03-10,35.060001,35.700001,35.060001,35.700001,1171700,27.496237
2010-03-09,34.959999,35.599998,34.669998,35.380001,2213000,27.249772
2010-03-08,34.619999,35.130001,34.529999,35.110001,1756200,27.041817
2010-03-05,33.959999,34.869999,33.880001,34.68,1630400,26.71063
2010-03-04,33.889999,34.00,33.580002,33.860001,1121000,26.079064
2010-03-03,33.150002,34.00,33.00,33.82,2540700,26.048255
2010-03-02,32.490002,33.290001,32.369999,32.990002,2882700,25.408988
2010-03-01,32.25,32.50,31.93,32.470001,2477500,25.008482
2010-02-26,31.82,32.18,31.309999,31.950001,1918200,24.607977
2010-02-25,32.259998,32.400002,31.110001,31.92,3398900,24.58487
2010-02-24,33.389999,33.50,31.35,32.450001,9779600,24.993078
2010-02-23,34.93,35.200001,34.029999,34.450001,2366400,26.533483
2010-02-22,33.98,35.189999,33.950001,34.919998,2520200,26.895477
2010-02-19,33.580002,34.049999,33.419998,33.720001,1502900,25.971236
2010-02-18,33.59,34.00,33.34,33.790001,2302000,26.02515
2010-02-17,33.130001,33.43,32.650002,33.00,1298700,25.416689
2010-02-16,32.150002,32.970001,32.099998,32.790001,1713600,25.254947
2010-02-12,31.90,32.00,31.639999,31.950001,2122000,24.607977
2010-02-11,31.90,32.580002,31.82,32.419998,1404800,24.96997
2010-02-10,31.83,32.119999,31.51,31.90,1061800,24.569466
2010-02-09,32.450001,32.450001,31.40,31.92,2129800,24.58487
2010-02-08,32.43,32.540001,31.780001,31.90,968100,24.569466
2010-02-05,32.360001,32.650002,31.48,32.389999,1853900,24.946865
2010-02-04,32.860001,32.98,32.209999,32.220001,2093800,24.815932
2010-02-03,33.02,33.529999,32.66,33.07,1738600,25.470603
2010-02-02,32.52,33.470001,32.310001,33.279999,1355700,25.632345
2010-02-01,32.34,32.779999,32.139999,32.529999,1467700,25.054693
2010-01-29,33.040001,33.540001,32.310001,32.310001,1413700,24.88525
2010-01-28,33.68,33.990002,32.349998,32.810001,1580500,25.270352
2010-01-27,33.029999,33.650002,32.919998,33.560001,1354400,25.848004
2010-01-26,33.43,33.880001,32.810001,33.150002,1135500,25.532221
2010-01-25,33.41,34.310001,33.400002,33.48,1098900,25.786386
2010-01-22,34.099998,34.439999,33.330002,33.419998,2037400,25.740173
2010-01-21,34.540001,35.880001,33.950001,34.16,4361300,26.310124
2010-01-20,36.98,36.98,35.57,36.150002,2482600,27.842829
2010-01-19,35.00,37.240002,34.919998,37.099998,3470100,28.574519
2010-01-15,35.34,35.43,34.66,35.130001,2058000,27.057222
2010-01-14,34.330002,35.490002,34.279999,35.189999,2645400,27.103432
2010-01-13,34.080002,34.799999,33.889999,34.669998,2221800,26.702926
2010-01-12,33.91,34.349998,33.459999,33.810001,2400900,26.040554
2010-01-11,34.099998,34.450001,33.52,34.290001,1997700,26.410251
2010-01-08,33.119999,34.169998,32.810001,33.790001,3936100,26.02515
2010-01-07,31.76,32.290001,30.85,32.169998,2962600,24.777419
2010-01-06,32.200001,32.82,31.85,32.02,1283100,24.661891
2010-01-05,32.16,32.630001,31.74,32.259998,1719300,24.846738
2010-01-04,31.42,32.240002,30.98,32.18,2098800,24.785123
2009-12-31,31.620001,31.75,30.58,30.700001,1396300,23.645223
2009-12-30,31.43,32.169998,31.120001,31.52,1884600,24.276789
2009-12-29,30.780001,31.200001,30.780001,31.15,1027300,23.991814
2009-12-28,30.91,31.139999,30.709999,30.90,888700,23.799263
2009-12-24,30.60,30.98,30.33,30.98,517700,23.860879
2009-12-23,30.10,30.870001,29.93,30.40,1896100,23.414162
2009-12-22,30.75,31.16,30.139999,30.26,1664900,23.306334
2009-12-21,31.23,31.549999,30.51,30.700001,1689500,23.645223
2009-12-18,31.440001,31.85,30.84,31.139999,2320700,23.984111
2009-12-17,30.85,31.67,30.540001,31.360001,2178800,24.153557
2009-12-16,30.65,31.00,30.530001,30.90,1364500,23.799263
2009-12-15,30.59,30.889999,30.35,30.540001,1532700,23.521991
2009-12-14,30.65,31.02,30.559999,30.700001,986000,23.645223
2009-12-11,30.860001,30.860001,29.41,30.450001,2760300,23.452673
2009-12-10,31.440001,31.48,30.540001,30.709999,1988100,23.652924
2009-12-09,30.09,31.690001,29.559999,31.33,3334600,24.13045
2009-12-08,30.00,30.370001,29.48,30.030001,1864500,23.129187
2009-12-07,30.73,30.82,30.040001,30.200001,1438700,23.260122
2009-12-04,30.709999,31.40,30.450001,30.73,2311800,23.668329
2009-12-03,30.10,30.639999,30.10,30.40,2411600,23.414162
2009-12-02,29.84,30.68,29.48,29.98,3107000,23.090676
2009-12-01,30.02,30.15,29.459999,29.620001,3318100,22.813405
2009-11-30,31.10,31.209999,29.219999,29.879999,4077800,23.013656
2009-11-27,30.799999,31.120001,30.049999,31.01,871700,23.883986
2009-11-25,31.700001,31.950001,31.58,31.83,1142300,23.937899
2009-11-24,31.59,31.99,31.16,31.620001,1575600,23.779968
2009-11-23,31.25,32.00,31.25,31.74,1779500,23.870214
2009-11-20,30.98,31.51,30.49,30.860001,1998700,23.208406
2009-11-19,32.189999,32.349998,30.84,31.50,2874800,23.689721
2009-11-18,32.23,32.490002,31.85,32.48,2275800,24.426734
2009-11-17,31.75,32.380001,31.60,32.330002,2953500,24.313928
2009-11-16,30.50,31.950001,30.459999,31.799999,3848900,23.915337
2009-11-13,29.879999,30.43,29.549999,30.370001,2610600,22.8399
2009-11-12,29.85,29.959999,29.23,29.91,3391300,22.493954
2009-11-11,28.99,29.620001,28.719999,29.51,3084800,22.193132
2009-11-10,28.120001,29.09,28.10,28.83,3548400,21.681735
2009-11-09,28.52,28.790001,27.629999,28.120001,5337300,21.147777
2009-11-06,27.83,28.530001,27.74,28.43,3078500,21.380913
2009-11-05,27.110001,28.49,26.90,28.139999,6540600,21.162817
2009-11-04,32.959999,33.23,26.540001,26.84,19752900,20.185146
2009-11-03,30.200001,31.549999,30.120001,31.41,3821900,23.622036
2009-11-02,30.200001,31.16,29.799999,30.459999,4022900,22.907583
2009-10-30,30.440001,30.77,29.629999,30.26,4920600,22.757173
2009-10-29,30.51,31.92,30.25,30.85,6150300,23.200886
2009-10-28,36.02,36.07,30.85,31.59,11081500,23.757406
2009-10-27,38.419998,38.919998,37.439999,37.779999,1593600,28.412623
2009-10-26,38.130001,39.029999,38.09,38.34,2532900,28.833775
2009-10-23,39.07,39.240002,37.82,37.919998,2169600,28.51791
2009-10-22,38.84,39.25,38.349998,38.98,1695100,29.315089
2009-10-21,38.00,39.34,38.00,38.66,1999700,29.074432
2009-10-20,38.619999,38.84,37.779999,38.169998,1218200,28.705924
2009-10-19,37.540001,38.959999,37.41,38.84,2364000,29.209802
2009-10-16,39.18,39.18,37.209999,37.540001,2745000,28.232132
2009-10-15,39.25,39.50,38.700001,39.279999,1137700,29.540705
2009-10-14,38.759998,39.650002,38.709999,39.580002,2039200,29.766324
2009-10-13,38.560001,38.73,38.16,38.419998,1411800,28.893938
2009-10-12,37.68,38.779999,37.650002,38.43,1165500,28.90146
2009-10-09,37.330002,37.700001,36.720001,37.639999,869700,28.307336
2009-10-08,37.439999,37.869999,36.740002,37.369999,1891800,28.104281
2009-10-07,36.669998,37.23,36.360001,37.110001,1928000,27.908748
2009-10-06,35.98,37.09,35.900002,36.810001,2529700,27.683132
2009-10-05,34.959999,35.919998,34.740002,35.869999,1370900,26.976199
2009-10-02,35.34,35.48,34.50,34.990002,2919600,26.314393
2009-10-01,37.610001,37.849998,35.84,36.040001,2305500,27.10405
2009-09-30,37.73,38.200001,36.549999,37.740002,2630200,28.382543
2009-09-29,36.939999,37.68,36.68,37.57,2421900,28.254692
2009-09-28,35.360001,36.990002,35.169998,36.849998,1608700,27.713212
2009-09-25,35.00,35.490002,34.720001,35.27,1144800,26.524967
2009-09-24,36.509998,36.650002,35.080002,35.169998,1770200,26.44976
2009-09-23,37.23,37.360001,36.369999,36.389999,1508500,27.367268
2009-09-22,36.860001,37.639999,36.799999,37.23,1684500,27.998994
2009-09-21,36.50,37.130001,36.110001,36.799999,1386300,27.67561
2009-09-18,37.139999,37.48,36.110001,36.66,2217900,27.570323
2009-09-17,37.380001,37.509998,36.650002,36.82,1767900,27.690651
2009-09-16,37.50,37.700001,36.860001,37.23,2130800,27.998994
2009-09-15,36.799999,37.139999,35.93,36.82,2146700,27.690651
2009-09-14,36.00,36.849998,35.369999,36.810001,3195700,27.683132
2009-09-11,37.84,37.84,35.830002,36.18,4741900,27.209337
2009-09-10,35.98,36.75,35.700001,36.060001,3685400,27.119091
2009-09-09,34.00,36.029999,33.91,35.98,5428000,27.058925
2009-09-08,33.259998,34.360001,33.150002,33.91,3717800,25.502172
2009-09-04,31.43,32.970001,31.16,32.860001,5743200,24.712516
2009-09-03,32.150002,32.380001,31.360001,31.549999,2121300,23.727323
2009-09-02,31.68,32.07,30.83,31.860001,2879500,23.960461
2009-09-01,32.73,33.779999,31.629999,31.76,3725400,23.885255
2009-08-31,32.23,32.869999,31.860001,32.869999,2654200,24.720035
2009-08-28,32.380001,32.709999,31.74,32.32,2025400,24.306405
2009-08-27,32.00,32.290001,31.290001,32.240002,2406500,24.246243
2009-08-26,30.940001,32.75,30.790001,31.84,6446200,23.94542
2009-08-25,29.870001,30.75,29.870001,30.450001,1979400,22.900064
2009-08-24,30.110001,30.309999,29.41,29.879999,2102200,22.471392
2009-08-21,29.85,29.90,29.200001,29.780001,2088900,22.396187
2009-08-20,29.200001,29.58,28.889999,29.469999,1587000,22.163049
2009-08-19,28.73,29.450001,28.27,29.25,2854600,21.997598
2009-08-18,28.25,29.08,27.969999,29.040001,3602800,21.839667
2009-08-17,28.40,28.450001,27.719999,27.950001,3545600,21.019928
2009-08-14,30.530001,30.719999,28.48,28.719999,6410200,21.599009
2009-08-13,31.469999,31.65,30.76,30.76,3238900,23.133201
2009-08-12,30.959999,31.91,30.629999,31.27,4188800,23.516749
2009-08-11,32.810001,33.040001,32.150002,32.450001,3025900,24.404173
2009-08-10,32.34,32.950001,32.25,32.889999,2618600,24.735076
2009-08-07,31.93,32.459999,31.65,32.310001,2227800,24.298886
2009-08-06,32.900002,33.27,30.90,31.639999,6000900,23.795008
2009-08-05,32.310001,33.900002,31.25,33.66,14888500,25.314159
2009-08-04,27.879999,28.27,27.059999,27.18,2987000,20.440845
2009-08-03,27.85,28.139999,27.41,27.98,1943500,21.042488
2009-07-31,27.51,27.969999,27.309999,27.66,1389500,20.801831
2009-07-30,27.360001,28.48,27.110001,27.219999,2818400,20.470927
2009-07-29,27.389999,27.48,26.74,26.93,1505700,20.252831
2009-07-28,27.17,27.40,26.59,27.209999,1532500,20.463406
2009-07-27,27.50,27.799999,26.959999,27.42,1681400,20.621338
2009-07-24,27.280001,27.68,26.639999,27.65,1861400,20.79431
2009-07-23,26.35,27.940001,26.08,27.709999,3863600,20.839433
2009-07-22,24.629999,26.75,24.629999,26.389999,4383700,19.846721
2009-07-21,24.780001,24.91,24.190001,24.620001,1360600,18.515586
2009-07-20,24.639999,25.00,24.32,24.700001,1645300,18.57575
2009-07-17,24.40,24.879999,24.40,24.60,1786200,18.500544
2009-07-16,23.620001,24.90,23.60,24.77,2744400,18.628394
2009-07-15,22.950001,23.700001,22.950001,23.65,3321600,17.786092
2009-07-14,23.01,23.219999,22.610001,22.950001,1765200,17.259654
2009-07-13,23.110001,23.15,22.35,23.139999,1576800,17.402544
2009-07-10,22.700001,23.129999,22.360001,23.09,1568600,17.364942
2009-07-09,22.870001,23.030001,22.40,22.74,1928000,17.101722
2009-07-08,22.60,22.940001,22.200001,22.889999,3704200,17.21453
2009-07-07,23.360001,23.40,22.629999,22.67,2390800,17.049079
2009-07-06,23.559999,23.860001,23.07,23.32,2423200,17.537914
2009-07-02,23.90,24.049999,23.360001,23.719999,1944700,17.838735
2009-07-01,24.00,24.450001,23.559999,24.049999,2189200,18.086913
2009-06-30,23.99,24.49,23.48,23.82,2956800,17.913941
2009-06-29,23.65,24.209999,23.440001,24.16,2800100,18.16964
2009-06-26,22.50,23.799999,22.43,23.639999,3639600,17.778571
2009-06-25,20.99,22.860001,20.889999,22.67,4648400,17.049079
2009-06-24,21.60,22.469999,21.60,22.280001,2276700,16.755778
2009-06-23,21.77,22.299999,21.66,21.90,1823200,16.469996
2009-06-22,22.08,22.10,21.51,21.780001,2064100,16.37975
2009-06-19,21.84,22.530001,21.66,22.27,2805300,16.748257
2009-06-18,21.98,21.98,21.32,21.459999,2345000,16.139092
2009-06-17,21.91,22.440001,21.629999,22.139999,1526700,16.650489
2009-06-16,22.190001,22.67,21.780001,21.809999,2411300,16.402311
2009-06-15,22.629999,22.690001,21.610001,22.02,2087000,16.560243
2009-06-12,23.049999,23.18,22.450001,22.940001,1456500,17.252134
2009-06-11,23.00,23.66,22.74,23.25,2401900,17.48527
2009-06-10,23.98,24.129999,23.10,23.57,1397900,17.725927
2009-06-09,22.870001,23.860001,22.700001,23.73,1754700,17.846256
2009-06-08,22.84,22.99,22.40,22.76,2511000,17.116764
2009-06-05,23.57,23.57,22.67,23.09,1914300,17.364942
2009-06-04,22.309999,23.67,22.299999,23.290001,2895200,17.515353
2009-06-03,23.08,23.08,21.98,22.17,1695400,16.673051
2009-06-02,21.85,23.08,21.77,22.950001,2902600,17.259654
2009-06-01,21.200001,22.049999,21.049999,21.700001,1836800,16.319586
2009-05-29,20.34,20.879999,20.34,20.860001,1480500,15.68786
2009-05-28,20.549999,20.639999,19.90,20.58,1422600,15.477284
2009-05-27,20.870001,20.889999,20.27,20.360001,2476800,15.311833
2009-05-26,19.41,20.879999,19.40,20.860001,2351200,15.68786
2009-05-22,20.129999,20.18,19.58,19.74,1212400,14.845558
2009-05-21,20.00,20.209999,19.60,19.84,2521300,14.920764
2009-05-20,20.10,20.549999,19.940001,20.190001,2023200,15.183983
2009-05-19,19.98,20.50,19.91,20.139999,3768800,15.14638
2009-05-18,20.84,20.84,20.08,20.290001,2363400,15.259189
2009-05-15,20.639999,20.92,20.360001,20.74,1319500,15.597613
2009-05-14,20.299999,20.959999,20.09,20.74,1860500,15.597613
2009-05-13,21.01,21.18,20.030001,20.049999,3605300,15.078695
2009-05-12,22.620001,22.620001,21.23,21.27,3251000,15.996202
2009-05-11,22.030001,22.620001,21.99,22.26,2097100,16.740736
2009-05-08,22.07,22.60,21.799999,22.48,2703000,16.906188
2009-05-07,22.07,22.469999,21.52,21.84,3553500,16.424873
2009-05-06,23.860001,23.860001,21.309999,21.83,9867400,16.417353
2009-05-05,26.049999,26.09,25.299999,25.66,2963800,19.297722
2009-05-04,25.610001,26.290001,25.459999,25.99,1943600,19.5459
2009-05-01,25.17,25.82,24.91,25.450001,2003800,19.139791
2009-04-30,24.76,25.950001,24.76,25.190001,2796600,18.944257
2009-04-29,23.040001,24.52,23.02,24.18,2508900,18.184681
2009-04-28,23.09,23.50,22.66,22.799999,1660600,17.146845
2009-04-27,23.43,23.530001,23.09,23.41,2741000,17.605599
2009-04-24,22.309999,23.98,22.10,23.66,3934800,17.793612
2009-04-23,21.67,22.389999,21.34,22.16,1830500,16.665531
2009-04-22,21.299999,22.59,21.16,22.10,3198000,16.620408
2009-04-21,21.27,21.98,20.950001,21.860001,2028400,16.439915
2009-04-20,22.01,22.01,21.040001,21.389999,1853100,16.086448
2009-04-17,21.99,22.26,21.790001,22.00,2619500,16.545202
2009-04-16,22.00,22.389999,21.690001,22.120001,2838200,16.635449
2009-04-15,21.93,22.059999,21.40,21.67,1763700,16.297024
2009-04-14,21.790001,22.299999,21.51,22.01,1838700,16.552723
2009-04-13,22.139999,22.209999,21.610001,21.870001,1933000,16.447435
2009-04-09,21.25,22.530001,21.25,22.209999,2046000,16.703133
2009-04-08,20.559999,21.440001,20.559999,21.389999,1760500,16.086448
2009-04-07,21.559999,21.790001,21.120001,21.27,1301600,15.996202
2009-04-06,22.799999,23.23,21.530001,22.120001,2418200,16.635449
2009-04-03,23.10,23.42,22.58,23.10,940000,17.372462
2009-04-02,22.50,23.48,22.09,23.02,1973200,17.312298
2009-04-01,21.440001,22.18,20.66,22.07,1472500,16.597845
2009-03-31,21.26,21.799999,21.01,21.209999,1611700,15.951078
2009-03-30,22.40,22.450001,20.67,21.02,2478600,15.808189
2009-03-27,23.030001,23.33,22.440001,22.49,2218900,16.913708
2009-03-26,22.290001,23.50,22.040001,23.48,3916500,17.658242
2009-03-25,21.610001,22.41,21.00,21.940001,2793400,16.500079
2009-03-24,21.870001,22.00,21.190001,21.52,2238700,16.184216
2009-03-23,20.73,21.82,20.620001,21.82,2646300,16.409832
2009-03-20,21.25,21.299999,19.889999,20.049999,2265900,15.078695
2009-03-19,20.799999,21.00,20.559999,20.959999,2307400,15.763064
2009-03-18,20.32,20.77,19.84,20.77,2861800,15.620175
2009-03-17,19.360001,20.450001,19.07,20.440001,2097100,15.371997
2009-03-16,19.75,20.459999,19.299999,19.719999,2133700,14.830517
2009-03-13,19.76,20.389999,19.40,19.780001,2227800,14.875641
2009-03-12,18.540001,20.17,18.540001,20.139999,2752600,15.14638
2009-03-11,18.07,19.01,17.68,18.860001,3069300,14.183751
2009-03-10,17.07,18.10,17.059999,18.059999,3437500,13.582106
2009-03-09,16.74,17.32,16.709999,16.780001,1875100,12.619477
2009-03-06,17.030001,17.030001,16.48,16.879999,2674500,12.694682
2009-03-05,16.75,16.93,16.42,16.67,2060200,12.536751
2009-03-04,16.51,17.379999,16.51,17.02,2893300,12.79997
2009-03-03,16.40,16.93,16.219999,16.49,2367300,12.401381
2009-03-02,16.719999,17.17,16.10,16.190001,2479400,12.175765
2009-02-27,17.00,17.530001,16.809999,17.120001,2793300,12.875176
2009-02-26,17.129999,17.549999,16.969999,17.10,2534700,12.860134
2009-02-25,17.280001,17.49,16.700001,17.09,2548400,12.852614
2009-02-24,16.40,17.280001,16.26,17.07,3710000,12.837572
2009-02-23,15.81,17.68,15.81,16.280001,6419400,12.24345
2009-02-20,15.70,15.90,15.02,15.17,2840400,11.408669
2009-02-19,16.41,16.66,15.82,15.92,1341900,11.97271
2009-02-18,16.299999,16.66,15.83,16.290001,2085900,12.250971
2009-02-17,16.879999,16.90,15.93,16.299999,1718000,12.25849
2009-02-13,17.68,17.91,17.139999,17.200001,1509400,12.93534
2009-02-12,17.52,17.700001,16.93,17.65,1932200,13.273764
2009-02-11,17.18,17.41,16.68,16.950001,1435700,12.747327
2009-02-10,17.969999,18.00,16.85,17.059999,1744200,12.830052
2009-02-09,17.50,18.16,17.50,17.780001,2666600,13.371532
2009-02-06,17.35,17.790001,17.299999,17.549999,1732600,13.198558
2009-02-05,17.15,18.00,16.700001,17.440001,1917500,13.115833
2009-02-04,17.299999,17.780001,17.299999,17.440001,1451300,13.115833
2009-02-03,17.120001,17.379999,16.629999,17.190001,1561100,12.92782
2009-02-02,17.25,17.620001,16.77,17.120001,1275900,12.875176
2009-01-30,18.540001,18.690001,17.389999,17.530001,1248900,13.183518
2009-01-29,19.040001,19.43,18.129999,18.42,1097400,13.852846
2009-01-28,18.49,19.780001,18.41,19.370001,2053100,14.567299
2009-01-27,17.809999,18.360001,17.76,18.26,1170800,13.732518
2009-01-26,18.24,18.530001,17.620001,17.90,1249400,13.461778
2009-01-23,17.18,18.280001,16.959999,17.709999,1418500,13.318887
2009-01-22,17.530001,17.59,16.790001,17.27,1258200,12.987984
2009-01-21,16.75,17.83,16.620001,17.75,1580900,13.34897
2009-01-20,17.35,17.629999,16.43,16.60,1950000,12.484107
2009-01-16,18.110001,18.35,17.26,17.879999,1398600,13.446736
2009-01-15,17.58,18.120001,16.84,17.790001,1341100,13.379053
2009-01-14,18.60,18.870001,17.40,17.629999,1561200,13.258723
2009-01-13,18.110001,19.00,18.110001,18.870001,1866400,14.191272
2009-01-12,20.290001,20.299999,17.90,18.27,2642700,13.740038
2009-01-09,21.049999,21.309999,20.200001,20.370001,995400,15.319353
2009-01-08,21.00,21.35,20.17,21.030001,1206500,15.815709
2009-01-07,20.610001,21.09,20.200001,21.030001,1432700,15.815709
2009-01-06,20.50,21.25,19.700001,21.09,3074400,15.860832
2009-01-05,20.83,22.040001,20.75,22.00,1897500,16.545202
2009-01-02,19.00,22.00,19.00,21.77,1884800,16.37223
2008-12-31,19.02,19.85,19.02,19.17,1308600,14.416887
2008-12-30,18.709999,19.799999,18.58,19.690001,1577700,14.807956
2008-12-29,19.50,19.60,18.35,18.629999,1007600,14.010777
2008-12-26,19.90,19.91,19.209999,19.389999,506200,14.582339
2008-12-24,19.290001,19.98,18.92,19.43,733500,14.612422
2008-12-23,19.559999,19.879999,19.02,19.190001,818500,14.431929
2008-12-22,19.610001,19.84,18.84,19.75,1888800,14.853079
2008-12-19,18.23,19.719999,18.23,19.450001,2247700,14.627463
2008-12-18,20.18,20.190001,18.42,18.799999,1539900,14.138627
2008-12-17,20.049999,20.24,19.10,20.00,1430800,15.041093
2008-12-16,19.23,20.719999,19.00,20.57,2227800,15.469764
2008-12-15,19.75,20.00,18.27,19.01,1708400,14.296559
2008-12-12,19.83,20.01,18.25,19.59,1021500,14.73275
2008-12-11,19.18,20.219999,18.530001,18.99,1411300,14.281517
2008-12-10,19.50,20.559999,19.200001,20.030001,1444300,15.063655
2008-12-09,18.16,20.18,18.16,18.93,1410700,14.236394
2008-12-08,17.99,18.75,17.879999,18.469999,1513200,13.890449
2008-12-05,16.50,17.57,16.01,17.469999,1242200,13.138394
2008-12-04,16.26,17.43,16.18,16.790001,1893400,12.626998
2008-12-03,16.030001,16.969999,15.96,16.940001,1161100,12.739806
2008-12-02,16.00,16.48,15.62,16.48,1111000,12.39386
2008-12-01,16.68,17.190001,15.40,15.53,1765800,11.679408
2008-11-28,17.049999,17.10,16.459999,17.030001,661100,12.807491
2008-11-26,16.799999,17.18,16.559999,17.02,1314000,12.79997
2008-11-25,17.200001,17.41,16.360001,16.93,2161700,12.168244
2008-11-24,16.299999,17.10,15.84,17.00,2158700,12.218555
2008-11-21,15.11,15.88,14.40,15.77,2286700,11.334507
2008-11-20,15.85,16.84,15.17,15.22,2393400,10.939201
2008-11-19,17.41,17.85,15.95,15.98,1749600,11.485442
2008-11-18,18.370001,18.690001,17.08,17.35,2268800,12.470114
2008-11-17,18.540001,19.00,18.18,18.309999,1174500,13.160103
2008-11-14,19.90,20.32,19.02,19.040001,1350100,13.684783
2008-11-13,18.700001,20.50,18.00,20.440001,1738800,14.691016
2008-11-12,19.40,19.610001,18.799999,18.799999,1772600,13.512284
2008-11-11,20.049999,20.42,18.940001,19.639999,1904900,14.116025
2008-11-10,21.280001,21.65,20.219999,20.43,1382400,14.683829
2008-11-07,20.76,20.98,20.200001,20.780001,2129200,14.935388
2008-11-06,21.00,21.540001,20.200001,20.24,1719000,14.547268
2008-11-05,22.25,22.34,21.16,21.24,3086800,15.266007
2008-11-04,22.16,22.50,21.860001,22.139999,6159500,15.912871
2008-11-03,22.17,22.83,21.870001,22.049999,4453100,15.848185
2008-10-31,23.120001,23.24,22.09,22.450001,4236900,16.135681
2008-10-30,22.07,23.34,22.07,23.290001,4691300,16.739422
2008-10-29,22.299999,23.450001,21.18,21.950001,4962200,15.776312
2008-10-28,21.00,21.75,19.90,21.43,3432100,15.402567
2008-10-27,20.85,21.75,20.25,20.26,1847900,14.561643
2008-10-24,20.26,21.75,20.26,21.26,1825300,15.280382
2008-10-23,22.41,22.76,20.620001,21.940001,2358900,15.769124
2008-10-22,23.959999,24.41,21.76,22.43,1804000,16.121306
2008-10-21,25.01,25.889999,24.23,24.27,1176100,17.443785
2008-10-20,24.67,25.51,23.90,25.51,1009700,18.335021
2008-10-17,24.50,25.50,23.700001,24.32,1730300,17.479721
2008-10-16,22.870001,24.610001,22.15,24.52,1582600,17.62347
2008-10-15,25.99,26.15,22.84,22.879999,1532100,16.444738
2008-10-14,28.25,28.299999,25.379999,26.280001,1869200,18.88845
2008-10-13,26.60,27.879999,25.90,27.639999,1820800,19.865933
2008-10-10,23.02,26.90,22.65,25.52,4086000,18.342208
2008-10-09,24.719999,25.200001,23.540001,24.42,2607400,17.551596
2008-10-08,26.09,27.129999,24.35,24.41,3894200,17.544408
2008-10-07,28.76,29.02,26.299999,27.01,1893600,19.413129
2008-10-06,28.02,28.66,25.77,28.60,2866800,20.555923
2008-10-03,31.790001,31.91,28.59,28.719999,2249100,20.642171
2008-10-02,33.00,33.880001,31.059999,31.16,1977300,22.395893
2008-10-01,33.619999,33.919998,32.189999,33.060001,1776800,23.761498
2008-09-30,34.389999,34.93,33.580002,33.939999,2004500,24.393986
2008-09-29,35.110001,35.700001,34.00,34.34,1864000,24.681482
2008-09-26,35.73,36.900002,35.259998,36.369999,1180700,26.140521
2008-09-25,37.110001,37.889999,36.130001,36.50,1256600,26.233957
2008-09-24,36.16,37.299999,35.73,37.16,1832300,26.708325
2008-09-23,34.549999,36.240002,34.310001,35.669998,2285300,25.637403
2008-09-22,37.400002,37.50,34.599998,34.869999,2057300,25.062413
2008-09-19,38.549999,38.950001,36.299999,37.93,3568200,27.261754
2008-09-18,36.02,37.549999,35.00,36.709999,2796100,26.384892
2008-09-17,33.599998,36.470001,33.419998,34.939999,4047600,25.112724
2008-09-16,32.07,34.84,32.060001,34.189999,2987600,24.57367
2008-09-15,33.50,35.00,32.369999,32.59,2566800,23.42369
2008-09-12,33.470001,34.630001,33.25,34.459999,1908400,24.76773
2008-09-11,32.50,33.91,32.189999,33.639999,2396800,24.178365
2008-09-10,32.279999,33.43,32.150002,32.84,2091100,23.603374
2008-09-09,31.76,33.25,31.51,32.110001,2226700,23.078695
2008-09-08,32.689999,33.189999,31.83,32.18,2662200,23.129007
2008-09-05,32.709999,32.93,30.73,32.509998,3512800,23.366189
2008-09-04,33.669998,34.09,32.779999,32.790001,2568000,23.567438
2008-09-03,34.50,34.50,33.75,33.810001,1817700,24.300552
2008-09-02,35.790001,35.900002,34.23,34.400002,1688200,24.724607
2008-08-29,35.259998,35.349998,34.330002,34.759998,1358500,24.983351
2008-08-28,35.450001,36.00,34.950001,35.549999,1334100,25.551155
2008-08-27,34.380001,35.220001,33.91,34.970001,1404000,25.134288
2008-08-26,35.220001,35.43,33.919998,34.459999,1875000,24.76773
2008-08-25,35.790001,36.07,34.50,35.18,1624300,25.285223
2008-08-22,36.990002,36.990002,35.66,36.220001,1210100,26.032711
2008-08-21,36.119999,36.490002,35.380001,36.040001,1273300,25.903338
2008-08-20,36.619999,37.549999,35.830002,36.439999,2211900,26.190832
2008-08-19,36.52,37.900002,36.279999,36.689999,1150600,26.370517
2008-08-18,37.50,37.889999,36.599998,37.040001,1822400,26.622077
2008-08-15,36.919998,38.330002,36.810001,37.209999,1370100,26.744261
2008-08-14,36.509998,37.599998,36.34,37.459999,1367500,26.923946
2008-08-13,37.669998,37.98,35.939999,37.029999,1727800,26.614888
2008-08-12,38.889999,39.75,37.389999,37.93,2191800,27.261754
2008-08-11,37.360001,38.900002,36.799999,38.650002,2350100,27.779246
2008-08-08,36.650002,37.889999,36.310001,37.09,1928900,26.658013
2008-08-07,37.400002,37.400002,35.599998,36.790001,2638300,26.442392
2008-08-06,34.84,38.209999,34.380001,37.830002,3599300,27.189881
2008-08-05,34.009998,35.299999,33.810001,35.009998,2518600,25.163036
2008-08-04,35.00,35.080002,33.560001,33.669998,2649900,24.199926
2008-08-01,35.959999,36.049999,34.02,34.990002,3340200,25.148663
2008-07-31,34.669998,36.799999,34.66,35.669998,5978800,25.637403
2008-07-30,40.369999,40.990002,34.509998,35.189999,16912800,25.292409
2008-07-29,46.060001,47.209999,44.619999,45.060001,4121700,32.38636
2008-07-28,46.700001,47.98,45.209999,45.959999,2128200,33.033223
2008-07-25,47.099998,47.75,46.490002,46.84,1793000,33.665714
2008-07-24,47.619999,48.200001,46.549999,47.07,1772800,33.831024
2008-07-23,48.950001,49.889999,46.82,48.130001,2889300,34.592887
2008-07-22,46.599998,49.459999,45.630001,48.700001,3720300,35.002568
2008-07-21,44.900002,46.880001,43.709999,46.59,4050500,33.486029
2008-07-18,47.189999,47.189999,44.990002,45.040001,1831900,32.371985
2008-07-17,46.25,47.799999,45.330002,46.630001,2160200,33.51478
2008-07-16,43.50,46.900002,43.18,46.490002,3540000,33.414157
2008-07-15,41.900002,44.799999,41.689999,43.169998,2845500,31.027942
2008-07-14,43.099998,43.990002,41.759998,42.049999,1891100,30.222956
2008-07-11,43.369999,43.880001,41.939999,42.66,3127700,30.661387
2008-07-10,42.52,43.740002,41.900002,43.669998,2273300,31.387311
2008-07-09,44.00,45.130001,42.310001,42.669998,2448400,30.668573
2008-07-08,42.43,45.099998,41.880001,44.099998,2960000,31.696369
2008-07-07,42.009998,43.220001,41.790001,42.59,1710300,30.611075
2008-07-03,42.52,42.549999,41.740002,41.950001,1445900,30.151083
2008-07-02,43.00,44.029999,42.509998,42.669998,2287400,30.668573
2008-07-01,42.049999,43.00,41.709999,42.939999,1860800,30.862633
2008-06-30,44.259998,44.560001,42.57,42.84,2361600,30.79076
2008-06-27,42.490002,44.119999,42.419998,44.119999,3370300,31.710744
2008-06-26,42.549999,43.470001,42.07,42.689999,2333100,30.682948
2008-06-25,43.330002,44.040001,43.02,43.669998,1605600,31.387311
2008-06-24,42.48,43.889999,41.369999,43.189999,2605600,31.042317
2008-06-23,43.860001,43.900002,42.52,42.619999,1704100,30.632636
2008-06-20,44.669998,44.830002,43.169998,43.490002,2391500,31.257941
2008-06-19,43.43,44.919998,42.50,44.470001,2779800,31.962304
2008-06-18,43.209999,44.00,42.959999,43.09,3507100,30.970444
2008-06-17,46.599998,46.68,43.400002,43.48,3755700,31.250752
2008-06-16,45.200001,46.110001,44.50,45.849998,2907700,32.954162
2008-06-13,45.389999,46.299999,44.549999,44.91,2859200,32.278548
2008-06-12,45.91,45.919998,45.00,45.200001,2605000,32.486983
2008-06-11,46.66,47.700001,44.900002,45.139999,2709700,32.443858
2008-06-10,48.799999,48.799999,46.50,46.799999,3970500,33.636964
2008-06-09,51.759998,51.939999,48.57,49.59,3418700,35.642245
2008-06-06,51.939999,52.68,49.259998,51.34,4503100,36.900038
2008-06-05,54.040001,54.25,51.02,52.68,3630800,37.863147
2008-06-04,52.98,55.50,52.110001,53.939999,3621900,38.768757
2008-06-03,51.00,54.91,50.919998,52.869999,6728800,37.999707
2008-06-02,48.439999,50.57,48.02,50.57,2889000,36.346609
2008-05-30,47.52,48.93,46.900002,48.650002,2634800,34.966632
2008-05-29,46.439999,47.950001,46.439999,47.580002,2879200,34.197582
2008-05-28,47.299999,47.34,45.50,46.220001,2234400,33.220097
2008-05-27,47.549999,47.790001,45.799999,47.50,2446600,34.140081
2008-05-23,46.32,48.060001,45.720001,47.73,2416400,34.305391
2008-05-22,45.919998,46.700001,45.630001,46.279999,1760500,33.263219
2008-05-21,46.650002,46.990002,45.200001,45.900002,4330900,32.990101
2008-05-20,47.509998,48.50,46.779999,47.369999,3204800,34.046645
2008-05-19,49.32,49.330002,47.09,47.349998,4498600,34.03227
2008-05-16,47.369999,50.490002,47.299999,50.02,6314600,35.951303
2008-05-15,44.990002,47.200001,44.830002,47.200001,3767900,33.92446
2008-05-14,43.990002,44.939999,43.849998,44.790001,3960800,32.192301
2008-05-13,43.259998,43.889999,42.919998,43.700001,2223600,31.408875
2008-05-12,42.459999,43.220001,42.150002,43.119999,2514900,30.992006
2008-05-09,42.130001,42.779999,41.68,42.080002,2097100,30.24452
2008-05-08,42.959999,43.279999,41.869999,42.32,2414100,30.417015
2008-05-07,44.400002,44.50,42.790001,42.889999,2406500,30.826696
2008-05-06,41.740002,44.099998,41.549999,43.849998,3508500,31.516685
2008-05-05,42.099998,42.50,41.549999,42.110001,2894100,30.266081
2008-05-02,43.389999,44.50,41.110001,42.77,5273400,30.740448
2008-05-01,40.400002,43.240002,39.810001,43.119999,6953200,30.992006
2008-04-30,43.849998,44.75,39.75,40.900002,19915700,29.396408
2008-04-29,47.580002,47.830002,45.700001,46.439999,4182000,33.378218
2008-04-28,46.169998,48.099998,45.509998,47.41,3987100,34.075395
2008-04-25,46.189999,46.200001,45.00,46.09,2593600,33.12666
2008-04-24,44.669998,46.43,44.060001,46.09,3697300,33.12666
2008-04-23,44.25,44.900002,43.77,44.52,3012800,31.998241
2008-04-22,44.889999,44.900002,43.099998,43.73,3240800,31.430437
2008-04-21,45.490002,45.50,44.040001,45.110001,3481200,32.422297
2008-04-18,43.639999,46.66,43.080002,45.459999,6768300,32.673854
2008-04-17,43.50,44.080002,42.349998,42.50,2937800,30.546389
2008-04-16,43.509998,43.98,42.150002,43.220001,4155700,31.063881
2008-04-15,44.41,45.09,42.009998,43.009998,4879600,30.912944
2008-04-14,44.740002,45.439999,44.040001,44.259998,3524200,31.811367
2008-04-11,45.25,46.189999,44.509998,44.830002,4886200,32.221051
2008-04-10,45.77,46.959999,44.700001,46.560001,5383400,33.464468
2008-04-09,48.349998,48.650002,45.380001,45.900002,8080200,32.990101
2008-04-08,49.91,49.91,48.02,48.470001,12735700,34.837259
2008-04-07,54.619999,54.82,52.52,52.700001,3746600,37.877522
2008-04-04,53.450001,55.00,52.669998,54.07,4802200,38.862193
2008-04-03,50.790001,55.75,50.18,52.810001,24489500,37.956584
2008-04-02,55.849998,56.939999,54.50,56.41,4230600,40.544042
2008-04-01,55.099998,55.330002,52.82,54.849998,4981800,39.422809
2008-03-31,56.799999,56.799999,52.759998,54.009998,5590900,38.819068
2008-03-28,59.189999,59.189999,55.869999,56.080002,4456900,40.30686
2008-03-27,60.919998,60.950001,58.970001,58.970001,2320100,42.384014
2008-03-26,59.790001,61.419998,59.41,60.889999,2963500,43.76399
2008-03-25,59.490002,61.110001,57.700001,60.18,7197100,43.253687
2008-03-24,60.25,62.580002,60.00,62.380001,3074600,44.834912
2008-03-20,59.240002,60.25,59.040001,60.130001,2699000,43.21775
2008-03-19,61.220001,62.380001,58.779999,59.16,4348100,42.520573
2008-03-18,58.900002,61.330002,58.560001,61.09,4447900,43.907738
2008-03-17,54.209999,58.900002,53.889999,57.290001,3752200,41.176533
2008-03-14,59.049999,59.529999,56.299999,56.970001,3308400,40.946536
2008-03-13,57.450001,59.25,55.02,58.639999,5194700,42.146828
2008-03-12,56.59,60.98,56.59,58.82,6504700,42.276202
2008-03-11,54.740002,56.23,53.450001,56.23,3809300,40.414669
2008-03-10,54.630001,54.950001,52.869999,53.099998,3791800,38.165016
2008-03-07,55.509998,56.799999,53.200001,55.139999,3453200,39.631244
2008-03-06,56.990002,58.00,55.900002,56.029999,3185600,40.27092
2008-03-05,58.099998,58.939999,56.669998,57.279999,3407700,41.169344
2008-03-04,56.950001,58.259998,56.099998,58.00,4023500,41.686836
2008-03-03,58.599998,58.830002,55.450001,56.830002,5132900,40.845913
2008-02-29,59.950001,60.25,58.34,58.709999,4369700,42.19714
2008-02-28,60.799999,62.650002,60.00,60.439999,3783300,43.440557
2008-02-27,61.450001,62.189999,60.290001,61.189999,4454900,43.979611
2008-02-26,62.049999,62.810001,59.50,61.779999,6770900,44.403667
2008-02-25,64.110001,64.199997,62.18,62.779999,5803300,45.122406
2008-02-22,64.00,64.410004,63.00,63.59,5952600,45.704585
2008-02-21,65.300003,65.50,62.50,62.720001,6728600,45.079283
2008-02-20,73.00,73.290001,61.880001,64.470001,26101000,46.337076
2008-02-19,67.769997,70.440002,67.510002,69.50,6778000,49.95233
2008-02-15,64.260002,66.449997,63.880001,66.349998,4675500,47.688302
2008-02-14,65.989998,66.620003,64.519997,65.519997,3185300,47.091748
2008-02-13,66.199997,66.949997,63.040001,65.650002,4915600,47.185187
2008-02-12,66.760002,67.279999,64.849998,65.50,3390200,47.077375
2008-02-11,67.00,67.650002,64.400002,66.129997,4129800,47.530179
2008-02-08,66.099998,67.940002,65.00,66.809998,3648700,48.018921
2008-02-07,63.830002,68.00,63.709999,66.150002,5389200,47.544557
2008-02-06,64.50,66.00,63.00,63.41,4907500,45.575212
2008-02-05,65.959999,66.230003,61.82,63.779999,9288200,45.841144
2008-02-04,70.830002,71.099998,69.089996,69.660004,2709100,50.06733
2008-02-01,73.269997,73.599998,68.919998,70.099998,4445500,50.383572
2008-01-31,68.809998,72.910004,68.550003,72.150002,5795400,51.856988
2008-01-30,69.879997,71.349998,68.029999,70.339996,4739000,50.556067
2008-01-29,69.00,70.309998,67.989998,70.209999,4406700,50.462633
2008-01-28,65.089996,68.260002,64.349998,68.220001,4025400,49.032345
2008-01-25,70.050003,70.510002,64.940002,64.940002,4526900,46.674884
2008-01-24,67.510002,69.00,66.00,67.809998,6216800,48.73766
2008-01-23,56.900002,65.419998,56.869999,64.599998,6857900,46.43051
2008-01-22,56.779999,62.00,55.00,59.360001,6901500,42.664321
2008-01-18,65.440002,67.489998,62.130001,62.990002,5767700,45.273343
2008-01-17,63.009998,65.309998,62.50,64.150002,6953300,46.107079
2008-01-16,64.730003,66.790001,58.990002,61.900002,8749900,44.489918
2008-01-15,68.550003,69.199997,65.050003,65.620003,6939200,47.163626
2008-01-14,70.410004,71.900002,68.589996,69.989998,7231600,50.30451
2008-01-11,78.059998,78.449997,70.730003,71.400002,6305700,51.317934
2008-01-10,76.50,79.339996,74.720001,78.00,7172100,56.061607
2008-01-09,76.580002,76.800003,67.50,75.989998,20949000,54.616941
2008-01-08,85.389999,87.25,79.190002,80.199997,6733600,57.64283
2008-01-07,89.379997,91.00,85.099998,85.93,5538900,61.761204
2008-01-04,89.400002,89.860001,86.769997,88.449997,4160300,63.572423
2008-01-03,89.68,91.160004,88.129997,90.949997,5269700,65.369269
2008-01-02,94.739998,95.580002,91.800003,92.099998,4711500,66.19582
2007-12-31,99.059998,99.419998,96.800003,97.00,1931900,69.71764
2007-12-28,100.739998,101.919998,98.57,99.169998,2262200,71.277301
2007-12-27,102.50,102.860001,100.50,100.82,2046500,72.463221
2007-12-26,99.690002,103.50,99.550003,103.32,1795800,74.260067
2007-12-24,103.00,103.110001,99.129997,100.870003,1992200,72.49916
2007-12-21,102.160004,103.190002,100.629997,102.50,3727900,73.670702
2007-12-20,98.510002,100.300003,96.50,100.110001,3236800,71.952917
2007-12-19,95.00,97.769997,93.110001,96.959999,3713600,69.68889
2007-12-18,102.010002,102.830002,91.459999,94.349998,8491100,67.812982
2007-12-17,102.510002,104.900002,100.949997,101.82,2902400,73.18196
2007-12-14,103.730003,107.260002,103.110001,104.040001,2084400,74.77756
2007-12-13,99.75,105.610001,99.75,105.059998,3424500,75.510671
2007-12-12,107.82,108.540001,99.440002,101.730003,6103900,73.117276
2007-12-11,111.410004,112.00,104.400002,104.790001,4704600,75.316614
2007-12-10,110.269997,112.68,109.50,111.849998,2438600,80.390906
2007-12-07,109.849998,111.970001,108.50,109.230003,2969900,78.507815
2007-12-06,108.239998,109.970001,107.279999,109.349998,2723000,78.59406
2007-12-05,109.199997,110.459999,107.739998,108.470001,3874400,77.961572
2007-12-04,102.099998,109.099998,101.559998,107.18,5668300,77.034399
2007-12-03,106.360001,106.830002,102.07,104.029999,3548200,74.770371
2007-11-30,108.949997,108.959999,106.360001,107.349998,4608900,77.156583
2007-11-29,107.989998,109.25,104.809998,106.080002,5065900,76.243787
2007-11-28,106.120003,108.239998,105.50,107.949997,6778000,77.587825
2007-11-27,98.699997,104.699997,97.129997,103.00,8535200,74.030071
2007-11-26,94.07,101.00,94.050003,96.709999,9949400,69.509205
2007-11-23,93.400002,93.50,90.260002,91.860001,1658600,66.023324
2007-11-21,91.279999,93.800003,89.800003,91.199997,3118700,65.548954
2007-11-20,94.370003,96.889999,91.080002,93.589996,3931200,67.266739
2007-11-19,99.00,99.25,92.510002,93.519997,5923900,67.216427
2007-11-16,101.889999,102.080002,93.57,97.510002,22014900,70.084198
2007-11-15,87.870003,88.730003,82.400002,84.00,3778000,60.374039
2007-11-14,88.449997,88.870003,85.400002,85.599998,3739800,61.524019
2007-11-13,84.00,86.400002,83.550003,86.059998,4385600,61.854638
2007-11-12,86.720001,87.410004,80.540001,82.32,5181200,59.166558
2007-11-09,84.00,88.800003,83.419998,85.849998,5722000,61.703704
2007-11-08,90.279999,92.50,83.050003,85.68,9037500,61.58152
2007-11-07,96.139999,96.68,88.889999,89.339996,11437300,64.2121
2007-11-06,96.50,101.18,95.269997,100.559998,6007100,72.276347
2007-11-05,97.370003,97.949997,93.900002,95.080002,6764200,68.337663
2007-11-02,100.32,102.00,97.139999,98.440002,7069600,70.752625
2007-11-01,104.410004,105.379997,97.639999,100.010002,15504800,71.881045
2007-10-31,112.00,116.00,106.879997,107.400002,22994900,77.192522
2007-10-30,122.989998,124.75,120.32,120.480003,6248500,86.593624
2007-10-29,119.18,124.290001,117.300003,123.800003,5741100,88.979835
2007-10-26,119.970001,120.910004,116.50,117.150002,4045100,84.200223
2007-10-25,123.300003,123.50,116.730003,118.139999,5067100,84.911773
2007-10-24,120.760002,125.68,117.040001,121.809998,7856600,87.549542
2007-10-23,117.529999,120.720001,116.580002,120.529999,5314100,86.629557
2007-10-22,109.889999,115.25,109.300003,115.18,5168700,82.784307
2007-10-19,115.629997,116.870003,110.089996,110.099998,4556900,79.133114
2007-10-18,112.870003,115.669998,111.68,115.139999,3548200,82.755557
2007-10-17,114.300003,114.589996,110.839996,113.199997,4231000,81.361202
2007-10-16,110.879997,112.68,108.440002,112.25,4687200,80.678403
2007-10-15,114.75,115.650002,110.849998,112.440002,4918000,80.814965
2007-10-12,109.519997,114.00,109.50,113.989998,4368200,81.929006
2007-10-11,112.910004,114.690002,104.349998,109.099998,6609300,78.414375
2007-10-10,112.529999,112.599998,109.050003,111.540001,4377400,80.168099
2007-10-09,109.519997,111.910004,109.269997,111.699997,6442700,80.283095
2007-10-08,104.559998,109.00,103.129997,108.459999,7160900,77.954383
2007-10-05,102.879997,105.00,102.00,103.709999,5631200,74.540375
2007-10-04,97.889999,102.550003,96.279999,100.949997,9990400,72.556655
2007-10-03,98.989998,102.760002,95.269997,96.519997,10237300,69.372643
2007-10-02,108.080002,108.169998,96.900002,100.099998,19929900,71.945728
2007-10-01,108.25,109.339996,102.00,107.230003,22746000,77.070338
2007-09-28,119.940002,122.779999,118.620003,119.400002,3345300,85.817385
2007-09-27,118.379997,121.339996,116.339996,121.139999,2939600,87.067988
2007-09-26,120.529999,120.529999,115.25,117.25,3317100,84.272096
2007-09-25,114.150002,120.00,114.00,119.089996,4230300,85.594572
2007-09-24,109.010002,115.099998,108.800003,115.029999,3896800,82.676495
2007-09-21,108.080002,108.949997,107.059998,108.699997,2777800,78.126879
2007-09-20,107.00,107.57,105.599998,106.900002,2295200,76.833153
2007-09-19,109.900002,110.50,106.800003,107.720001,2907900,77.422518
2007-09-18,105.379997,109.040001,103.57,108.699997,3735900,78.126879
2007-09-17,106.989998,107.610001,104.43,104.529999,2457100,75.12974
2007-09-14,105.57,107.50,105.300003,106.360001,1936100,76.445033
2007-09-13,108.00,108.50,106.32,106.769997,2046100,76.739713
2007-09-12,106.900002,108.080002,105.190002,107.089996,2600700,76.969709
2007-09-11,105.120003,107.110001,104.800003,106.879997,2112700,76.818775
2007-09-10,106.860001,106.870003,103.160004,104.339996,2643900,74.993178
2007-09-07,104.389999,105.900002,102.599998,105.260002,3995300,75.654422
2007-09-06,108.00,108.779999,106.160004,107.269997,3117400,77.099082
2007-09-05,104.349998,107.919998,103.559998,105.870003,4493000,76.092853
2007-09-04,102.519997,107.239998,102.120003,104.449997,5482200,75.07224
2007-08-31,104.489998,105.849998,101.800003,101.830002,4576200,73.189148
2007-08-30,99.559998,103.449997,99.230003,102.540001,3775800,73.699452
2007-08-29,98.669998,101.599998,98.309998,100.959999,3147300,72.563844
2007-08-28,100.839996,101.93,96.209999,96.379997,3519800,69.27202
2007-08-27,103.25,104.00,101.400002,101.93,2163600,73.261021
2007-08-24,100.959999,104.00,100.209999,104.00,2138000,74.74881
2007-08-23,102.00,103.669998,99.529999,101.300003,2982500,72.808218
2007-08-22,104.849998,104.989998,100.650002,101.370003,3276900,72.858529
2007-08-21,99.489998,103.129997,98.599998,102.50,4232200,73.670702
2007-08-20,94.949997,98.010002,93.099998,97.730003,3443800,70.242321
2007-08-17,93.529999,95.199997,90.959999,92.330002,4113300,66.361132
2007-08-16,88.910004,93.940002,86.410004,89.739998,6253400,64.499596
2007-08-15,92.099998,94.75,90.300003,91.199997,4122800,65.548954
2007-08-14,101.239998,101.800003,92.459999,92.610001,4485500,66.562378
2007-08-13,102.139999,102.139999,95.50,100.260002,2796700,72.060729
2007-08-10,99.809998,103.129997,98.199997,99.57,4012800,71.025743
2007-08-09,101.300003,104.800003,100.339996,102.32,3892500,72.987386
2007-08-08,101.440002,105.75,101.349998,103.93,3733300,74.135839
2007-08-07,95.650002,100.650002,95.080002,100.330002,3823800,71.567871
2007-08-06,99.540001,99.800003,94.989998,96.82,3910400,69.0641
2007-08-03,97.150002,100.870003,96.029999,98.660004,5016300,70.37662
2007-08-02,94.00,97.980003,93.720001,97.889999,5009100,69.827357
2007-08-01,90.010002,93.18,86.75,92.610001,8030500,66.061003
2007-07-31,86.540001,88.440002,82.540001,83.900002,3873800,59.847946
2007-07-30,81.510002,85.639999,80.879997,85.07,3214500,60.682534
2007-07-27,82.900002,85.230003,77.300003,79.900002,5064900,56.994647
2007-07-26,83.269997,87.00,82.800003,82.800003,5326600,59.063289
2007-07-25,80.849998,84.889999,80.599998,84.360001,3604500,60.176074
2007-07-24,80.00,81.650002,79.07,80.160004,1918800,57.180113
2007-07-23,80.730003,81.650002,77.330002,80.639999,3605800,57.522505
2007-07-20,82.010002,82.010002,79.400002,79.709999,2213400,56.859113
2007-07-19,80.900002,82.50,80.43,82.019997,1988800,58.506892
2007-07-18,79.959999,80.639999,77.580002,79.360001,2748000,56.609451
2007-07-17,83.470001,84.32,79.650002,80.00,2897800,57.065978
2007-07-16,82.470001,85.050003,82.099998,82.739998,2318700,59.020486
2007-07-13,82.00,82.360001,81.019997,82.279999,1232300,58.692358
2007-07-12,80.00,82.089996,79.309998,81.480003,2384600,58.121701
2007-07-11,77.760002,79.75,77.690002,79.690002,1309300,56.844849
2007-07-10,79.239998,79.639999,77.580002,77.919998,1706900,55.582261
2007-07-09,77.769997,78.900002,77.129997,78.889999,1652600,56.274187
2007-07-06,76.50,77.709999,76.00,77.660004,1741600,55.396801
2007-07-05,75.50,76.50,74.50,76.339996,1709400,54.455207
2007-07-03,76.650002,76.669998,74.800003,75.18,811100,53.627753
2007-07-02,74.300003,76.669998,73.580002,76.050003,2489300,54.248348
2007-06-29,73.790001,74.25,73.419998,73.970001,1628200,52.764631
2007-06-28,73.68,75.660004,73.349998,73.419998,2600100,52.3723
2007-06-27,71.239998,75.089996,71.059998,75.029999,2590600,53.520753
2007-06-26,73.00,73.25,70.550003,71.620003,2327100,51.088319
2007-06-25,71.389999,73.75,71.099998,72.349998,3126500,51.609043
2007-06-22,70.68,71.400002,69.459999,70.830002,8082900,50.524792
2007-06-21,68.449997,70.959999,68.300003,70.690002,2255000,50.424927
2007-06-20,70.919998,71.169998,68.239998,68.360001,2115700,48.762879
2007-06-19,71.50,71.970001,70.50,70.949997,2100900,50.610387
2007-06-18,69.470001,71.889999,69.120003,71.57,2866700,51.05265
2007-06-15,69.709999,69.900002,68.379997,69.769997,2698400,49.768664
2007-06-14,67.629997,69.25,67.440002,68.769997,2296500,49.055339
2007-06-13,66.349998,67.440002,65.769997,67.43,2415100,48.099486
2007-06-12,65.82,66.699997,65.50,65.669998,2172700,46.844033
2007-06-11,64.129997,66.209999,64.07,66.080002,2555600,47.136499
2007-06-08,62.459999,64.50,62.119999,63.82,1434400,45.524384
2007-06-07,63.68,64.309998,62.43,62.66,1667100,44.696927
2007-06-06,63.52,64.379997,62.740002,64.169998,1425800,45.774046
2007-06-05,63.709999,64.330002,63.439999,63.939999,1440000,45.609982
2007-06-04,64.510002,64.599998,63.599998,64.080002,1379100,45.70985
2007-06-01,64.50,65.040001,63.810001,64.970001,1310800,46.344708
2007-05-31,65.040001,66.389999,64.059998,64.330002,3107800,45.888181
2007-05-30,60.189999,65.00,59.93,64.980003,4645500,46.351843
2007-05-29,60.150002,60.700001,59.50,60.459999,1149700,43.127612
2007-05-25,61.00,61.00,60.00,60.09,1511000,42.863683
2007-05-24,59.75,61.459999,59.73,60.869999,3489100,43.420075
2007-05-23,58.549999,60.73,58.34,60.130001,3564400,42.892217
2007-05-22,57.150002,58.59,57.060001,58.34,2133500,41.615365
2007-05-21,56.25,57.939999,56.150002,57.400002,2152300,40.94484
2007-05-18,55.970001,57.00,55.139999,56.830002,2094500,40.538245
2007-05-17,55.68,56.130001,55.119999,55.419998,666200,39.532455
2007-05-16,56.310001,56.400002,55.310001,55.759998,1486600,39.774986
2007-05-15,56.240002,57.049999,55.68,55.799999,1473900,39.803519
2007-05-14,56.450001,56.450001,55.619999,56.049999,1121000,39.98185
2007-05-11,55.689999,56.189999,55.25,56.169998,1164000,40.067449
2007-05-10,56.459999,56.599998,55.25,55.560001,1543400,39.632323
2007-05-09,55.32,56.689999,55.200001,56.610001,1354600,40.381313
2007-05-08,55.669998,55.970001,54.959999,55.720001,1306400,39.746455
2007-05-07,55.50,56.25,55.27,55.720001,1247100,39.746455
2007-05-04,56.700001,56.970001,55.150002,55.450001,1950000,39.553857
2007-05-03,56.790001,57.040001,55.799999,56.650002,2130500,40.409847
2007-05-02,55.75,58.040001,55.25,56.939999,8134900,40.616709
2007-05-01,58.380001,59.50,58.00,59.369999,3301900,42.350088
2007-04-30,58.610001,59.700001,57.91,58.189999,4335100,41.508365
2007-04-27,57.610001,58.900002,57.59,58.610001,2339300,41.807963
2007-04-26,56.919998,58.099998,55.900002,57.959999,2297600,41.3443
2007-04-25,55.150002,56.970001,55.049999,56.290001,2298200,40.153049
2007-04-24,55.150002,55.50,54.700001,54.82,1040400,39.104461
2007-04-23,55.009998,55.66,54.650002,55.119999,1088500,39.318458
2007-04-20,55.220001,55.619999,54.950001,55.009998,1680000,39.239992
2007-04-19,54.48,55.279999,54.360001,55.110001,1213800,39.311326
2007-04-18,54.049999,55.07,54.009998,54.700001,1127300,39.018863
2007-04-17,54.52,54.66,53.799999,54.189999,1223400,38.655066
2007-04-16,53.75,54.25,53.610001,54.150002,1070700,38.626535
2007-04-13,53.169998,53.740002,53.009998,53.599998,879300,38.234204
2007-04-12,52.75,53.549999,52.18,53.389999,1176400,38.084407
2007-04-11,53.59,53.799999,52.299999,52.689999,1202400,37.585079
2007-04-10,53.50,53.779999,53.049999,53.490002,1748600,38.155741
2007-04-09,54.349998,54.400002,53.689999,53.759998,1013200,38.348336
2007-04-05,53.950001,54.25,53.91,54.07,1093400,38.569468
2007-04-04,54.720001,54.790001,53.799999,54.029999,1528400,38.540934
2007-04-03,54.689999,55.119999,54.349998,54.810001,1031700,39.097329
2007-04-02,54.259998,54.549999,54.009998,54.299999,1034200,38.733532
2007-03-30,54.299999,54.470001,53.860001,54.150002,1426400,38.626535
2007-03-29,54.32,55.34,53.77,54.290001,1710100,38.7264
2007-03-28,54.290001,54.84,53.799999,53.860001,1530400,38.41967
2007-03-27,54.849998,55.150002,54.259998,54.34,1102200,38.762066
2007-03-26,55.599998,55.599998,54.299999,55.07,1495800,39.282792
2007-03-23,55.860001,56.150002,55.349998,55.639999,900100,39.689387
2007-03-22,55.959999,56.07,55.310001,55.830002,1400600,39.824921
2007-03-21,55.00,55.799999,54.709999,55.799999,1620100,39.803519
2007-03-20,54.73,55.029999,54.509998,54.869999,1260500,39.140127
2007-03-19,54.25,54.830002,53.849998,54.509998,1642400,38.88333
2007-03-16,53.560001,54.490002,53.279999,53.759998,2019800,38.348336
2007-03-15,53.049999,53.990002,53.009998,53.57,1628900,38.212805
2007-03-14,52.450001,53.57,52.110001,53.34,1671800,38.048741
2007-03-13,52.830002,53.52,52.490002,52.490002,2183300,37.442416
2007-03-12,52.380001,53.48,52.380001,53.48,1188800,38.148606
2007-03-09,53.400002,53.630001,52.099998,52.48,1308700,37.435281
2007-03-08,52.610001,53.25,52.240002,52.73,2007200,37.613612
2007-03-07,52.73,52.860001,50.009998,51.68,2602400,36.864622
2007-03-06,52.450001,53.32,52.060001,52.73,1808000,37.613612
2007-03-05,51.669998,52.59,51.130001,51.23,2142500,36.543625
2007-03-02,53.630001,53.970001,52.02,52.049999,2098100,37.128551
2007-03-01,53.200001,54.759998,52.00,53.830002,2984300,38.398271
2007-02-28,54.950001,55.740002,54.049999,54.759998,2509600,39.061661
2007-02-27,55.849998,56.299999,54.189999,54.189999,2971500,38.655066
2007-02-26,58.240002,59.09,56.75,57.189999,2611000,40.79504
2007-02-23,56.990002,57.799999,56.860001,57.490002,1665100,41.00904
2007-02-22,57.48,57.93,56.029999,56.689999,2303900,40.438378
2007-02-21,57.959999,58.400002,56.790001,57.18,2324100,40.787908
2007-02-20,56.82,58.810001,56.43,57.66,5140400,41.130304
2007-02-16,56.400002,56.470001,54.759998,55.77,3458300,39.78212
2007-02-15,56.900002,58.50,56.27,56.50,4223300,40.302847
2007-02-14,58.25,59.299999,55.110001,57.00,19819700,40.659509
2007-02-13,52.099998,52.91,51.880001,52.709999,2598700,37.599346
2007-02-12,51.52,52.470001,51.130001,51.84,2634500,36.978754
2007-02-09,53.169998,53.27,51.98,52.259998,2040100,37.278349
2007-02-08,51.540001,53.16,51.540001,53.150002,2081600,37.91321
2007-02-07,51.099998,51.75,50.77,51.700001,1806800,36.878889
2007-02-06,51.00,51.689999,50.330002,50.950001,1099400,36.343895
2007-02-05,51.150002,51.299999,50.419998,50.91,1212600,36.315362
2007-02-02,49.900002,51.470001,49.860001,51.150002,1919500,36.486561
2007-02-01,50.380001,51.049999,49.599998,49.700001,1533900,35.452239
2007-01-31,49.849998,50.490002,49.310001,50.220001,2036600,35.823169
2007-01-30,49.970001,49.970001,48.799999,49.189999,1433400,35.088442
2007-01-29,49.490002,50.32,48.810001,49.91,1588700,35.602037
2007-01-26,49.560001,49.98,48.560001,49.490002,2112200,35.302442
2007-01-25,50.25,50.299999,49.27,49.68,1393500,35.437973
2007-01-24,50.419998,50.580002,50.00,50.43,1321500,35.972966
2007-01-23,49.360001,50.490002,49.360001,50.060001,1602000,35.709037
2007-01-22,49.52,49.540001,48.459999,49.290001,2417800,35.159776
2007-01-19,49.869999,51.099998,49.34,49.549999,2794800,35.34524
2007-01-18,51.869999,51.950001,49.650002,50.130001,2702700,35.758969
2007-01-17,51.619999,52.599998,51.610001,52.240002,2346400,37.264085
2007-01-16,52.099998,52.200001,51.439999,52.110001,2336600,37.171352
2007-01-12,51.849998,52.59,51.50,52.299999,1515700,37.306883
2007-01-11,52.880001,52.900002,51.82,52.040001,2350000,37.121419
2007-01-10,51.09,52.599998,51.00,52.299999,2578100,37.306883
2007-01-09,52.00,52.950001,50.400002,51.93,5974700,37.042953
2007-01-08,54.529999,54.639999,53.07,54.00,2633900,38.519535
2007-01-05,54.650002,55.00,53.75,54.880001,2645500,39.147262
2007-01-04,55.43,55.939999,54.400002,55.060001,2170900,39.27566
2007-01-03,55.869999,56.66,54.07,55.669998,3995000,39.710786
2006-12-29,56.18,56.889999,55.549999,55.66,1798700,39.703654
2006-12-28,55.549999,56.799999,55.200001,56.25,2662100,40.124516
2006-12-27,55.330002,55.849998,55.00,55.23,1533700,39.396924
2006-12-26,54.91,55.110001,54.32,54.950001,1122100,39.197194
2006-12-22,54.799999,55.34,54.130001,55.16,1870700,39.346992
2006-12-21,54.450001,55.240002,53.919998,54.669998,2166200,38.997461
2006-12-20,54.529999,55.389999,53.799999,54.57,1738800,38.92613
2006-12-19,54.849998,55.439999,52.029999,55.040001,4517400,39.261394
2006-12-18,54.900002,55.700001,54.470001,55.369999,3327900,39.496789
2006-12-15,53.389999,54.869999,53.09,54.759998,5245800,39.061661
2006-12-14,53.00,54.09,52.799999,53.439999,2927800,38.120072
2006-12-13,51.599998,52.919998,51.50,52.720001,3674000,37.60648
2006-12-12,50.25,51.889999,50.080002,51.439999,3181200,36.693423
2006-12-11,50.310001,50.939999,50.00,50.25,2378200,35.844567
2006-12-08,49.580002,49.759998,48.200001,49.720001,2546000,35.466506
2006-12-07,49.740002,50.349998,48.799999,49.599998,3046300,35.380905
2006-12-06,50.75,51.349998,50.50,50.970001,1363700,36.358162
2006-12-05,51.220001,51.400002,50.740002,50.84,2699500,36.265429
2006-12-04,50.470001,50.50,49.98,50.220001,2097800,35.823169
2006-12-01,50.50,50.689999,49.349998,49.959999,1757500,35.637703
2006-11-30,50.25,51.080002,50.25,50.889999,2284400,36.301095
2006-11-29,49.599998,50.50,48.91,50.240002,3482000,35.837435
2006-11-28,48.84,49.080002,48.150002,48.599998,1594300,34.31092
2006-11-27,50.009998,50.369999,48.290001,48.77,2246500,34.430939
2006-11-24,48.830002,49.779999,48.599998,49.02,715600,34.607435
2006-11-22,48.880001,50.00,48.060001,49.279999,1924500,34.79099
2006-11-21,49.00,49.599998,48.27,48.619999,1600900,34.32504
2006-11-20,49.66,50.00,48.59,48.990002,2437900,34.586256
2006-11-17,50.34,50.459999,49.310001,50.130001,1988700,35.39108
2006-11-16,49.490002,50.59,49.290001,50.50,3313200,35.652294
2006-11-15,48.290001,49.380001,47.959999,49.049999,2068300,34.628614
2006-11-14,46.50,48.360001,46.400002,48.349998,2328600,34.134423
2006-11-13,46.25,46.75,45.75,46.700001,1923600,32.969548
2006-11-10,47.169998,47.169998,46.080002,46.279999,2323200,32.673032
2006-11-09,47.790001,47.849998,46.610001,47.09,2163900,33.244882
2006-11-08,46.75,48.09,46.700001,47.509998,2172800,33.541395
2006-11-07,47.349998,47.990002,47.00,47.040001,2526300,33.209583
2006-11-06,47.400002,48.290001,46.57,47.189999,3047800,33.315479
2006-11-03,46.740002,47.34,45.849998,46.57,4089400,32.877769
2006-11-02,45.599998,46.950001,44.529999,46.50,8846500,32.82835
2006-11-01,46.560001,47.00,44.799999,44.98,26861500,31.755251
2006-10-31,52.990002,53.759998,52.25,53.41,3482900,37.706713
2006-10-30,52.950001,54.00,52.150002,52.560001,2609600,37.106626
2006-10-27,54.490002,55.580002,52.369999,52.889999,3497600,37.3396
2006-10-26,54.310001,55.080002,53.00,54.869999,3494200,38.737452
2006-10-25,51.139999,53.00,51.099998,52.91,2813500,37.35372
2006-10-24,50.00,50.990002,49.630001,50.619999,1602900,35.737012
2006-10-23,50.98,51.00,49.349998,49.880001,3172800,35.214584
2006-10-20,49.580002,49.610001,48.360001,48.950001,3099100,34.558016
2006-10-19,49.400002,49.43,47.619999,49.400002,3216200,34.875711
2006-10-18,51.419998,51.48,49.57,49.57,1521900,34.995727
2006-10-17,50.599998,50.880001,49.470001,50.700001,1603200,35.793492
2006-10-16,51.189999,51.700001,50.82,50.950001,1769000,35.969988
2006-10-13,50.91,51.200001,50.48,51.040001,1449700,36.033527
2006-10-12,50.580002,51.360001,50.07,50.77,1936300,35.842911
2006-10-11,50.299999,51.18,49.060001,50.200001,2246300,35.440499
2006-10-10,50.220001,51.00,49.849998,50.66,1819200,35.765252
2006-10-09,49.540001,50.77,49.200001,50.400002,1562900,35.581697
2006-10-06,49.59,50.200001,48.860001,49.740002,2479000,35.115746
2006-10-05,49.040001,49.950001,48.599998,49.50,3214500,34.946308
2006-10-04,47.099998,49.139999,46.810001,48.950001,2255800,34.558016
2006-10-03,48.09,48.09,46.32,47.139999,3115900,33.280181
2006-10-02,48.75,48.75,47.560001,47.93,2332600,33.83791
2006-09-29,48.360001,49.360001,48.299999,48.779999,3000800,34.437997
2006-09-28,47.130001,48.720001,46.349998,48.540001,3718200,34.268562
2006-09-27,45.599998,47.939999,45.509998,47.369999,4913800,33.442557
2006-09-26,45.029999,45.360001,44.080002,45.34,2398200,32.009406
2006-09-25,44.299999,45.18,43.419998,45.060001,2189900,31.811731
2006-09-22,44.689999,44.740002,43.509998,43.869999,3165900,30.971606
2006-09-21,44.73,45.049999,44.049999,44.639999,2303200,31.515216
2006-09-20,43.400002,44.799999,43.02,44.439999,2533500,31.374018
2006-09-19,44.00,44.049999,42.50,43.119999,2224400,30.442117
2006-09-18,43.75,44.599998,43.459999,44.369999,2008300,31.324599
2006-09-15,44.310001,44.419998,43.25,43.50,4923200,30.710392
2006-09-14,43.389999,44.049999,42.73,43.98,2355900,31.049265
2006-09-13,43.049999,43.799999,42.720001,43.299999,1703700,30.569194
2006-09-12,42.07,43.009998,41.50,42.91,2644700,30.29386
2006-09-11,43.240002,43.25,41.200001,42.18,3487300,29.778491
2006-09-08,42.990002,44.889999,42.82,43.189999,3902600,30.491535
2006-09-07,45.009998,45.130001,42.41,42.59,5152100,30.067945
2006-09-06,47.439999,47.439999,45.040001,45.18,2274500,31.896449
2006-09-05,47.16,47.939999,46.630001,47.799999,1923400,33.746131
2006-09-01,46.299999,47.099998,46.040001,46.959999,1517200,33.153103
2006-08-31,47.200001,47.540001,46.07,46.759998,2463500,33.011905
2006-08-30,45.540001,46.75,45.490002,46.75,1809800,33.004847
2006-08-29,45.549999,45.549999,44.50,45.310001,1197600,31.988228
2006-08-28,44.380001,45.450001,44.00,45.299999,1302200,31.981166
2006-08-25,43.98,44.990002,43.619999,44.240002,1146400,31.232823
2006-08-24,45.290001,45.349998,43.52,43.84,1713900,30.950427
2006-08-23,46.040001,46.310001,44.700001,44.91,871000,31.705832
2006-08-22,45.470001,46.48,45.150002,45.880001,1911500,32.390639
2006-08-21,46.040001,46.470001,44.720001,46.200001,1487000,32.616555
2006-08-18,46.700001,46.82,45.529999,46.200001,1702800,32.616555
2006-08-17,46.799999,47.700001,46.400002,46.630001,2544200,32.920129
2006-08-16,45.959999,46.610001,45.02,46.32,2651300,32.701272
2006-08-15,88.470001,90.379997,87.699997,89.400002,3408600,31.557576
2006-08-14,89.330002,90.699997,87.190002,87.199997,2537200,30.78099
2006-08-11,87.379997,88.980003,86.110001,88.870003,2337600,31.37049
2006-08-10,86.449997,87.599998,85.339996,87.290001,2078400,30.81276
2006-08-09,88.120003,88.800003,85.099998,85.75,2780800,30.269151
2006-08-08,88.830002,89.25,86.489998,87.169998,3258400,30.7704
2006-08-07,88.00,89.150002,87.00,88.349998,3616000,31.186932
2006-08-04,90.43,90.790001,84.980003,86.690002,7918200,30.600965
2006-08-03,88.00,92.199997,86.57,88.709999,10768400,31.31401
2006-08-02,97.599998,98.82,86.150002,88.139999,31320800,31.112804
2006-08-01,92.849998,92.849998,88.629997,90.00,8913000,31.769371
2006-07-31,93.599998,96.029999,93.00,94.989998,3721000,33.530805
2006-07-28,93.190002,95.309998,92.150002,92.480003,4276400,32.644795
2006-07-27,98.190002,98.190002,92.07,92.900002,8284800,32.793051
2006-07-26,98.50,100.25,97.949997,98.760002,2530800,34.861591
2006-07-25,100.739998,100.970001,98.00,100.43,2160000,35.451088
2006-07-24,96.279999,100.980003,95.650002,100.190002,3110800,35.366371
2006-07-21,96.580002,97.589996,94.970001,95.349998,3040200,33.657883
2006-07-20,101.480003,102.010002,97.00,97.209999,2139000,34.31445
2006-07-19,101.360001,102.349998,99.209999,101.07,2225400,35.677004
2006-07-18,99.970001,102.00,98.769997,101.190002,3051800,35.719364
2006-07-17,97.00,100.459999,96.550003,99.260002,2797400,35.038087
2006-07-14,97.169998,99.400002,94.949997,97.269997,2966200,34.335629
2006-07-13,96.389999,99.989998,95.00,97.790001,3997800,34.519187
2006-07-12,101.849998,101.849998,97.889999,98.410004,3301000,34.738044
2006-07-11,97.449997,102.599998,97.019997,102.519997,3116800,36.188842
2006-07-10,100.589996,101.400002,96.610001,97.800003,4113800,34.522718
2006-07-07,104.730003,104.959999,97.75,99.00,9913200,34.946308
2006-07-06,104.919998,108.199997,104.239998,106.519997,3219400,37.600814
2006-07-05,106.00,106.089996,103.199997,104.25,2521800,36.799521
2006-07-03,106.300003,107.040001,105.440002,106.459999,1705800,37.579636
2006-06-30,108.989998,109.50,104.440002,105.440002,4054000,37.219584
2006-06-29,103.00,107.910004,101.760002,107.550003,6891600,37.964399
2006-06-28,98.309998,102.300003,98.010002,102.300003,4316400,36.111186
2006-06-27,99.400002,100.599998,96.870003,97.059998,2744000,34.261501
2006-06-26,99.849998,100.00,97.00,98.910004,3064400,34.91454
2006-06-23,99.309998,101.610001,97.110001,98.339996,3814000,34.713331
2006-06-22,98.879997,99.529999,95.650002,98.949997,4087200,34.928657
2006-06-21,93.809998,99.099998,92.739998,96.870003,3820200,34.194434
2006-06-20,94.360001,94.360001,90.309998,93.220001,2569600,32.906009
2006-06-19,94.699997,96.220001,94.00,94.360001,3161600,33.308421
2006-06-16,93.639999,93.919998,92.010002,93.010002,2838200,32.831881
2006-06-15,90.800003,95.00,89.830002,93.650002,4483000,33.057796
2006-06-14,83.57,89.959999,83.57,89.669998,5369800,31.652883
2006-06-13,89.010002,89.540001,80.610001,83.559998,5870200,29.496095
2006-06-12,92.730003,92.980003,88.809998,89.599998,2294800,31.628173
2006-06-09,92.93,94.25,90.32,90.470001,1961800,31.935278
2006-06-08,92.209999,92.519997,89.00,91.459999,3498000,32.284741
2006-06-07,92.830002,95.080002,92.360001,92.959999,2067800,32.81423
2006-06-06,93.879997,95.459999,90.800003,92.480003,2266600,32.644795
2006-06-05,97.32,97.760002,93.349998,93.949997,1295600,33.163692
2006-06-02,97.75,98.25,95.720001,97.279999,1733000,34.33916
2006-06-01,93.00,97.209999,92.599998,97.120003,2271200,34.282682
2006-05-31,92.519997,94.50,89.330002,93.290001,4078600,32.930718
2006-05-30,93.699997,94.879997,91.300003,92.510002,2924600,32.655384
2006-05-26,92.150002,93.900002,91.269997,93.900002,1576200,33.146044
2006-05-25,90.00,91.25,89.400002,90.959999,2156400,32.108244
2006-05-24,87.169998,89.279999,86.760002,88.709999,2317600,31.31401
2006-05-23,86.230003,88.57,86.010002,87.169998,1798400,30.7704
2006-05-22,89.209999,91.139999,84.080002,85.370003,2675600,30.135014
2006-05-19,86.50,89.449997,86.120003,89.230003,2511800,31.497568
2006-05-18,88.269997,90.199997,85.269997,86.50,2588800,30.533895
2006-05-17,93.269997,93.410004,87.25,87.800003,2668400,30.992787
2006-05-16,92.519997,94.699997,92.150002,93.269997,1262200,32.923657
2006-05-15,93.730003,95.169998,88.75,92.209999,2344400,32.549485
2006-05-12,96.339996,98.279999,94.25,94.720001,1732000,33.435498
2006-05-11,97.639999,101.879997,96.32,96.919998,3115800,34.212082
2006-05-10,97.82,98.120003,96.00,97.00,2125600,34.240322
2006-05-09,95.669998,97.769997,95.660004,97.669998,1881000,34.476827
2006-05-08,94.989998,97.00,94.540001,95.900002,2525800,33.85203
2006-05-05,96.889999,96.919998,94.470001,94.809998,2033800,33.467267
2006-05-04,96.559998,96.910004,94.580002,96.110001,2340000,33.926159
2006-05-03,96.949997,99.449997,94.209999,96.43,12038800,34.039116
2006-05-02,88.50,88.50,86.660004,87.919998,1640600,31.035145
2006-05-01,88.449997,89.50,86.519997,87.419998,1994000,30.858648
2006-04-28,88.900002,88.900002,86.150002,86.360001,1445600,30.484477
2006-04-27,84.760002,88.410004,80.360001,88.239998,2279200,31.148103
2006-04-26,86.540001,87.75,85.510002,87.169998,1409400,30.7704
2006-04-25,86.75,88.00,86.269997,87.089996,3003200,30.74216
2006-04-24,86.800003,87.089996,85.610001,86.040001,1315200,30.371519
2006-04-21,88.540001,88.949997,85.699997,86.010002,1180200,30.36093
2006-04-20,87.989998,88.449997,87.120003,87.559998,871200,30.908067
2006-04-19,88.25,89.089996,87.00,88.00,2133800,31.063385
2006-04-18,86.339996,88.290001,86.00,87.949997,1689600,31.045734
2006-04-17,86.50,87.599998,85.650002,85.959999,1797200,30.343279
2006-04-13,84.040001,87.419998,83.959999,87.00,2864800,30.710392
2006-04-12,82.629997,84.669998,81.830002,84.260002,1721400,29.743192
2006-04-11,82.589996,82.980003,81.900002,82.629997,811000,29.167812
2006-04-10,82.300003,82.980003,80.309998,82.290001,1561800,29.047795
2006-04-07,82.610001,84.120003,81.800003,82.269997,1755800,29.040734
2006-04-06,81.290001,83.00,81.260002,82.440002,1061400,29.100745
2006-04-05,80.879997,82.529999,80.279999,81.580002,1144400,28.797171
2006-04-04,81.540001,82.00,80.089996,81.129997,985200,28.638322
2006-04-03,80.139999,83.57,79.93,81.139999,3341200,28.641853
2006-03-31,78.080002,80.43,78.019997,79.43,2866000,28.038235
2006-03-30,81.169998,81.370003,77.580002,79.010002,3140000,27.889979
2006-03-29,82.150002,82.919998,81.169998,81.379997,2022600,28.72657
2006-03-28,84.589996,84.779999,80.849998,81.489998,2916000,28.7654
2006-03-27,81.900002,84.209999,81.830002,84.150002,3003000,29.704362
2006-03-24,79.980003,81.650002,79.32,81.550003,1148400,28.786581
2006-03-23,80.57,80.57,78.599998,79.800003,1054200,28.168843
2006-03-22,80.860001,80.860001,80.00,80.769997,1498800,28.511244
2006-03-21,79.400002,81.589996,78.620003,81.029999,3258400,28.603023
2006-03-20,77.860001,79.599998,77.349998,79.410004,2221200,28.031176
2006-03-17,76.519997,77.970001,76.519997,77.089996,1880400,27.21223
2006-03-16,77.360001,77.580002,75.940002,76.639999,1219000,27.053384
2006-03-15,75.300003,77.489998,75.099998,77.00,2310200,27.180462
2006-03-14,74.629997,75.959999,74.040001,75.300003,1438400,26.580375
2006-03-13,74.800003,75.360001,74.25,74.660004,1099000,26.35446
2006-03-10,74.970001,75.489998,74.230003,74.769997,783600,26.393286
2006-03-09,75.190002,76.639999,73.919998,75.400002,2465800,26.615674
2006-03-08,73.379997,75.339996,72.190002,74.790001,2417400,26.400348
2006-03-07,75.00,75.540001,72.50,73.839996,2304200,26.065003
2006-03-06,74.32,76.699997,74.309998,75.209999,3823400,26.548604
2006-03-03,72.599998,75.019997,72.150002,74.00,4005200,26.121483
2006-03-02,69.879997,72.699997,69.059998,72.699997,3034600,25.662591
2006-03-01,69.419998,70.00,67.809998,69.669998,2018000,24.593022
2006-02-28,70.00,70.379997,68.129997,68.82,1620800,24.292979
2006-02-27,68.889999,70.379997,68.300003,70.339996,3022600,24.829527
2006-02-24,65.669998,67.050003,65.050003,67.00,2279000,23.650532
2006-02-23,65.669998,66.389999,64.82,65.529999,3356200,23.131632
2006-02-22,70.25,70.959999,63.66,65.129997,17487800,22.990434
2006-02-21,65.489998,66.980003,65.160004,66.00,2532000,23.297539
2006-02-17,65.650002,66.699997,65.120003,65.32,1592400,23.057503
2006-02-16,66.00,66.75,64.870003,65.50,1309000,23.121042
2006-02-15,66.989998,66.989998,65.470001,65.900002,1125400,23.26224
2006-02-14,67.809998,67.809998,66.059998,67.040001,1411200,23.664652
2006-02-13,66.919998,68.00,66.709999,68.00,2107400,24.003525
2006-02-10,65.25,66.769997,64.669998,66.50,1555600,23.474035
2006-02-09,61.650002,66.07,61.650002,65.639999,2772800,23.170461
2006-02-08,61.549999,62.84,60.00,60.740002,1703800,21.440796
2006-02-07,63.02,63.919998,60.830002,61.470001,1578000,21.698481
2006-02-06,63.860001,63.970001,62.57,62.68,1288600,22.125602
2006-02-03,64.160004,66.07,63.299999,63.990002,4182200,22.588023
2006-02-02,62.799999,65.50,62.799999,64.419998,4993600,22.739809
2006-02-01,61.740002,62.639999,61.099998,62.209999,1105800,21.959695
2006-01-31,63.73,63.73,61.66,62.209999,958200,21.959695
2006-01-30,64.68,65.330002,63.200001,63.41,1266400,22.383287
2006-01-27,63.09,66.220001,63.00,64.239998,1822600,22.67627
2006-01-26,61.360001,63.900002,61.16,63.25,1778400,22.326808
2006-01-25,64.400002,65.50,62.32,63.040001,2650800,22.25268
2006-01-24,61.029999,64.660004,61.029999,64.370003,3762800,22.722161
2006-01-23,59.889999,61.150002,59.889999,61.049999,2089600,21.550223
2006-01-20,60.50,61.889999,59.50,59.799999,2349200,21.108982
2006-01-19,61.259998,61.900002,59.900002,60.900002,2870400,21.497275
2006-01-18,60.00,61.799999,59.82,61.450001,2312600,21.691421
2006-01-17,62.939999,63.189999,61.00,61.400002,1550800,21.673771
2006-01-13,63.75,64.339996,61.139999,62.939999,2976600,22.21738
2006-01-12,63.700001,64.580002,62.299999,63.689999,2317000,22.482124
2006-01-11,64.800003,65.849998,63.32,63.919998,3079400,22.563313
2006-01-10,66.769997,67.199997,64.080002,64.75,2197400,22.856297
2006-01-09,67.00,68.150002,65.690002,66.940002,1959600,23.629353
2006-01-06,64.489998,66.900002,63.639999,66.779999,2355000,23.572873
2006-01-05,65.620003,65.949997,63.57,63.93,2273600,22.566843
2006-01-04,65.269997,65.68,62.799999,65.540001,5175600,23.135162
2006-01-03,66.940002,67.620003,65.480003,67.360001,2263000,23.777609
2005-12-30,64.260002,68.879997,63.720001,66.349998,3711400,23.421086
2005-12-29,65.50,65.599998,64.080002,64.839996,1324000,22.888066
2005-12-28,66.43,66.610001,65.110001,65.669998,1433800,23.18105
2005-12-27,68.379997,68.650002,65.879997,66.43,1264000,23.449326
2005-12-23,68.300003,68.709999,66.50,68.57,2808400,24.204731
2005-12-22,62.799999,68.760002,62.700001,68.300003,8012600,24.109424
2005-12-21,61.66,63.25,60.400002,62.790001,1733800,22.164432
2005-12-20,61.740002,61.82,60.59,61.380001,1488200,21.666711
2005-12-19,60.98,62.360001,60.98,61.349998,1795400,21.656121
2005-12-16,61.799999,62.00,60.630001,61.040001,3677800,21.546694
2005-12-15,64.00,64.040001,61.849998,62.200001,1467200,21.956166
2005-12-14,63.75,63.869999,62.400002,63.490002,1714000,22.411527
2005-12-13,60.84,63.799999,60.549999,63.540001,3983400,22.429176
2005-12-12,59.549999,61.00,59.25,60.84,2010800,21.476095
2005-12-09,58.740002,59.220001,57.84,58.360001,1201000,20.600672
2005-12-08,59.939999,60.450001,58.669998,58.799999,1644800,20.755989
2005-12-07,58.02,59.48,57.560001,59.389999,1631000,20.964255
2005-12-06,59.169998,59.759998,58.02,58.200001,1468000,20.544194
2005-12-05,59.790001,60.98,58.380001,59.040001,2414000,20.840708
2005-12-02,56.619999,58.00,55.98,57.91,2051000,20.441825
2005-12-01,55.540001,57.50,55.200001,56.25,2563600,19.855857
2005-11-30,55.75,55.990002,53.970001,55.099998,3513200,19.449914
2005-11-29,58.220001,58.630001,55.630001,55.799999,2146200,19.69701
2005-11-28,59.77,60.240002,57.509998,57.73,1964200,20.20179
2005-11-25,59.639999,60.060001,58.41,59.849998,697200,20.943654
2005-11-23,61.779999,61.790001,58.400002,59.790001,1948400,20.922658
2005-11-22,61.709999,61.860001,59.23,61.73,2022000,21.601533
2005-11-21,61.689999,62.00,60.650002,61.869999,1518400,21.650524
2005-11-18,59.599998,61.880001,59.099998,61.150002,3521600,21.398571
2005-11-17,58.00,59.02,57.41,59.009998,1053000,20.649707
2005-11-16,57.439999,58.00,57.330002,57.700001,888000,20.191292
2005-11-15,58.57,58.939999,56.98,57.330002,1602800,20.061817
2005-11-14,57.369999,58.959999,57.290001,58.00,1697200,20.296273
2005-11-11,57.110001,58.00,56.599998,57.279999,1407400,20.044319
2005-11-10,55.900002,57.32,55.150002,57.09,1382800,19.977831
2005-11-09,55.189999,55.849998,54.959999,55.580002,1094200,19.449429
2005-11-08,54.360001,55.799999,54.349998,54.639999,1582600,19.120489
2005-11-07,56.709999,57.389999,54.110001,54.830002,3002400,19.186977
2005-11-04,57.91,58.099998,56.049999,56.77,1696400,19.865852
2005-11-03,56.200001,57.759998,56.130001,57.73,2526400,20.20179
2005-11-02,56.18,56.299999,55.150002,55.34,2676600,19.365444
2005-11-01,57.560001,58.009998,55.900002,56.18,2079600,19.65939
2005-10-31,57.959999,58.75,56.50,57.43,2303600,20.09681
2005-10-28,57.27,58.380001,55.610001,57.110001,2923200,19.98483
2005-10-27,58.52,59.18,55.540001,56.450001,4122000,19.753873
2005-10-26,65.949997,66.00,56.75,59.50,12743400,20.821177
2005-10-25,67.949997,68.029999,66.669998,67.480003,1843200,23.613665
2005-10-24,65.699997,67.580002,64.25,67.580002,1608800,23.648658
2005-10-21,64.940002,65.660004,64.00,65.599998,1749600,22.955784
2005-10-20,63.50,65.580002,63.48,64.209999,1774800,22.469374
2005-10-19,63.130001,64.790001,62.009998,64.699997,1455200,22.640841
2005-10-18,63.00,64.169998,61.68,63.169998,1282400,22.10544
2005-10-17,64.110001,64.449997,62.669998,63.040001,747800,22.059949
2005-10-14,62.950001,63.990002,61.07,63.860001,1650000,22.346897
2005-10-13,62.700001,64.230003,61.099998,62.450001,2909400,21.853487
2005-10-12,65.089996,65.150002,62.040001,62.509998,2408800,21.874483
2005-10-11,66.209999,66.209999,63.75,65.050003,3437600,22.763321
2005-10-10,66.400002,66.699997,65.25,65.529999,1084400,22.931289
2005-10-07,66.260002,66.889999,66.00,66.050003,1191200,23.113257
2005-10-06,66.57,67.419998,65.559998,66.309998,1914200,23.204238
2005-10-05,68.949997,69.00,66.019997,66.489998,2220000,23.267227
2005-10-04,70.43,70.68,68.910004,69.349998,2045200,24.268043
2005-10-03,68.720001,70.43,68.019997,70.410004,3163400,24.638977
2005-09-30,66.900002,68.080002,66.489998,67.830002,2821000,23.736142
2005-09-29,62.169998,67.339996,62.150002,66.68,3764200,23.333715
2005-09-28,62.549999,64.019997,60.720001,62.18,1945800,21.759004
2005-09-27,62.02,63.599998,60.75,62.700001,2524600,21.940971
2005-09-26,62.349998,64.120003,60.66,61.619999,1989600,21.56304
2005-09-23,62.439999,63.400002,62.00,62.23,1772800,21.776501
2005-09-22,63.00,63.200001,61.150002,61.610001,2542400,21.559541
2005-09-21,66.419998,66.419998,61.68,62.91,3825600,22.014457
2005-09-20,67.400002,67.900002,66.110001,66.18,2212400,23.158747
2005-09-19,67.059998,67.400002,66.769997,67.339996,2124800,23.564671
2005-09-16,64.540001,67.150002,64.449997,66.940002,2817800,23.424699
2005-09-15,64.139999,64.970001,64.120003,64.790001,1258000,22.672337
2005-09-14,64.589996,64.949997,63.34,64.00,1618200,22.395887
2005-09-13,63.049999,65.00,62.580002,64.639999,2960200,22.619846
2005-09-12,62.470001,63.48,62.290001,63.259998,1247000,22.136934
2005-09-09,60.439999,62.599998,60.41,62.330002,2057400,21.811495
2005-09-08,60.349998,60.93,60.099998,60.689999,1258600,21.2376
2005-09-07,59.630001,60.09,59.630001,59.950001,624000,20.978648
2005-09-06,59.790001,60.00,59.419998,59.959999,769400,20.982147
2005-09-02,58.50,59.93,58.450001,59.419998,1013800,20.793181
2005-09-01,57.889999,58.91,57.549999,58.759998,1270400,20.562224
2005-08-31,56.459999,57.900002,56.27,57.900002,1223800,20.26128
2005-08-30,55.470001,56.599998,55.470001,56.509998,876800,19.774868
2005-08-29,55.599998,56.23,55.169998,55.860001,736200,19.547411
2005-08-26,56.00,56.560001,55.549999,55.599998,801800,19.456427
2005-08-25,55.720001,57.419998,55.720001,56.119999,540000,19.638393
2005-08-24,56.41,57.619999,55.669998,55.959999,960800,19.582404
2005-08-23,56.080002,56.779999,56.080002,56.330002,880000,19.711881
2005-08-22,55.990002,56.50,55.630001,55.990002,704200,19.592903
2005-08-19,55.049999,55.82,54.57,55.650002,889400,19.473924
2005-08-18,54.849998,55.779999,54.630001,55.049999,1057600,19.263962
2005-08-17,54.73,55.48,54.639999,54.91,793200,19.214971
2005-08-16,56.75,56.759998,54.470001,54.799999,1351600,19.176478
2005-08-15,56.209999,56.91,55.77,56.73,869600,19.851854
2005-08-12,56.639999,56.790001,55.610001,56.23,1346800,19.676887
2005-08-11,55.599998,56.990002,55.50,56.75,1357600,19.858853
2005-08-10,55.00,55.799999,55.00,55.18,1606800,19.309454
2005-08-09,53.970001,55.18,53.93,55.00,1297400,19.246466
2005-08-08,53.459999,54.00,53.110001,53.669998,1150400,18.781051
2005-08-05,52.279999,54.049999,52.009998,53.029999,1121200,18.557092
2005-08-04,53.77,54.169998,51.91,52.240002,1557200,18.280644
2005-08-03,54.369999,55.080002,53.529999,54.02,1143400,18.903529
2005-08-02,54.900002,55.50,54.279999,54.740002,1010000,19.155483
2005-08-01,55.110001,55.50,54.450001,55.130001,884600,19.291958
2005-07-29,54.889999,55.290001,54.299999,54.889999,1161600,19.207973
2005-07-28,55.310001,55.349998,54.040001,54.610001,1389000,19.109991
2005-07-27,57.130001,57.450001,54.25,54.889999,8761400,19.207973
2005-07-26,51.580002,53.209999,51.27,52.560001,1424000,18.392623
2005-07-25,51.950001,52.00,50.84,51.290001,559800,17.948204
2005-07-22,51.950001,52.43,51.009998,51.27,839800,17.941206
2005-07-21,52.299999,53.18,51.48,52.040001,1009200,18.210656
2005-07-20,50.400002,52.849998,50.189999,52.540001,1592800,18.385624
2005-07-19,50.18,50.799999,49.119999,50.540001,909200,17.685753
2005-07-18,50.369999,50.369999,48.59,50.009998,1247200,17.500286
2005-07-15,48.560001,50.549999,48.450001,50.439999,2518000,17.650758
2005-07-14,48.00,48.470001,47.580002,48.080002,440200,16.824911
2005-07-13,47.630001,48.650002,47.400002,47.509998,754000,16.625446
2005-07-12,47.400002,47.759998,46.310001,47.41,1210600,16.590453
2005-07-11,47.150002,48.360001,47.099998,47.240002,2083400,16.530965
2005-07-08,47.50,48.900002,47.040001,48.389999,1417000,16.93339
2005-07-07,47.00,48.18,46.889999,47.50,1537800,16.621948
2005-07-06,44.130001,48.32,44.049999,48.18,3331200,16.859904
2005-07-05,43.939999,44.34,43.400002,44.150002,882600,15.449663
2005-07-01,43.099998,44.080002,42.91,43.669998,1645200,15.281693
2005-06-30,42.77,43.349998,42.509998,42.75,1400800,14.959753
2005-06-29,41.549999,42.369999,41.400002,42.310001,757200,14.805782
2005-06-28,41.189999,42.02,41.119999,41.52,1319800,14.529332
2005-06-27,41.110001,42.080002,41.040001,41.07,1101000,14.371861
2005-06-24,42.169998,42.349998,41.209999,41.360001,1200400,14.473342
2005-06-23,44.060001,44.080002,42.25,42.41,927400,14.840775
2005-06-22,43.619999,43.779999,42.66,43.630001,557400,15.267697
2005-06-21,44.16,44.209999,42.799999,43.349998,806200,15.169714
2005-06-20,44.490002,44.790001,43.599998,44.119999,752200,15.439164
2005-06-17,44.00,44.540001,43.110001,44.509998,1757800,15.575639
2005-06-16,42.200001,44.119999,42.049999,44.00,949000,15.397173
2005-06-15,42.389999,42.389999,41.790001,42.119999,720000,14.739293
2005-06-14,42.330002,42.540001,41.869999,42.00,707800,14.697301
2005-06-13,41.880001,42.529999,41.700001,42.18,855400,14.76029
2005-06-10,42.02,42.400002,41.529999,41.77,760200,14.616816
2005-06-09,42.82,42.849998,41.509998,42.189999,892400,14.763788
2005-06-08,42.240002,43.099998,42.18,42.290001,790000,14.798783
2005-06-07,43.299999,43.400002,42.209999,42.509998,1356000,14.875768
2005-06-06,43.630001,44.110001,43.200001,43.330002,525000,15.162716
2005-06-03,44.389999,44.50,43.41,43.43,579800,15.197709
2005-06-02,45.150002,45.200001,44.060001,44.25,698400,15.484657
2005-06-01,44.610001,45.130001,44.110001,44.73,739000,15.652626
2005-05-31,44.57,45.130001,44.150002,44.349998,555400,15.51965
2005-05-27,44.130001,44.52,43.50,44.34,1241800,15.516151
2005-05-26,43.099998,44.490002,42.950001,43.82,1128600,15.334184
2005-05-25,44.290001,44.290001,42.860001,43.099998,737600,15.08223
2005-05-24,45.02,45.400002,43.650002,43.98,1851400,15.390174
2005-05-23,45.00,45.389999,44.34,45.27,1303400,15.841591
2005-05-20,44.02,44.50,43.799999,44.400002,566600,15.537147
2005-05-19,44.400002,44.599998,43.77,43.830002,1281000,15.337684
2005-05-18,42.299999,44.799999,42.299999,44.049999,2251000,15.414669
2005-05-17,42.32,42.439999,41.790001,42.299999,628600,14.802282
2005-05-16,43.220001,43.349998,41.529999,42.25,957000,14.784785
2005-05-13,42.490002,43.16,42.290001,42.73,587000,14.952754
2005-05-12,43.689999,43.720001,42.169998,42.490002,1014600,14.86877
2005-05-11,42.43,43.779999,42.290001,43.330002,1457600,15.162716
2005-05-10,41.189999,42.630001,41.00,42.599998,1378000,14.907262
2005-05-09,41.939999,42.00,40.950001,41.400002,869400,14.48734
2005-05-06,41.240002,41.959999,40.799999,41.919998,863600,14.669306
2005-05-05,41.040001,41.060001,40.09,40.75,1152000,14.259881
2005-05-04,41.009998,41.189999,40.049999,40.720001,810200,14.249384
2005-05-03,40.68,41.049999,40.209999,40.720001,800400,14.249384
2005-05-02,39.970001,41.060001,39.48,40.490002,1588000,14.168899
2005-04-29,40.700001,41.18,39.040001,39.50,2567800,13.822462
2005-04-28,41.950001,41.950001,40.25,40.57,2731600,14.196893
2005-04-27,41.25,42.599998,39.91,42.23,5905400,14.777786
2005-04-26,44.00,44.66,43.43,43.529999,1574400,15.232702
2005-04-25,43.68,43.93,43.380001,43.799999,647400,15.327185
2005-04-22,43.540001,43.810001,42.98,43.27,1333600,15.14172
2005-04-21,43.580002,43.950001,43.029999,43.709999,1529000,15.295691
2005-04-20,43.380001,44.34,43.009998,43.02,1443000,15.054236
2005-04-19,43.189999,43.84,42.66,43.119999,1061800,15.089229
2005-04-18,43.450001,44.169998,42.439999,42.919998,2324800,15.019241
2005-04-15,44.849998,45.360001,43.490002,43.59,1923400,15.253699
2005-04-14,46.439999,46.66,45.029999,45.169998,844600,15.806597
2005-04-13,46.450001,46.740002,45.900002,46.119999,925000,16.139036
2005-04-12,45.25,46.25,44.619999,46.130001,853200,16.142536
2005-04-11,45.990002,46.119999,45.00,45.529999,649800,15.932574
2005-04-08,45.759998,46.470001,45.50,45.799999,887800,16.027057
2005-04-07,46.02,46.09,45.169998,45.470001,2234600,15.911579
2005-04-06,46.380001,47.080002,45.98,46.27,1190400,16.191527
2005-04-05,45.439999,46.119999,45.119999,46.02,655400,16.104043
2005-04-04,45.060001,45.779999,44.369999,45.439999,1058200,15.90108
2005-04-01,46.869999,47.27,44.73,45.00,1270600,15.747108
2005-03-31,45.880001,46.799999,45.630001,46.32,1266200,16.209023
2005-03-30,45.00,45.77,45.00,45.689999,1098800,15.988563
2005-03-29,44.34,45.400002,43.75,44.84,1598200,15.691119
2005-03-28,47.259998,47.259998,43.540001,44.66,3036000,15.62813
2005-03-24,48.009998,48.279999,47.310001,47.389999,904000,16.583455
2005-03-23,46.779999,48.029999,46.599998,47.639999,694200,16.670938
2005-03-22,48.00,48.470001,46.619999,47.009998,1153000,16.450479
2005-03-21,48.419998,48.860001,47.810001,47.880001,902600,16.754924
2005-03-18,48.139999,49.23,47.68,48.16,1298800,16.852905
2005-03-17,46.799999,49.700001,46.299999,48.380001,2273800,16.929891
2005-03-16,47.00,47.919998,46.529999,46.939999,1530600,16.425983
2005-03-15,50.25,50.290001,46.279999,48.00,3124600,16.796916
2005-03-14,50.00,50.389999,49.48,50.189999,593600,17.563274
2005-03-11,50.860001,51.57,49.66,50.009998,1354200,17.500286
2005-03-10,51.650002,51.650002,49.919998,50.59,1223400,17.703249
2005-03-09,51.84,52.48,51.00,51.220001,572800,17.923709
2005-03-08,52.48,53.380001,51.75,51.779999,656800,18.119672
2005-03-07,52.209999,53.610001,51.93,52.700001,1270000,18.441614
2005-03-04,51.080002,53.900002,51.009998,51.93,2067000,18.172163
2005-03-03,51.00,51.41,49.43,50.959999,1558600,17.832725
2005-03-02,51.299999,51.740002,50.75,50.91,595800,17.815228
2005-03-01,51.50,52.369999,50.75,51.389999,723600,17.983197
2005-02-28,51.490002,52.84,51.060001,51.25,1043400,17.934207
2005-02-25,51.299999,51.900002,50.459999,51.48,844600,18.014692
2005-02-24,50.950001,51.720001,50.360001,51.220001,1068800,17.923709
2005-02-23,51.189999,51.799999,50.509998,51.110001,1251200,17.885216
2005-02-22,52.549999,52.880001,51.049999,51.130001,1967000,17.892215
2005-02-18,54.810001,55.07,52.849998,53.200001,1571800,18.616582
2005-02-17,55.009998,55.50,54.799999,55.00,911800,19.246466
2005-02-16,54.93,55.470001,54.84,55.18,496400,19.309454
2005-02-15,55.240002,55.639999,54.25,54.970001,1000000,19.235968
2005-02-14,55.23,55.73,54.200001,55.189999,1353800,19.312953
2005-02-11,54.27,55.25,53.50,55.200001,977600,19.316453
2005-02-10,55.110001,55.849998,54.00,54.549999,2021600,19.088994
2005-02-09,58.07,59.200001,53.549999,54.830002,5024200,19.186977
2005-02-08,56.549999,57.799999,55.84,57.220001,1716800,20.023323
2005-02-07,57.32,57.529999,55.860001,56.240002,952200,19.680387
2005-02-04,57.700001,57.900002,56.50,56.959999,1173800,19.932339
2005-02-03,57.50,57.869999,56.669998,57.66,1101000,20.177295
2005-02-02,54.73,57.84,54.700001,57.77,2021600,20.215788
2005-02-01,55.580002,56.049999,54.580002,55.18,1546400,19.309454
2005-01-31,53.00,57.299999,52.889999,55.00,4475200,19.246466
2005-01-28,51.25,51.439999,50.18,50.970001,1646200,17.836225
2005-01-27,51.25,51.25,50.00,51.189999,928400,17.91321
2005-01-26,50.790001,51.549999,50.299999,51.23,835400,17.927208
2005-01-25,50.400002,51.490002,49.759998,50.43,925400,17.647259
2005-01-24,50.689999,51.990002,49.869999,50.189999,1531200,17.563274
2005-01-21,51.23,52.400002,50.200001,50.330002,1771200,17.612266
2005-01-20,52.32,52.32,50.41,51.23,1742800,17.927208
2005-01-19,53.689999,53.689999,51.799999,52.32,1445600,18.308638
2005-01-18,52.82,53.689999,52.48,53.459999,1287600,18.707564
2005-01-14,52.18,52.82,51.299999,52.57,1618600,18.396122
2005-01-13,50.790001,52.50,50.209999,51.759998,3866800,18.112673
2005-01-12,49.950001,51.110001,48.880001,50.369999,4794000,17.626263
2005-01-11,51.279999,51.419998,49.150002,49.259998,3312800,17.237834
2005-01-10,53.080002,53.369999,51.75,51.93,1758200,18.172163
2005-01-07,53.400002,54.610001,53.130001,53.380001,1669200,18.67957
2005-01-06,53.560001,53.939999,52.509998,53.34,1736400,18.665572
2005-01-05,55.900002,56.509998,52.57,53.560001,4584600,18.742559
2005-01-04,59.560001,59.810001,56.009998,56.630001,2544200,19.816861
2005-01-03,61.169998,61.439999,57.73,58.919998,2153200,20.618213
2004-12-31,60.439999,60.970001,60.099998,60.84,526200,21.29009
2004-12-30,61.580002,61.990002,60.43,60.560001,532600,21.192109
2004-12-29,61.720001,62.040001,61.00,61.220001,836800,21.423066
2004-12-28,61.490002,62.07,61.02,62.00,938600,21.696016
2004-12-27,61.700001,62.00,60.880001,61.200001,1356400,21.416068
2004-12-23,59.880001,61.740002,59.740002,60.860001,2680600,21.297089
2004-12-22,58.639999,59.98,57.91,59.98,2659800,20.989146
2004-12-21,57.860001,58.400002,57.369999,58.23,747800,20.376758
2004-12-20,57.650002,58.50,56.66,57.540001,1396000,20.135303
2004-12-17,55.060001,57.700001,54.68,57.66,1997400,20.177295
2004-12-16,57.00,57.32,54.779999,55.060001,1122000,19.267462
2004-12-15,57.23,57.50,56.32,56.849998,659400,19.893846
2004-12-14,56.73,57.450001,56.00,57.189999,817800,20.012825
2004-12-13,55.490002,56.630001,55.00,56.599998,831000,19.806362
2004-12-10,56.419998,56.580002,54.66,54.970001,796600,19.235968
2004-12-09,55.450001,56.790001,54.509998,56.380001,1586800,19.729377
2004-12-08,54.400002,54.84,53.529999,54.00,876800,18.89653
2004-12-07,56.049999,56.049999,54.279999,54.830002,1319000,19.186977
2004-12-06,56.310001,56.549999,55.349998,55.900002,1381800,19.561408
2004-12-03,54.970001,56.169998,53.119999,56.00,2516600,19.596401
2004-12-02,58.389999,58.849998,54.259998,55.369999,2903400,19.375942
2004-12-01,58.459999,59.00,58.119999,58.790001,919800,20.572722
2004-11-30,58.25,58.41,57.529999,58.220001,721200,20.373259
2004-11-29,58.50,58.630001,57.130001,58.169998,1413000,20.355761
2004-11-26,57.700001,58.619999,57.349998,58.32,942200,20.233284
2004-11-24,57.00,57.689999,56.66,57.380001,1074200,19.907165
2004-11-23,56.00,57.00,55.00,56.869999,1727000,19.730227
2004-11-22,53.279999,56.009998,53.259998,55.75,2543200,19.34166
2004-11-19,52.360001,53.580002,51.509998,53.18,1677400,18.450035
2004-11-18,53.099998,53.330002,50.599998,52.040001,1583000,18.054529
2004-11-17,53.50,54.119999,52.84,53.040001,749200,18.401465
2004-11-16,53.50,54.099998,53.00,53.259998,659200,18.477789
2004-11-15,53.619999,54.07,53.139999,53.950001,715600,18.717176
2004-11-12,53.459999,53.599998,52.709999,53.599998,710600,18.595748
2004-11-11,53.00,53.400002,52.599998,53.290001,562800,18.488198
2004-11-10,52.650002,53.07,52.18,52.740002,819800,18.297384
2004-11-09,51.93,52.650002,51.700001,52.25,531000,18.127385
2004-11-08,52.00,52.50,51.540001,51.669998,608000,17.926162
2004-11-05,52.099998,52.599998,51.150002,51.75,975600,17.953917
2004-11-04,51.220001,52.009998,50.950001,51.959999,718800,18.026773
2004-11-03,51.00,51.619999,50.790001,51.209999,1234800,17.766572
2004-11-02,50.549999,51.349998,50.00,50.639999,1545000,17.568819
2004-11-01,49.900002,50.990002,49.75,50.16,836800,17.40229
2004-10-29,48.889999,50.450001,48.810001,50.00,930800,17.34678
2004-10-28,51.59,51.700001,49.279999,49.50,2158200,17.173312
2004-10-27,47.77,52.240002,47.23,50.529999,7224600,17.530655
2004-10-26,45.75,47.900002,45.200001,47.709999,1333000,16.552297
2004-10-25,46.400002,46.400002,45.259998,45.75,1101000,15.872304
2004-10-22,46.07,47.00,45.970001,46.369999,827400,16.087403
2004-10-21,45.970001,46.529999,45.490002,46.290001,675200,16.059649
2004-10-20,45.57,46.34,44.619999,45.959999,633400,15.94516
2004-10-19,46.200001,46.50,45.23,45.330002,787000,15.726591
2004-10-18,46.57,46.57,44.849998,45.150002,1268800,15.664143
2004-10-15,46.310001,46.82,45.970001,46.349998,1296200,16.080465
2004-10-14,45.990002,46.240002,45.490002,46.200001,525200,16.028425
2004-10-13,45.529999,46.439999,45.25,45.889999,1466400,15.920874
2004-10-12,45.630001,45.869999,44.799999,45.700001,798800,15.854957
2004-10-11,44.970001,45.849998,44.880001,45.75,1118800,15.872304
2004-10-08,45.00,45.189999,44.509998,44.73,810200,15.518429
2004-10-07,44.310001,45.400002,43.799999,45.209999,842000,15.684958
2004-10-06,43.98,45.099998,43.50,45.049999,1252000,15.629449
2004-10-05,43.450001,44.099998,43.25,43.970001,1102200,15.254759
2004-10-04,43.98,44.639999,43.169998,43.349998,1033800,15.039658
2004-10-01,43.529999,44.25,43.099998,44.240002,1086800,15.348432
2004-09-30,42.330002,43.950001,42.310001,43.25,1871200,15.004965
2004-09-29,40.07,42.59,39.900002,42.450001,1705400,14.727416
2004-09-28,39.75,40.360001,39.560001,40.200001,789400,13.946811
2004-09-27,39.91,40.299999,39.32,40.049999,746200,13.894771
2004-09-24,39.380001,39.889999,39.040001,39.52,605800,13.710895
2004-09-23,39.740002,40.25,39.50,39.57,574800,13.728242
2004-09-22,40.57,40.68,39.700001,40.049999,986400,13.894771
2004-09-21,40.66,40.990002,40.349998,40.77,581000,14.144565
2004-09-20,41.049999,41.23,40.259998,40.619999,1194600,14.092524
2004-09-17,40.549999,41.32,40.509998,41.099998,1135400,14.259053
2004-09-16,39.720001,40.599998,39.48,40.27,1001600,13.971097
2004-09-15,40.549999,40.549999,39.049999,39.209999,1496000,13.603345
2004-09-14,40.099998,40.639999,39.68,40.50,1213000,14.050892
2004-09-13,39.799999,40.23,39.169998,40.00,1043000,13.877424
2004-09-10,40.09,40.09,39.380001,39.709999,967000,13.776812
2004-09-09,40.049999,40.599998,39.619999,39.900002,1281200,13.842731
2004-09-08,40.380001,41.00,39.619999,39.990002,1064800,13.873955
2004-09-07,39.900002,41.00,39.860001,40.720001,754400,14.127218
2004-09-03,39.419998,40.130001,39.130001,39.830002,898600,13.818446
2004-09-02,38.490002,39.939999,38.07,39.810001,950800,13.811507
2004-09-01,38.580002,39.450001,37.900002,38.400002,680200,13.322328
2004-08-31,40.00,40.470001,37.77,38.91,2400000,13.499264
2004-08-30,38.619999,40.139999,38.099998,39.810001,1504000,13.811507
2004-08-27,38.669998,39.25,38.240002,38.98,715000,13.52355
2004-08-26,38.490002,38.720001,38.099998,38.66,845400,13.41253
2004-08-25,37.080002,39.099998,37.080002,38.689999,1872600,13.422938
2004-08-24,38.290001,38.290001,36.77,37.34,624800,12.954575
2004-08-23,38.290001,38.490002,37.59,37.919998,947400,13.155797
2004-08-20,37.669998,38.490002,37.16,38.099998,626800,13.218246
2004-08-19,37.50,37.91,37.169998,37.490002,909800,13.006616
2004-08-18,36.98,38.00,36.549999,37.91,1090400,13.152329
2004-08-17,36.130001,37.099998,36.07,37.099998,1121200,12.87131
2004-08-16,36.650002,36.650002,35.869999,36.200001,749400,12.559069
2004-08-13,36.25,36.610001,35.799999,35.93,841400,12.465396
2004-08-12,36.740002,37.00,35.400002,36.189999,2106800,12.555599
2004-08-11,37.41,37.84,35.669998,37.330002,1609600,12.951107
2004-08-10,36.169998,37.939999,36.029999,37.869999,935600,13.138451
2004-08-09,35.470001,36.59,35.310001,35.919998,662000,12.461926
2004-08-06,37.00,37.59,35.66,36.150002,1247800,12.541722
2004-08-05,37.639999,38.200001,37.09,37.23,908600,12.916412
2004-08-04,37.740002,38.299999,37.380001,37.790001,1146600,13.110697
2004-08-03,38.130001,38.68,37.07,37.360001,1065000,12.961514
2004-08-02,37.490002,39.00,37.00,38.700001,1750200,13.426408
2004-07-30,38.07,38.48,37.490002,37.50,2133800,13.010085
2004-07-29,37.18,38.240002,37.099998,38.07,2966000,13.207838
2004-07-28,36.66,39.43,35.040001,37.740002,10419400,13.09335
2004-07-27,32.950001,34.759998,31.51,33.650002,2185600,11.674383
2004-07-26,32.959999,33.349998,32.50,32.830002,748000,11.389896
2004-07-23,33.639999,33.860001,32.450001,32.759998,773000,11.36561
2004-07-22,33.970001,34.619999,33.00,34.00,1283200,11.79581
2004-07-21,35.00,35.02,33.810001,33.880001,838400,11.754179
2004-07-20,35.099998,35.169998,34.400002,34.990002,905000,12.139277
2004-07-19,34.610001,35.099998,33.82,34.889999,873600,12.104583
2004-07-16,34.349998,35.110001,33.689999,34.130001,1447400,11.840912
2004-07-15,34.98,35.59,34.34,34.34,829800,11.913769
2004-07-14,35.34,35.549999,34.900002,35.16,703800,12.198256
2004-07-13,34.77,35.630001,34.77,35.549999,786400,12.33356
2004-07-12,35.84,36.040001,34.349998,34.91,805800,12.111522
2004-07-09,35.77,36.130001,35.299999,35.84,372800,12.434172
2004-07-08,35.279999,36.189999,35.029999,35.290001,810600,12.243358
2004-07-07,35.48,35.740002,35.009998,35.50,962400,12.316214
2004-07-06,34.43,35.330002,34.099998,34.849998,1146600,12.090705
2004-07-02,35.00,35.43,34.400002,34.41,994000,11.938054
2004-07-01,36.549999,36.560001,34.59,34.66,3178400,12.024788
2004-06-30,35.400002,37.080002,35.299999,37.060001,1452200,12.857434
2004-06-29,36.029999,36.299999,35.259998,35.720001,1630600,12.39254
2004-06-28,34.98,36.369999,34.50,36.099998,2071600,12.524375
2004-06-25,34.799999,34.799999,34.450001,34.66,624000,12.024788
2004-06-24,33.57,34.77,33.290001,34.389999,1601800,11.931115
2004-06-23,32.650002,33.639999,32.150002,33.360001,970000,11.573772
2004-06-22,31.299999,32.970001,31.15,32.799999,1098800,11.379487
2004-06-21,31.950001,32.25,31.15,31.27,565400,10.848676
2004-06-18,30.549999,32.799999,30.530001,31.93,1577200,11.077654
2004-06-17,31.73,31.73,30.629999,30.82,1987600,10.692555
2004-06-16,33.599998,33.599998,31.27,31.42,3894600,10.900717
2004-06-15,32.93,33.529999,32.669998,33.439999,1341400,11.601526
2004-06-14,34.630001,34.880001,32.82,33.029999,1196600,11.459282
2004-06-10,34.630001,34.700001,34.150002,34.540001,398400,11.983156
2004-06-09,34.59,34.990002,34.23,34.349998,799000,11.917237
2004-06-08,35.220001,35.380001,34.75,34.98,1049600,12.135807
2004-06-07,34.470001,35.380001,33.91,35.130001,1039600,12.187848
2004-06-04,34.049999,34.43,33.599998,33.779999,664600,11.719484
2004-06-03,34.27,34.50,33.759998,33.790001,693000,11.722954
2004-06-02,35.00,35.00,34.259998,34.450001,632000,11.951932
2004-06-01,34.259998,34.990002,34.259998,34.810001,1351000,12.076829
2004-05-28,34.57,34.799999,33.799999,34.720001,959400,12.045604
2004-05-27,33.700001,34.880001,33.700001,34.23,1999000,11.875605
2004-05-26,34.259998,34.330002,33.25,33.52,1453400,11.629281
2004-05-25,33.389999,34.380001,32.799999,34.330002,1641600,11.9103
2004-05-24,34.209999,34.490002,32.849998,33.080002,2331000,11.47663
2004-05-21,31.99,32.759998,31.709999,32.599998,2094400,11.3101
2004-05-20,31.200001,32.060001,30.75,31.540001,2299400,10.942349
2004-05-19,30.15,31.860001,30.00,30.889999,2305800,10.71684
2004-05-18,28.40,29.709999,28.40,29.620001,1335400,10.276233
2004-05-17,28.67,28.950001,28.08,28.43,1264800,9.863379
2004-05-14,29.360001,29.459999,29.01,29.09,1461000,10.092357
2004-05-13,28.940001,29.219999,28.639999,28.93,1351000,10.036847
2004-05-12,29.50,29.65,28.370001,29.110001,1967400,10.099296
2004-05-11,29.23,29.57,29.07,29.34,1676800,10.179091
2004-05-10,29.35,29.75,28.360001,29.10,1575800,10.095826
2004-05-07,29.58,29.860001,29.40,29.469999,2079600,10.224192
2004-05-06,30.15,30.219999,29.25,29.50,1665000,10.2346
2004-05-05,30.02,30.440001,29.91,30.139999,3358400,10.456639
2004-05-04,31.950001,32.00,29.870001,29.90,3347000,10.373374
2004-05-03,32.50,32.68,31.59,31.68,1906000,10.99092
2004-04-30,33.220001,33.220001,32.119999,32.220001,2246200,11.178265
2004-04-29,33.220001,33.610001,32.709999,33.040001,2228000,11.462753
2004-04-28,35.610001,36.50,32.099998,32.91,12201800,11.417651
2004-04-27,39.169998,39.700001,38.790001,39.32,1463200,13.641508
2004-04-26,40.490002,40.490002,38.049999,38.650002,2483800,13.409061
2004-04-23,40.400002,40.529999,39.57,40.07,514800,13.901709
2004-04-22,39.880001,40.599998,39.599998,40.389999,894800,14.012729
2004-04-21,40.040001,40.459999,39.860001,40.189999,727400,13.943341
2004-04-20,40.869999,41.189999,39.880001,39.880001,683800,13.835792
2004-04-19,40.200001,40.830002,39.099998,40.759998,662400,14.141094
2004-04-16,39.950001,40.470001,39.799999,40.16,1038800,13.932934
2004-04-15,41.00,41.580002,40.00,40.220001,935800,13.95375
2004-04-14,40.419998,41.32,40.279999,41.200001,874600,14.293747
2004-04-13,42.200001,42.389999,40.360001,40.650002,959200,14.102933
2004-04-12,42.110001,42.970001,41.93,42.220001,603600,14.647621
2004-04-08,42.799999,43.34,42.200001,42.57,775600,14.769048
2004-04-07,42.209999,42.990002,42.200001,42.450001,613600,14.727416
2004-04-06,42.66,42.849998,42.189999,42.330002,382000,14.685785
2004-04-05,42.990002,43.130001,42.110001,42.759998,950800,14.834966
2004-04-02,43.139999,44.00,42.419998,42.990002,1242800,14.914762
2004-04-01,42.830002,43.139999,42.259998,42.400002,3165000,14.71007
2004-03-31,44.450001,44.450001,42.669998,42.709999,1054200,14.817619
2004-03-30,42.75,44.330002,42.389999,44.299999,923600,15.369247
2004-03-29,43.700001,43.84,42.540001,42.919998,1399800,14.890475
2004-03-26,43.970001,44.52,43.189999,43.310001,847000,15.025781
2004-03-25,42.77,44.50,42.50,44.360001,2892200,15.390063
2004-03-24,39.98,42.700001,39.810001,42.450001,2061200,14.727416
2004-03-23,40.639999,40.700001,39.709999,39.830002,1062400,13.818446
2004-03-22,40.18,40.349998,39.75,40.080002,831400,13.905179
2004-03-19,40.75,40.950001,40.279999,40.349998,1167800,13.998851
2004-03-18,40.740002,40.75,40.00,40.400002,936600,14.016199
2004-03-17,40.240002,41.779999,40.00,40.650002,1667000,14.102933
2004-03-16,40.349998,40.599998,39.799999,39.849998,1865200,13.825383
2004-03-15,41.200001,41.50,39.720001,39.830002,1779800,13.818446
2004-03-12,41.029999,42.00,40.700001,41.34,1922200,14.342318
2004-03-11,42.02,42.450001,40.970001,40.98,1786600,14.217421
2004-03-10,42.27,43.599998,41.150002,42.080002,1714600,14.599051
2004-03-09,44.43,44.799999,42.349998,42.360001,1977200,14.696192
2004-03-08,44.810001,45.98,44.400002,44.810001,3400600,15.546185
2004-03-05,46.400002,46.650002,45.779999,46.00,617000,15.959038
2004-03-04,46.099998,47.00,45.990002,46.52,376000,16.139444
2004-03-03,46.709999,47.439999,45.84,46.400002,625000,16.097812
2004-03-02,46.18,47.700001,46.02,46.950001,965000,16.288627
2004-03-01,46.360001,46.400002,45.380001,46.349998,1142800,16.080465
2004-02-27,45.959999,46.330002,45.549999,45.84,763400,15.903528
2004-02-26,46.299999,46.450001,45.919998,46.080002,954400,15.986793
2004-02-25,46.349998,46.369999,45.50,46.099998,1521200,15.993731
2004-02-24,46.41,46.48,45.360001,46.139999,1322000,16.007608
2004-02-23,46.009998,46.380001,45.599998,45.810001,1255200,15.89312
2004-02-20,46.560001,46.73,45.959999,46.209999,1149600,16.031894
2004-02-19,47.23,48.02,46.59,46.619999,842000,16.174137
2004-02-18,47.57,47.59,46.700001,47.099998,924400,16.340666
2004-02-17,48.50,48.549999,47.599998,47.650002,708600,16.531482
2004-02-13,48.349998,48.650002,47.50,48.00,1029200,16.652909
2004-02-12,48.48,49.400002,47.380001,47.900002,2482200,16.618216
2004-02-11,48.849998,49.00,44.599998,46.82,9142600,16.243525
2004-02-10,51.43,52.400002,51.240002,52.099998,781600,18.075344
2004-02-09,52.200001,52.299999,51.299999,51.360001,579600,17.818613
2004-02-06,50.009998,52.16,50.00,51.509998,1427600,17.870652
2004-02-05,49.43,50.619999,49.080002,49.650002,863000,17.225353
2004-02-04,49.970001,50.00,48.75,49.150002,1208400,17.051885
2004-02-03,51.990002,52.049999,50.27,50.50,1516600,17.520248
2004-02-02,53.00,54.00,51.84,52.040001,1037600,18.054529
2004-01-30,53.099998,53.330002,52.50,53.139999,538200,18.436158
2004-01-29,52.919998,53.34,52.209999,53.099998,1309000,18.42228
2004-01-28,53.049999,53.580002,52.610001,53.00,905600,18.387587
2004-01-27,53.73,54.02,52.639999,52.810001,1088800,18.32167
2004-01-26,54.630001,54.849998,52.529999,54.02,1852400,18.741461
2004-01-23,56.34,56.970001,54.580002,54.880001,1308800,19.039826
2004-01-22,57.630001,58.50,56.209999,56.209999,806000,19.50125
2004-01-21,57.450001,58.00,56.200001,57.619999,552400,19.990429
2004-01-20,57.91,58.02,56.110001,57.25,875400,19.862063
2004-01-16,57.509998,58.150002,57.119999,57.75,731800,20.035531
2004-01-15,57.459999,58.119999,56.610001,57.50,1134800,19.948797
2004-01-14,57.599998,58.549999,56.330002,57.43,1033600,19.924512
2004-01-13,57.41,58.200001,56.299999,56.919998,847200,19.747574
2004-01-12,57.43,57.50,56.599998,57.400002,655600,19.914104
2004-01-09,57.529999,58.23,56.75,57.299999,887600,19.87941
2004-01-08,57.459999,58.529999,57.00,58.040001,728800,20.136143
2004-01-07,58.00,59.470001,57.150002,57.349998,1526200,19.896756
2004-01-06,54.50,58.68,53.950001,57.669998,2353400,20.007775
2004-01-05,53.84,55.00,53.240002,54.689999,997400,18.973907
2004-01-02,55.139999,55.139999,53.330002,53.689999,926000,18.626972
2003-12-31,55.110001,55.630001,54.009998,54.48,636200,18.901051
2003-12-30,54.959999,55.889999,54.509998,54.75,775600,18.994724
2003-12-29,54.130001,55.00,53.959999,54.970001,742800,19.07105
2003-12-26,54.209999,54.450001,53.84,54.009998,231800,18.737991
2003-12-24,54.900002,55.049999,53.869999,53.98,454800,18.727584
2003-12-23,54.23,55.279999,53.799999,55.150002,976600,19.133499
2003-12-22,55.799999,56.00,53.200001,54.25,1769600,18.821256
2003-12-19,54.75,56.00,54.259998,55.02,7387600,19.088397
2003-12-18,55.02,55.580002,53.73,54.41,914600,18.876766
2003-12-17,53.139999,54.860001,52.200001,54.439999,1260000,18.887174
2003-12-16,53.23,53.650002,52.98,53.25,653600,18.474321
2003-12-15,56.240002,56.439999,52.93,53.349998,1599800,18.509014
2003-12-12,54.68,56.970001,54.349998,54.77,1576800,19.001663
2003-12-11,51.23,54.450001,51.00,53.759998,1284200,18.651257
2003-12-10,52.810001,52.959999,50.09,51.32,1390600,17.804735
2003-12-09,53.169998,54.049999,52.669998,52.689999,580600,18.280036
2003-12-08,53.650002,54.849998,52.799999,53.25,961400,18.474321
2003-12-05,54.259998,54.279999,52.950001,53.549999,569000,18.578401
2003-12-04,55.130001,56.049999,52.970001,54.549999,948200,18.925337
2003-12-03,56.029999,57.049999,54.709999,54.91,759200,19.050234
2003-12-02,55.93,56.349998,55.560001,55.82,573000,19.365945
2003-12-01,56.549999,57.84,54.380001,55.77,1144800,19.348599
2003-11-28,55.50,56.450001,55.450001,55.990002,261600,19.424925
2003-11-26,56.200001,56.459999,55.049999,56.009998,902800,19.431862
2003-11-25,55.400002,57.23,55.099998,55.66,2118000,19.136967
2003-11-24,52.950001,55.200001,52.849998,55.00,2175800,18.910046
2003-11-21,53.400002,54.00,51.259998,52.240002,804000,17.961106
2003-11-20,51.25,54.099998,49.419998,52.91,3317000,18.191464
2003-11-19,51.93,52.32,50.82,51.619999,1289800,17.747938
2003-11-18,52.369999,53.419998,51.650002,51.849998,1588200,17.827016
2003-11-17,49.259998,52.00,48.889999,51.720001,1660600,17.78232
2003-11-14,50.810001,51.380001,49.279999,49.380001,504000,16.977784
2003-11-13,50.470001,51.68,50.23,51.080002,635600,17.562276
2003-11-12,50.00,50.50,50.00,50.490002,421600,17.359423
2003-11-11,50.349998,50.540001,48.110001,49.990002,692000,17.187513
2003-11-10,51.48,51.48,50.099998,50.189999,382200,17.256276
2003-11-07,51.560001,52.50,51.02,51.200001,578800,17.603534
2003-11-06,52.200001,52.330002,50.73,51.349998,703800,17.655106
2003-11-05,53.259998,53.560001,51.310001,52.330002,928200,17.99205
2003-11-04,53.50,53.919998,51.880001,53.77,1070800,18.487149
2003-11-03,50.57,53.779999,50.310001,53.259998,3289000,18.311801
2003-10-31,50.32,50.32,49.759998,50.00,970600,17.190951
2003-10-30,50.799999,51.18,49.23,50.32,3156000,17.300973
2003-10-29,45.360001,54.080002,45.049999,52.049999,7303800,17.89578
2003-10-28,43.959999,45.299999,43.82,44.970001,1265000,15.461542
2003-10-27,42.189999,43.950001,42.049999,43.810001,821600,15.062712
2003-10-24,42.43,42.450001,41.50,42.049999,1568800,14.45759
2003-10-23,42.959999,43.02,41.869999,42.299999,1002200,14.543544
2003-10-22,44.73,44.810001,43.27,43.380001,654600,14.91487
2003-10-21,44.50,44.919998,44.450001,44.810001,561200,15.406531
2003-10-20,45.00,45.00,44.490002,44.740002,477800,15.382464
2003-10-17,44.990002,45.00,44.50,44.700001,573800,15.368711
2003-10-16,44.139999,45.099998,44.00,44.75,699600,15.385901
2003-10-15,43.560001,44.790001,43.549999,44.18,802200,15.189925
2003-10-14,42.080002,43.299999,42.049999,43.240002,874600,14.866735
2003-10-13,43.509998,43.59,41.759998,42.209999,1687000,14.512601
2003-10-10,44.779999,44.790001,43.029999,43.720001,629600,15.031768
2003-10-09,44.810001,45.310001,44.169998,44.580002,539600,15.327453
2003-10-08,45.00,45.189999,44.439999,44.619999,363600,15.341204
2003-10-07,43.439999,45.130001,43.27,44.889999,738200,15.434036
2003-10-06,43.259998,43.740002,43.259998,43.439999,257200,14.935498
2003-10-03,43.200001,44.07,43.189999,43.34,637000,14.901116
2003-10-02,41.669998,42.919998,41.52,42.630001,925400,14.657005
2003-10-01,42.049999,42.200001,40.970001,41.68,587400,14.330377
2003-09-30,42.00,42.459999,41.630001,41.880001,644200,14.399141
2003-09-29,42.459999,42.540001,40.66,41.959999,2124600,14.426646
2003-09-26,45.57,45.59,41.189999,42.25,2013200,14.526354
2003-09-25,45.849998,46.75,45.220001,45.509998,1028800,15.647203
2003-09-24,46.00,46.00,45.060001,45.139999,626600,15.51999
2003-09-23,44.799999,45.880001,44.77,45.830002,574400,15.757226
2003-09-22,44.950001,45.200001,44.150002,45.00,838800,15.471856
2003-09-19,44.990002,45.299999,44.810001,45.200001,700600,15.54062
2003-09-18,44.50,44.869999,43.419998,44.759998,759600,15.389339
2003-09-17,44.18,45.369999,43.959999,44.599998,585000,15.334328
2003-09-16,42.07,44.400002,42.060001,44.389999,661400,15.262126
2003-09-15,42.200001,42.299999,41.599998,42.049999,346800,14.45759
2003-09-12,41.799999,42.369999,41.16,42.189999,376000,14.505724
2003-09-11,42.59,42.619999,41.029999,42.00,499600,14.440399
2003-09-10,43.610001,43.91,42.310001,42.720001,648800,14.687949
2003-09-09,44.040001,44.189999,43.810001,43.889999,687600,15.090217
2003-09-08,43.299999,44.450001,43.299999,43.990002,718000,15.124599
2003-09-05,42.720001,43.799999,42.57,43.540001,816200,14.969881
2003-09-04,42.700001,43.200001,42.049999,42.939999,608400,14.763588
2003-09-03,40.799999,42.990002,40.709999,42.700001,1193000,14.681073
2003-09-02,39.860001,40.880001,39.75,40.709999,661600,13.996872
2003-08-29,39.880001,40.150002,39.84,39.959999,304800,13.739008
2003-08-28,39.959999,40.169998,39.900002,40.00,530200,13.752761
2003-08-27,38.849998,40.509998,38.849998,40.080002,1021800,13.780267
2003-08-26,38.759998,39.060001,38.240002,38.970001,455800,13.398628
2003-08-25,38.880001,39.02,38.169998,38.849998,351400,13.357368
2003-08-22,39.169998,39.50,38.77,39.02,841000,13.415818
2003-08-21,39.200001,39.240002,38.900002,39.169998,473800,13.46739
2003-08-20,39.150002,39.330002,38.82,39.00,529600,13.408942
2003-08-19,38.919998,39.450001,38.700001,39.23,441600,13.48802
2003-08-18,38.32,38.77,38.200001,38.689999,638800,13.302357
2003-08-15,38.299999,38.439999,38.169998,38.290001,232800,13.164831
2003-08-14,37.93,38.439999,37.759998,38.34,767800,13.182021
2003-08-13,37.599998,37.950001,37.50,37.830002,516200,13.006674
2003-08-12,37.139999,37.75,37.139999,37.709999,398200,12.965415
2003-08-11,36.360001,37.290001,36.360001,37.18,743600,12.783191
2003-08-08,36.029999,36.799999,36.029999,36.43,785200,12.525327
2003-08-07,36.849998,36.849998,36.07,36.25,918200,12.46344
2003-08-06,37.799999,37.799999,35.700001,36.650002,1369200,12.600968
2003-08-05,37.189999,37.950001,37.049999,37.389999,858600,12.855393
2003-08-04,38.43,38.43,37.00,37.150002,939000,12.772877
2003-08-01,38.279999,39.09,36.849998,38.23,1924000,13.144201
2003-07-31,39.470001,39.48,37.650002,38.290001,3344600,13.164831
2003-07-30,39.700001,41.900002,38.029999,38.509998,16212800,13.24047
2003-07-29,46.82,47.50,46.00,46.610001,1450600,16.025405
2003-07-28,46.040001,46.869999,45.720001,46.27,1048800,15.908506
2003-07-25,43.049999,45.380001,42.759998,45.23,1508000,15.550934
2003-07-24,42.889999,43.50,42.619999,42.959999,892400,14.770465
2003-07-23,40.880001,42.060001,40.849998,41.98,587400,14.433522
2003-07-22,40.450001,41.470001,40.450001,41.080002,499600,14.124086
2003-07-21,40.040001,40.610001,39.900002,40.50,484400,13.92467
2003-07-18,39.75,40.439999,39.220001,40.169998,956200,13.811209
2003-07-17,41.619999,41.779999,39.43,39.75,1810600,13.666806
2003-07-16,42.419998,42.419998,41.09,41.849998,540400,14.388826
2003-07-15,43.459999,43.540001,42.00,42.290001,506200,14.540107
2003-07-14,43.299999,43.900002,43.00,43.25,643000,14.870173
2003-07-11,42.169998,43.00,42.150002,42.77,538600,14.70514
2003-07-10,43.259998,43.299999,42.09,42.23,691800,14.519477
2003-07-09,42.68,43.959999,42.150002,43.43,1374200,14.93206
2003-07-08,40.32,42.84,40.299999,42.470001,1127200,14.601994
2003-07-07,40.75,41.139999,40.09,40.650002,1184400,13.976244
2003-07-03,41.200001,41.599998,40.50,40.66,455600,13.979681
2003-07-02,38.950001,41.450001,38.860001,41.07,1292200,14.120647
2003-07-01,39.599998,39.900002,38.52,38.869999,1287200,13.364245
2003-06-30,39.200001,40.400002,39.099998,39.900002,1213000,13.71838
2003-06-27,39.459999,39.959999,38.43,38.740002,1711400,13.319549
2003-06-26,37.700001,39.150002,37.599998,38.900002,3180200,13.37456
2003-06-25,38.529999,40.400002,38.18,38.279999,2554400,13.161392
2003-06-24,38.939999,40.00,37.599998,38.849998,4579800,13.357368
2003-06-23,43.689999,43.93,39.610001,39.93,3788600,13.728694
2003-06-20,44.00,44.700001,42.50,44.099998,933600,15.162418
2003-06-19,44.639999,44.759998,43.50,44.139999,744800,15.176171
2003-06-18,44.50,44.959999,43.259998,44.25,1963200,15.213992
2003-06-17,44.099998,45.23,41.349998,44.490002,12322600,15.296509
2003-06-16,49.580002,50.389999,45.349998,46.900002,6395800,16.125113
2003-06-13,50.240002,50.299999,49.50,49.619999,361400,17.0603
2003-06-12,49.900002,50.580002,49.869999,50.200001,726200,17.259715
2003-06-11,49.130001,50.009998,48.759998,49.779999,518800,17.115311
2003-06-10,48.68,49.450001,48.59,49.150002,501600,16.898705
2003-06-09,50.66,50.66,48.040001,48.470001,779800,16.664908
2003-06-06,50.50,50.970001,49.25,50.259998,1303600,17.280343
2003-06-05,49.25,51.700001,48.799999,49.959999,1916800,17.177198
2003-06-04,48.75,49.799999,48.450001,49.119999,1526000,16.88839
2003-06-03,48.240002,48.900002,47.389999,48.450001,1053800,16.658032
2003-06-02,48.57,48.59,47.529999,47.650002,776200,16.382977
2003-05-30,47.09,48.450001,47.009998,48.25,819800,16.589268
2003-05-29,48.029999,48.040001,46.650002,46.950001,565800,16.142303
2003-05-28,48.950001,49.130001,47.599998,48.02,1351400,16.51019
2003-05-27,46.41,48.32,46.110001,48.299999,1521600,16.606459
2003-05-23,45.82,46.470001,45.049999,46.279999,736400,15.911944
2003-05-22,45.650002,45.91,44.360001,45.599998,1469600,15.678147
2003-05-21,42.27,45.27,41.09,44.98,3918800,15.464979
2003-05-20,46.18,46.209999,42.529999,43.75,2624000,15.042082
2003-05-19,48.00,48.150002,45.650002,45.959999,1267600,15.801922
2003-05-16,47.220001,48.389999,47.049999,48.389999,615800,16.637402
2003-05-15,47.900002,48.439999,46.77,47.639999,1040400,16.379538
2003-05-14,47.93,48.419998,47.349998,47.779999,1088800,16.427672
2003-05-13,47.68,47.900002,47.43,47.849998,912600,16.45174
2003-05-12,45.950001,48.00,45.91,47.650002,1909000,16.382977
2003-05-09,45.849998,46.16,45.509998,45.900002,571400,15.781294
2003-05-08,45.860001,45.889999,45.50,45.75,427000,15.72972
2003-05-07,45.84,46.150002,45.560001,46.049999,597000,15.832866
2003-05-06,45.740002,46.130001,45.27,46.099998,1421600,15.850056
2003-05-05,45.369999,46.150002,45.27,45.810001,1701200,15.75035
2003-05-02,42.130001,45.18,42.110001,45.18,2982200,15.533744
2003-05-01,42.169998,43.049999,41.779999,42.470001,1432000,14.601994
2003-04-30,40.360001,43.439999,40.099998,42.380001,4466800,14.571051
2003-04-29,38.93,39.490002,38.860001,39.220001,581200,13.484582
2003-04-28,39.150002,39.50,38.299999,38.700001,764000,13.305796
2003-04-25,39.790001,39.98,38.950001,39.00,1282000,13.408942
2003-04-24,39.299999,40.099998,39.240002,39.91,930600,13.721817
2003-04-23,39.599998,39.700001,39.080002,39.43,1818800,13.556784
2003-04-22,38.599998,39.73,38.439999,39.41,1058600,13.549908
2003-04-21,38.82,38.82,38.310001,38.450001,920600,13.219842
2003-04-17,38.75,38.950001,38.389999,38.779999,628800,13.333301
2003-04-16,38.360001,39.459999,38.25,38.889999,2104800,13.371122
2003-04-15,36.889999,38.25,36.68,38.200001,2306600,13.133887
2003-04-14,35.84,36.830002,35.810001,36.799999,1363400,12.65254
2003-04-11,35.59,35.610001,35.25,35.50,519600,12.205575
2003-04-10,35.099998,35.50,34.900002,35.16,1095000,12.088677
2003-04-09,35.200001,35.25,34.91,35.049999,969200,12.050856
2003-04-08,35.290001,35.50,35.099998,35.18,910000,12.095553
2003-04-07,35.82,36.00,34.900002,35.200001,1169800,12.10243
2003-04-04,36.84,37.00,35.16,35.470001,1014000,12.195261
2003-04-03,36.150002,36.91,35.75,36.48,1411800,12.542518
2003-04-02,35.75,36.150002,35.470001,35.98,1095400,12.370608
2003-04-01,35.970001,36.00,35.110001,35.450001,1099600,12.188385
2003-03-31,35.549999,36.02,34.099998,35.799999,1256800,12.308721
2003-03-28,35.599998,36.00,35.099998,35.50,602800,12.205575
2003-03-27,36.029999,36.080002,35.00,35.599998,812200,12.239957
2003-03-26,35.18,36.50,35.110001,36.07,2440000,12.401552
2003-03-25,34.400002,37.200001,34.349998,36.889999,3015400,12.683484
2003-03-24,34.299999,34.98,34.25,34.450001,1549200,11.844566
2003-03-21,35.00,35.380001,34.709999,34.939999,1907400,12.013036
2003-03-20,34.419998,34.990002,33.549999,34.669998,684200,11.920205
2003-03-19,34.790001,34.889999,33.98,34.279999,1529000,11.786116
2003-03-18,33.639999,34.959999,33.529999,34.919998,2678800,12.00616
2003-03-17,33.299999,33.939999,32.889999,33.599998,1249800,11.552319
2003-03-14,33.48,34.009998,33.310001,33.709999,981600,11.590139
2003-03-13,32.48,33.59,32.169998,33.290001,1163000,11.445736
2003-03-12,32.00,32.360001,31.639999,32.360001,841400,11.125984
2003-03-11,31.50,32.049999,31.379999,31.959999,1102000,10.988456
2003-03-10,31.940001,32.080002,31.200001,31.530001,819000,10.840614
2003-03-07,32.099998,32.290001,31.84,32.00,739800,11.002209
2003-03-06,31.75,32.459999,31.66,32.34,441400,11.119107
2003-03-05,32.700001,33.09,31.91,32.080002,1487200,11.029715
2003-03-04,33.450001,33.700001,32.66,32.900002,922400,11.311646
2003-03-03,34.150002,34.18,33.41,33.599998,657000,11.552319
2003-02-28,33.470001,33.720001,33.27,33.349998,658800,11.466364
2003-02-27,34.00,34.00,32.369999,33.029999,890400,11.356342
2003-02-26,33.610001,34.00,33.169998,33.389999,659200,11.480117
2003-02-25,33.48,33.759998,33.16,33.599998,554600,11.552319
2003-02-24,33.689999,34.099998,33.400002,33.810001,646800,11.624522
2003-02-21,33.700001,34.07,33.299999,33.889999,826600,11.652026
2003-02-20,33.299999,34.00,33.049999,33.93,936800,11.66578
2003-02-19,33.310001,34.119999,32.299999,33.040001,1863000,11.359781
2003-02-18,30.99,33.299999,30.90,33.02,2112400,11.352904
2003-02-14,29.709999,30.959999,29.709999,30.870001,897000,10.613694
2003-02-13,30.34,30.35,29.719999,29.76,1416800,10.232054
2003-02-12,29.049999,31.00,29.00,30.26,3203800,10.403964
2003-02-11,28.790001,29.120001,28.67,28.799999,851200,9.901988
2003-02-10,28.50,29.17,28.459999,28.75,465000,9.884797
2003-02-07,29.440001,29.530001,28.530001,28.66,249000,9.853853
2003-02-06,29.389999,29.92,29.16,29.469999,363000,10.132346
2003-02-05,29.360001,29.98,29.360001,29.469999,380000,10.132346
2003-02-04,29.219999,29.549999,29.08,29.42,236200,10.115156
2003-02-03,29.280001,29.50,29.07,29.389999,492200,10.104841
2003-01-31,28.85,29.540001,28.799999,29.370001,330800,10.097965
2003-01-30,29.48,29.84,28.860001,29.07,519200,9.994819
2003-01-29,28.59,29.48,27.950001,29.26,620000,10.060145
2003-01-28,27.950001,28.76,27.66,28.67,395000,9.857291
2003-01-27,28.860001,29.00,28.00,28.08,867200,9.654438
2003-01-24,28.950001,29.129999,28.799999,28.889999,388600,9.932931
2003-01-23,28.65,29.299999,28.51,28.940001,483600,9.950123
2003-01-22,27.52,28.870001,27.41,28.48,758200,9.791966
2003-01-21,30.15,30.40,27.360001,28.379999,1702000,9.757584
2003-01-17,30.459999,30.75,29.950001,30.26,368200,10.403964
2003-01-16,30.860001,31.00,29.799999,30.83,1222200,10.59994
2003-01-15,30.99,31.049999,30.60,30.85,893800,10.606817
2003-01-14,30.50,31.10,30.450001,30.950001,1178000,10.641199
2003-01-13,31.620001,31.67,30.43,30.700001,1659200,10.555244
2003-01-10,30.950001,31.50,30.85,31.48,812400,10.823423
2003-01-09,30.52,31.18,30.459999,31.00,995600,10.65839
2003-01-08,31.16,31.290001,30.32,30.459999,1718400,10.472727
2003-01-07,31.67,31.91,31.10,31.32,1336400,10.768412
2003-01-06,30.90,32.07,30.75,31.73,1238400,10.909377
2003-01-03,29.99,31.35,29.860001,30.82,1266400,10.596502
2003-01-02,29.299999,30.09,28.27,29.98,883800,10.307694
2002-12-31,28.90,29.549999,28.67,29.299999,610600,10.073897
2002-12-30,29.74,29.790001,28.27,28.91,957600,9.939808
2002-12-27,29.799999,29.91,29.530001,29.780001,389200,10.238931
2002-12-26,29.889999,29.98,29.60,29.809999,452800,10.249245
2002-12-24,29.950001,30.299999,29.639999,29.85,777000,10.262998
2002-12-23,28.91,30.33,28.90,30.33,1829400,10.428031
2002-12-20,28.049999,28.98,27.92,28.950001,1499000,9.953561
2002-12-19,27.530001,28.200001,27.41,28.15,965000,9.678505
2002-12-18,27.799999,27.879999,27.030001,27.559999,1143600,9.475652
2002-12-17,27.82,28.17,27.50,27.99,2928200,9.623494
2002-12-16,24.99,28.639999,24.84,28.42,4636000,9.771337
2002-12-13,25.049999,25.049999,23.99,24.219999,366000,8.327296
2002-12-12,24.85,25.049999,24.75,25.00,364200,8.595476
2002-12-11,24.76,25.049999,24.719999,24.99,1178000,8.592037
2002-12-10,24.139999,24.75,24.00,24.690001,325400,8.488892
2002-12-09,24.549999,24.549999,23.90,24.01,287600,8.255095
2002-12-06,24.17,24.85,24.00,24.549999,375000,8.440757
2002-12-05,24.15,24.85,24.00,24.16,743600,8.306668
2002-12-04,24.639999,24.950001,23.84,24.719999,1325400,8.499206
2002-12-03,25.50,25.700001,24.33,24.65,1976800,8.475139
2002-12-02,23.950001,25.799999,23.799999,25.50,2990600,8.767385
2002-11-29,23.98,24.049999,23.799999,23.799999,160600,8.182892
2002-11-27,23.00,24.049999,22.799999,24.040001,533400,8.26541
2002-11-26,24.08,24.08,23.709999,23.870001,301000,8.20696
2002-11-25,24.00,24.10,23.75,24.09,650400,8.2826
2002-11-22,23.549999,24.10,23.49,24.00,950400,8.251657
2002-11-21,23.459999,23.90,23.290001,23.889999,788600,8.213836
2002-11-20,22.92,23.469999,22.84,23.469999,466600,8.069432
2002-11-19,23.110001,23.17,22.93,23.10,339800,7.94222
2002-11-18,23.18,23.360001,23.00,23.129999,469200,7.952534
2002-11-15,22.73,23.299999,22.690001,23.299999,402200,8.010983
2002-11-14,22.60,23.00,22.52,23.00,508000,7.907838
2002-11-13,22.60,22.66,22.16,22.60,398800,7.77031
2002-11-12,22.50,22.76,22.219999,22.59,518400,7.766872
2002-11-11,22.030001,22.50,22.00,22.40,826000,7.701546
2002-11-08,22.219999,22.35,21.58,22.309999,316200,7.670602
2002-11-07,21.809999,22.209999,21.799999,22.08,266000,7.591524
2002-11-06,22.00,22.110001,21.809999,22.00,409800,7.564018
2002-11-05,21.74,22.10,21.540001,22.10,653400,7.598401
2002-11-04,21.00,22.24,20.780001,21.92,607200,7.536513
2002-11-01,20.969999,21.00,20.559999,21.00,346800,7.220199
2002-10-31,20.799999,21.049999,20.66,20.92,200600,7.192694
2002-10-30,20.309999,20.799999,19.809999,20.790001,633800,7.147998
2002-10-29,20.049999,20.129999,19.00,19.52,436600,6.711347
2002-10-28,18.76,20.139999,18.76,20.02,996400,6.883257
2002-10-25,18.440001,18.690001,18.18,18.57,163000,6.384719
2002-10-24,18.35,18.59,18.040001,18.24,493800,6.271259
2002-10-23,18.299999,18.50,18.219999,18.35,436800,6.309079
2002-10-22,18.60,18.60,18.25,18.299999,100200,6.291888
2002-10-21,18.84,18.85,18.40,18.690001,379400,6.425978
2002-10-18,19.00,19.00,18.530001,18.690001,245200,6.425978
2002-10-17,18.66,19.00,18.65,18.99,135800,6.529123
2002-10-16,18.83,19.049999,18.51,18.59,197200,6.391596
2002-10-15,18.60,19.09,18.15,18.82,334400,6.470674
2002-10-14,18.309999,18.58,18.309999,18.49,77600,6.357214
2002-10-11,18.200001,18.75,18.139999,18.549999,360200,6.377843
2002-10-10,18.01,18.690001,17.700001,18.35,405000,6.309079
2002-10-09,18.26,18.26,18.00,18.00,249400,6.188742
2002-10-08,18.370001,18.52,18.15,18.16,241600,6.243753
2002-10-07,18.700001,18.889999,18.299999,18.299999,209800,6.291888
2002-10-04,18.67,18.799999,18.52,18.790001,234400,6.46036
2002-10-03,18.75,18.76,18.549999,18.67,223200,6.419101
2002-10-02,18.99,19.00,18.41,18.639999,73600,6.408786
2002-10-01,18.52,19.00,18.299999,18.99,171600,6.529123
2002-09-30,18.799999,18.85,18.40,18.549999,317600,6.377843
2002-09-27,18.940001,19.17,18.530001,18.74,188000,6.443168
2002-09-26,18.60,19.15,18.42,18.790001,173400,6.46036
2002-09-25,18.370001,18.690001,18.200001,18.549999,144400,6.377843
2002-09-24,18.40,18.60,18.25,18.370001,89800,6.315956
2002-09-23,18.809999,19.00,18.299999,18.459999,214600,6.346899
2002-09-20,18.48,19.00,18.48,18.82,237600,6.470674
2002-09-19,19.35,19.40,18.459999,18.49,214000,6.357214
2002-09-18,20.129999,20.280001,18.74,19.27,555800,6.625393
2002-09-17,20.26,20.59,20.15,20.200001,262200,6.945145
2002-09-16,20.530001,20.690001,20.25,20.379999,437200,7.007031
2002-09-13,20.58,20.74,20.51,20.74,132000,7.130806
2002-09-12,20.58,20.66,20.23,20.65,85000,7.099863
2002-09-11,20.799999,20.82,20.40,20.549999,156400,7.065481
2002-09-10,20.32,20.99,20.00,20.84,201800,7.165188
2002-09-09,20.299999,20.549999,20.049999,20.299999,263400,6.979526
2002-09-06,19.639999,20.549999,19.57,20.450001,201400,7.031099
2002-09-05,19.690001,20.049999,19.209999,19.68,382000,6.766358
2002-09-04,18.58,19.799999,18.209999,19.75,365000,6.790426
2002-09-03,20.00,20.15,18.58,18.58,218400,6.388157
2002-08-30,20.190001,20.42,19.940001,20.18,104600,6.938268
2002-08-29,20.190001,20.610001,20.15,20.190001,69000,6.941706
2002-08-28,20.790001,20.799999,20.10,20.190001,101200,6.941706
2002-08-27,20.280001,21.01,20.280001,20.93,188400,7.196132
2002-08-26,20.49,20.700001,20.280001,20.540001,70600,7.062043
2002-08-23,20.76,20.85,20.60,20.60,88400,7.082672
2002-08-22,20.969999,21.10,20.84,20.959999,216400,7.206446
2002-08-21,20.690001,21.40,20.67,21.379999,295800,7.35085
2002-08-20,20.799999,21.10,20.690001,20.969999,228800,7.209885
2002-08-19,19.57,21.25,19.57,21.25,466200,7.306154
2002-08-16,19.42,19.620001,19.42,19.58,340800,6.731976
2002-08-15,19.290001,19.440001,19.219999,19.389999,294600,6.666651
2002-08-14,19.10,19.49,18.969999,19.24,335800,6.615078
2002-08-13,19.889999,20.02,19.41,19.43,109200,6.680404
2002-08-12,19.969999,20.07,19.68,20.049999,104600,6.893571
2002-08-09,20.00,20.10,19.90,19.98,138000,6.869504
2002-08-08,19.99,20.219999,19.85,20.040001,242600,6.890134
2002-08-07,20.209999,20.219999,20.00,20.040001,130800,6.890134
2002-08-06,19.90,20.120001,19.799999,20.00,212600,6.87638
2002-08-05,20.129999,20.129999,19.639999,19.889999,239200,6.83856
2002-08-02,20.25,20.25,19.84,20.040001,255400,6.890134
2002-08-01,20.49,20.49,20.00,20.01,165600,6.879819
2002-07-31,19.00,21.59,19.00,20.34,682000,6.993279
2002-07-30,18.90,19.190001,18.60,18.959999,319000,6.518808
2002-07-29,18.40,19.190001,18.25,18.85,359000,6.480989
2002-07-26,18.110001,18.50,18.049999,18.139999,118400,6.236877
2002-07-25,18.35,18.65,18.10,18.10,356800,6.223124
2002-07-24,19.00,19.10,18.049999,18.51,478600,6.36409
2002-07-23,19.01,19.290001,19.01,19.15,211600,6.584134
2002-07-22,19.049999,19.299999,19.00,19.049999,125200,6.549752
2002-07-19,19.01,19.34,19.00,19.049999,165600,6.549752
2002-07-18,19.200001,19.610001,19.00,19.200001,88800,6.601325
2002-07-17,19.50,19.610001,19.00,19.00,144200,6.532561
2002-07-16,19.02,19.75,19.01,19.360001,95000,6.656336
2002-07-15,19.00,19.75,18.700001,19.34,211200,6.64946
2002-07-12,18.559999,19.18,18.549999,19.01,126000,6.536
2002-07-11,18.799999,19.889999,18.469999,18.799999,155000,6.463797
2002-07-10,18.950001,19.26,18.82,18.99,131000,6.529123
2002-07-09,19.799999,19.809999,18.799999,19.120001,356800,6.57382
2002-07-08,20.00,20.00,19.75,19.799999,137600,6.807616
2002-07-05,20.10,20.450001,19.65,19.90,527000,6.841998
2002-07-03,20.90,21.00,20.10,20.25,190400,6.962335
2002-07-02,22.00,22.00,20.98,21.00,221000,7.220199
2002-07-01,22.00,22.129999,21.700001,21.90,156000,7.529636
2002-06-28,22.00,22.120001,21.799999,22.049999,183800,7.581209
2002-06-27,21.99,22.08,21.85,22.02,211000,7.570895
2002-06-26,21.90,22.200001,21.719999,22.059999,286000,7.584647
2002-06-25,23.15,23.290001,22.110001,22.209999,294400,7.63622
2002-06-24,22.99,23.290001,22.92,23.16,166400,7.962849
2002-06-21,22.799999,23.65,22.50,23.08,168800,7.935343
2002-06-20,22.90,23.50,21.99,23.02,218000,7.914714
2002-06-19,23.690001,23.92,22.74,22.91,178400,7.876894
2002-06-18,23.65,24.00,23.50,23.76,101600,8.16914
2002-06-17,23.48,24.00,23.299999,24.00,246400,8.251657
2002-06-14,21.85,23.700001,21.60,23.549999,238200,8.096938
2002-06-13,21.76,22.559999,21.50,22.139999,188800,7.612153
2002-06-12,23.299999,23.299999,21.35,21.799999,264000,7.495254
2002-06-11,23.940001,23.950001,23.10,23.190001,58200,7.973163
2002-06-10,23.950001,24.10,23.75,23.93,171000,8.227589
2002-06-07,23.68,24.00,23.459999,23.940001,186000,8.231028
2002-06-06,23.98,24.00,23.73,23.780001,99800,8.176017
2002-06-05,23.76,23.99,23.51,23.969999,72400,8.241342
2002-06-04,23.40,23.93,23.35,23.700001,237400,8.148511
2002-06-03,23.969999,24.049999,23.41,23.549999,289600,8.096938
2002-05-31,24.00,24.10,23.620001,23.969999,155000,8.241342
2002-05-30,24.00,24.120001,23.00,24.00,368800,8.251657
2002-05-29,24.08,24.25,23.91,24.09,65000,8.2826
2002-05-28,24.00,24.200001,23.200001,24.190001,322200,8.316982
2002-05-24,24.15,24.200001,24.00,24.02,167200,8.258533
2002-05-23,24.01,24.15,23.950001,24.129999,418800,8.296353
2002-05-22,24.09,24.10,23.700001,24.00,313800,8.251657
2002-05-21,23.90,24.02,23.90,23.99,141400,8.248218
2002-05-20,23.940001,24.129999,23.700001,23.92,376200,8.224151
2002-05-17,23.610001,24.190001,23.58,24.190001,447600,8.316982
2002-05-16,23.49,23.90,23.469999,23.65,481400,8.13132
2002-05-15,22.99,23.77,22.799999,23.280001,716600,8.004107
2002-05-14,23.00,23.049999,22.85,22.99,186600,7.904399
2002-05-13,22.950001,23.01,22.75,22.950001,164200,7.890647
2002-05-10,22.90,22.950001,22.75,22.950001,86400,7.890647
2002-05-09,22.90,23.00,22.58,22.940001,149400,7.887209
2002-05-08,22.879999,23.049999,22.76,22.940001,179800,7.887209
2002-05-07,22.940001,23.00,22.870001,22.870001,132400,7.863141
2002-05-06,22.75,23.10,22.74,22.98,219600,7.900961
2002-05-03,22.85,23.00,22.799999,23.00,199000,7.907838
2002-05-02,22.809999,23.00,22.700001,22.90,429200,7.873455
2002-05-01,22.790001,23.08,22.59,22.799999,478600,7.839073
2002-04-30,22.49,22.60,22.40,22.51,231600,7.739366
2002-04-29,22.50,22.530001,22.299999,22.49,159400,7.73249
2002-04-26,22.25,22.530001,22.200001,22.50,333800,7.735928
2002-04-25,22.49,22.75,22.15,22.35,169000,7.684355
2002-04-24,23.01,23.01,22.389999,22.450001,100600,7.718737
2002-04-23,22.59,22.60,22.50,22.549999,48200,7.753119
2002-04-22,22.90,23.00,22.15,22.67,151400,7.794377
2002-04-19,22.74,23.00,22.60,22.940001,83600,7.887209
2002-04-18,23.00,23.139999,22.74,22.98,96400,7.900961
2002-04-17,22.99,23.15,22.950001,23.08,465000,7.935343
2002-04-16,22.870001,23.16,22.82,23.16,481800,7.962849
2002-04-15,23.110001,23.139999,22.799999,23.02,210000,7.914714
2002-04-12,23.17,23.17,22.950001,23.15,155400,7.95941
2002-04-11,22.90,23.16,22.76,23.15,187000,7.95941
2002-04-10,22.950001,23.049999,22.60,23.049999,135600,7.925028
2002-04-09,23.00,23.200001,22.799999,22.99,293800,7.904399
2002-04-08,23.299999,23.299999,22.75,23.059999,253800,7.928466
2002-04-05,23.030001,23.25,21.799999,23.219999,392000,7.983477
2002-04-04,23.00,23.09,22.950001,23.09,231600,7.938781
2002-04-03,22.99,23.129999,22.90,23.049999,189000,7.925028
2002-04-02,22.77,23.17,22.77,23.15,273600,7.95941
2002-04-01,22.60,23.049999,22.35,23.00,206800,7.907838
2002-03-28,22.51,22.950001,22.33,22.92,671200,7.880332
2002-03-27,22.370001,22.60,22.09,22.60,380200,7.77031
2002-03-26,22.120001,22.530001,22.110001,22.530001,384200,7.746243
2002-03-25,22.190001,22.450001,22.10,22.40,358000,7.701546
2002-03-22,21.82,22.459999,21.809999,22.440001,201600,7.715299
2002-03-21,21.889999,22.129999,21.860001,22.120001,233600,7.605277
2002-03-20,21.90,22.10,21.700001,22.040001,483400,7.577772
2002-03-19,21.75,22.02,21.440001,21.73,398200,7.471187
2002-03-18,21.290001,21.65,21.00,21.60,249400,7.426491
2002-03-15,21.43,21.50,20.950001,21.190001,611200,7.285525
2002-03-14,20.90,21.440001,20.879999,21.440001,282200,7.37148
2002-03-13,22.15,22.200001,20.01,20.799999,758000,7.151435
2002-03-12,22.049999,22.200001,21.860001,22.049999,414000,7.581209
2002-03-11,22.00,22.18,21.91,22.120001,333600,7.605277
2002-03-08,21.799999,22.08,21.50,22.049999,343400,7.581209
2002-03-07,21.49,22.299999,21.049999,21.75,724400,7.478064
2002-03-06,21.50,21.559999,21.15,21.469999,407200,7.381794
2002-03-05,21.110001,21.65,20.700001,21.450001,1001000,7.374918
2002-03-04,20.15,21.309999,19.90,21.10,1309200,7.254581
2002-03-01,20.280001,20.370001,19.809999,20.16,798800,6.931391
2002-02-28,20.139999,20.299999,20.08,20.15,304400,6.927953
2002-02-27,20.700001,20.709999,20.08,20.15,476800,6.927953
2002-02-26,20.00,20.190001,19.889999,20.07,617800,6.900448
2002-02-25,19.84,20.10,19.77,20.00,581400,6.87638
2002-02-22,19.790001,19.870001,19.50,19.809999,138000,6.811055
2002-02-21,19.700001,19.969999,19.700001,19.709999,125200,6.776673
2002-02-20,19.940001,19.98,19.74,19.90,223600,6.841998
2002-02-19,19.799999,19.99,19.67,19.93,173000,6.852313
2002-02-15,20.00,20.00,19.809999,19.93,209800,6.852313
2002-02-14,19.90,20.34,19.540001,19.99,590400,6.872942
2002-02-13,19.60,20.10,19.25,19.549999,445200,6.721662
2002-02-12,19.10,19.60,18.76,19.48,440000,6.697594
2002-02-11,19.00,19.10,18.90,19.00,278400,6.532561
2002-02-08,18.799999,19.10,18.74,19.00,136800,6.532561
2002-02-07,19.360001,19.700001,18.75,18.860001,519000,6.484427
2002-02-06,19.02,19.98,18.75,18.85,122000,6.480989
2002-02-05,18.99,19.24,18.60,18.76,617000,6.450045
2002-02-04,18.940001,19.49,18.85,18.950001,283200,6.515371
2002-02-01,19.309999,19.309999,18.91,18.940001,219000,6.511932
2002-01-31,19.09,19.32,18.959999,19.129999,461800,6.577258
2002-01-30,19.00,19.10,18.950001,19.049999,131400,6.549752
2002-01-29,19.01,19.27,19.00,19.00,306800,6.532561
2002-01-28,19.299999,19.450001,18.950001,19.280001,184000,6.628831
2002-01-25,19.379999,19.379999,19.00,19.290001,251400,6.632269
2002-01-24,19.450001,19.50,19.00,19.379999,285800,6.663212
2002-01-23,19.40,19.450001,19.10,19.450001,127000,6.68728
2002-01-22,19.540001,19.559999,19.40,19.40,116400,6.670089
2002-01-18,19.90,19.90,19.450001,19.549999,239400,6.721662
2002-01-17,19.90,19.90,19.709999,19.82,62200,6.814493
2002-01-16,20.190001,20.34,19.35,19.879999,361400,6.835122
2002-01-15,20.10,20.809999,19.799999,20.709999,428800,7.120492
2002-01-14,20.15,20.16,19.82,19.99,213400,6.872942
2002-01-11,20.700001,20.700001,20.299999,20.299999,121800,6.979526
2002-01-10,20.299999,20.77,20.219999,20.629999,162400,7.092986
2002-01-09,20.25,20.50,20.049999,20.23,512600,6.955459
2002-01-08,20.91,20.950001,19.950001,20.25,966000,6.962335
2002-01-07,21.35,21.360001,20.76,20.93,278800,7.196132
2002-01-04,21.219999,21.379999,21.219999,21.360001,292200,7.343975
2002-01-03,21.25,21.370001,21.10,21.290001,351200,7.319907
2002-01-02,21.01,21.299999,21.01,21.25,182400,7.306154
2001-12-31,21.43,21.50,21.16,21.32,129800,7.330221
2001-12-28,21.16,21.50,21.00,21.32,160800,7.330221
2001-12-27,21.00,21.360001,21.00,21.15,541000,7.271772
2001-12-26,21.25,21.26,20.83,21.09,203800,7.251143
2001-12-24,21.200001,21.209999,20.90,21.09,94800,7.251143
2001-12-21,20.40,21.10,20.40,21.01,278000,7.223638
2001-12-20,20.35,20.700001,20.16,20.559999,144600,7.068919
2001-12-19,21.00,21.049999,20.00,20.02,121200,6.883257
2001-12-18,20.110001,21.35,20.10,21.040001,588800,7.233953
2001-12-17,19.59,20.049999,19.41,20.01,605000,6.879819
2001-12-14,19.360001,19.629999,19.27,19.50,195000,6.704471
2001-12-13,19.389999,19.41,19.209999,19.26,539000,6.621954
2001-12-12,19.09,19.49,18.85,19.40,866800,6.670089
2001-12-11,18.99,19.120001,18.799999,19.10,1029600,6.566943
2001-12-10,18.049999,18.99,18.049999,18.93,576800,6.508494
2001-12-07,18.00,18.09,17.75,18.030001,125600,6.199057
2001-12-06,18.00,18.10,17.75,17.99,84400,6.185304
2001-12-05,18.00,18.25,17.799999,18.00,212800,6.188742
2001-12-04,18.00,18.00,17.700001,17.879999,91400,6.147484
2001-12-03,17.50,18.059999,17.40,17.940001,381600,6.168113
2001-11-30,17.139999,17.50,17.139999,17.450001,535200,5.999642
2001-11-29,17.059999,17.25,17.01,17.219999,64600,5.920563
2001-11-28,17.059999,17.25,17.030001,17.059999,147400,5.865552
2001-11-27,17.049999,17.299999,17.00,17.10,131200,5.879305
2001-11-26,17.00,17.200001,16.450001,17.200001,341800,5.913687
2001-11-23,16.709999,17.00,16.709999,16.93,29800,5.820856
2001-11-21,16.799999,17.040001,16.75,16.889999,122200,5.807103
2001-11-20,17.00,17.040001,16.50,17.00,46200,5.844923
2001-11-19,17.049999,17.10,16.90,17.040001,125800,5.858676
2001-11-16,16.969999,17.10,16.51,17.049999,232600,5.862114
2001-11-15,17.00,17.049999,16.450001,16.889999,152600,5.807103
2001-11-14,17.049999,17.049999,16.52,16.57,270600,5.697081
2001-11-13,17.10,17.10,16.799999,17.049999,310200,5.862114
2001-11-12,16.91,16.959999,16.77,16.85,107000,5.793351
2001-11-09,16.98,16.98,16.799999,16.950001,35000,5.827733
2001-11-08,17.00,17.200001,16.82,16.82,125000,5.783036
2001-11-07,16.99,17.040001,16.870001,16.950001,37800,5.827733
2001-11-06,16.860001,17.01,16.50,16.85,53000,5.793351
2001-11-05,17.02,17.049999,16.700001,16.790001,100000,5.772722
2001-11-02,16.969999,17.00,16.809999,16.90,64400,5.810541
2001-11-01,16.700001,17.040001,16.25,16.889999,412200,5.807103
2001-10-31,16.75,16.950001,16.41,16.809999,80200,5.779598
2001-10-30,17.040001,17.040001,16.200001,16.58,130200,5.700519
2001-10-29,17.049999,17.049999,16.950001,17.00,43400,5.844923
2001-10-26,17.040001,17.15,16.809999,17.139999,288800,5.893058
2001-10-25,17.049999,17.049999,16.700001,16.91,71200,5.81398
2001-10-24,17.040001,17.049999,16.50,17.049999,72600,5.862114
2001-10-23,17.00,17.049999,16.85,17.030001,44400,5.855238
2001-10-22,16.98,17.049999,16.68,17.00,49600,5.844923
2001-10-19,17.00,17.049999,16.549999,16.549999,33600,5.690205
2001-10-18,16.92,17.00,16.799999,16.799999,36400,5.776159
2001-10-17,17.049999,17.25,16.75,16.85,157000,5.793351
2001-10-16,17.49,17.49,17.18,17.200001,55000,5.913687
2001-10-15,17.200001,17.60,17.200001,17.42,29200,5.989327
2001-10-12,17.40,17.75,16.950001,17.40,86600,5.982451
2001-10-11,16.25,17.790001,16.25,17.219999,139600,5.920563
2001-10-10,16.00,16.299999,15.85,16.00,529800,5.501104
2001-10-09,16.15,16.15,15.85,15.90,550000,5.466722
2001-10-08,16.190001,16.25,15.92,16.00,355000,5.501104
2001-10-05,15.95,16.299999,15.85,16.07,167200,5.525172
2001-10-04,15.70,16.299999,15.25,15.98,448400,5.494228
2001-10-03,15.50,15.75,15.16,15.55,295400,5.346386
2001-10-02,16.299999,16.299999,15.40,15.50,1451000,5.329195
2001-10-01,16.10,16.10,15.88,15.95,1061600,5.483913
2001-09-28,16.10,16.200001,15.96,16.110001,1368400,5.538925
2001-09-27,16.15,16.15,15.90,15.96,238800,5.487352
2001-09-26,15.39,16.10,15.20,15.95,159400,5.483913
2001-09-25,15.94,16.040001,14.70,15.40,253800,5.294813
2001-09-24,15.05,16.40,15.04,15.80,292400,5.432341
2001-09-21,13.88,14.50,12.70,14.50,1003000,4.985376
2001-09-20,14.75,15.30,14.30,14.40,941000,4.950994
2001-09-19,18.00,18.40,16.700001,16.790001,688000,5.772722
2001-09-18,19.16,19.16,17.93,18.00,1371000,6.188742
2001-09-17,17.84,19.50,17.84,19.00,549200,6.532561
2001-09-10,19.709999,20.07,19.26,20.00,308600,6.87638
2001-09-07,20.120001,20.50,19.700001,19.700001,282600,6.773235
2001-09-06,20.00,20.799999,20.00,20.200001,358600,6.945145
2001-09-05,20.17,20.450001,20.049999,20.17,177200,6.93483
2001-09-04,19.940001,20.40,19.82,20.049999,283800,6.893571
2001-08-31,19.82,19.950001,19.75,19.85,23400,6.824808
2001-08-30,19.950001,19.969999,19.75,19.75,47800,6.790426
2001-08-29,19.950001,19.950001,19.629999,19.90,42000,6.841998
2001-08-28,20.25,20.25,19.50,19.629999,67000,6.749167
2001-08-27,20.24,20.26,19.700001,19.700001,82800,6.773235
2001-08-24,19.65,20.35,19.65,20.01,79000,6.879819
2001-08-23,20.049999,20.709999,19.700001,19.700001,122000,6.773235
2001-08-22,18.91,20.09,18.90,19.84,96400,6.821369
2001-08-21,19.00,19.290001,18.82,19.02,210400,6.539438
2001-08-20,19.10,19.10,18.90,18.950001,584200,6.515371
2001-08-17,19.059999,19.09,18.950001,19.049999,417200,6.549752
2001-08-16,19.309999,19.32,19.10,19.18,221400,6.594449
2001-08-15,19.08,19.700001,19.049999,19.290001,921600,6.632269
2001-08-14,19.059999,19.50,18.950001,19.10,1006000,6.566943
2001-08-13,19.299999,19.50,19.059999,19.059999,1976800,6.55319
2001-08-10,19.549999,19.549999,19.42,19.50,185400,6.704471
2001-08-09,19.74,19.75,19.209999,19.40,491600,6.670089
2001-08-08,19.84,19.84,19.40,19.549999,142200,6.721662
2001-08-07,19.92,19.92,19.76,19.790001,136000,6.804179
2001-08-06,19.33,19.82,19.16,19.82,833600,6.814493
2001-08-03,19.809999,19.85,18.75,19.190001,530400,6.597887
2001-08-02,20.60,20.60,19.65,19.719999,1024200,6.780111
2001-08-01,22.16,22.50,20.200001,20.559999,1476000,7.068919
2001-07-31,21.799999,22.049999,21.50,21.799999,107400,7.495254
2001-07-30,21.77,22.10,21.76,22.00,219800,7.564018
2001-07-27,21.10,22.16,21.00,21.99,90800,7.56058
2001-07-26,20.610001,21.200001,20.200001,21.00,407400,7.220199
2001-07-25,21.35,21.35,20.50,20.82,129600,7.158312
2001-07-24,22.629999,22.65,20.92,21.200001,287400,7.288964
2001-07-23,22.76,22.90,22.60,22.700001,167800,7.804692
2001-07-20,22.66,22.90,22.66,22.85,88400,7.856265
2001-07-19,22.40,22.950001,22.35,22.700001,180800,7.804692
2001-07-18,22.65,22.67,22.379999,22.40,118600,7.701546
2001-07-17,22.90,22.90,22.450001,22.629999,101800,7.780624
2001-07-16,22.799999,22.90,22.450001,22.60,53400,7.77031
2001-07-13,22.75,22.85,22.65,22.75,145200,7.821883
2001-07-12,22.459999,22.75,22.459999,22.75,311200,7.821883
2001-07-11,23.15,23.35,22.40,22.41,180400,7.704984
2001-07-10,23.299999,23.450001,23.200001,23.360001,347000,8.031613
2001-07-09,23.26,23.32,23.200001,23.299999,181600,8.010983
2001-07-06,23.16,23.41,23.15,23.34,362000,8.024736
2001-07-05,23.15,23.299999,23.049999,23.200001,154400,7.976602
2001-07-03,23.24,23.299999,23.00,23.16,75800,7.962849
2001-07-02,23.110001,23.25,23.00,23.16,155400,7.962849
2001-06-29,23.02,23.25,22.60,22.85,282400,7.856265
2001-06-28,23.00,23.299999,22.65,22.99,311800,7.904399
2001-06-27,22.35,23.00,22.299999,22.99,316600,7.904399
2001-06-26,22.540001,22.540001,22.35,22.35,210000,7.684355
2001-06-25,22.450001,22.67,22.40,22.41,272600,7.704984
2001-06-22,22.110001,22.57,22.059999,22.50,394400,7.735928
2001-06-21,22.299999,22.35,21.90,22.08,163400,7.591524
2001-06-20,22.200001,22.50,22.00,22.450001,185000,7.718737
2001-06-19,22.41,22.549999,21.91,22.25,210000,7.649973
2001-06-18,22.549999,22.60,22.200001,22.25,84200,7.649973
2001-06-15,21.90,22.59,21.90,22.549999,155800,7.753119
2001-06-14,22.10,22.200001,21.90,22.00,178200,7.564018
2001-06-13,22.370001,22.65,21.75,22.00,297200,7.564018
2001-06-12,22.059999,22.290001,21.90,22.15,212000,7.615591
2001-06-11,22.51,22.60,21.799999,21.959999,275400,7.550265
2001-06-08,22.559999,22.93,22.15,22.60,436200,7.77031
2001-06-07,21.48,22.450001,21.120001,22.10,375800,7.598401
2001-06-06,20.860001,22.40,20.65,21.309999,1691400,7.326783
2001-06-05,19.629999,21.799999,19.629999,20.85,1325200,7.168627
2001-06-04,19.92,20.08,19.25,19.879999,617800,6.835122
2001-06-01,19.940001,20.10,19.82,20.01,571800,6.879819
2001-05-31,19.75,20.129999,19.16,20.01,830400,6.879819
2001-05-30,21.74,21.799999,19.90,20.299999,647200,6.979526
2001-05-29,23.049999,23.200001,22.01,22.049999,731200,7.581209
2001-05-25,23.299999,23.299999,22.950001,23.07,342200,7.931905
2001-05-24,23.10,23.299999,23.00,23.299999,452400,8.010983
2001-05-23,23.00,23.41,22.93,22.93,96600,7.88377
2001-05-22,23.50,23.90,22.90,23.00,337800,7.907838
2001-05-21,24.110001,24.110001,23.450001,23.65,182800,8.13132
2001-05-18,24.690001,24.700001,24.00,24.26,335600,8.34105
2001-05-17,23.40,24.790001,23.00,24.68,348400,8.485454
2001-05-16,23.879999,23.889999,22.700001,23.08,210600,7.935343
2001-05-15,23.00,23.85,22.610001,23.549999,375200,8.096938
2001-05-14,23.90,23.90,22.799999,22.799999,278200,7.839073
2001-05-11,24.459999,24.700001,23.799999,23.90,448400,8.217274
2001-05-10,23.75,24.60,23.690001,24.469999,306400,8.413251
2001-05-09,23.049999,23.50,23.00,23.41,108800,8.048803
2001-05-08,22.15,23.09,21.90,23.02,244000,7.914714
2001-05-07,22.00,22.00,21.530001,21.799999,76000,7.495254
2001-05-04,21.08,22.139999,21.00,21.85,189000,7.512446
2001-05-03,21.00,21.200001,20.90,21.059999,512600,7.240828
2001-05-02,21.65,22.00,20.91,21.00,754200,7.220199
2001-05-01,21.00,21.700001,21.00,21.540001,393600,7.405862
2001-04-30,20.75,23.049999,19.389999,21.00,1306400,7.220199
2001-04-27,18.75,20.049999,18.700001,20.049999,956000,6.893571
2001-04-26,18.16,18.75,18.15,18.65,350600,6.412225
2001-04-25,18.33,18.60,18.129999,18.200001,366200,6.257506
2001-04-24,18.299999,18.50,18.26,18.40,135400,6.32627
2001-04-23,18.50,18.50,18.35,18.469999,151600,6.350337
2001-04-20,18.50,18.620001,18.190001,18.559999,391200,6.381281
2001-04-19,18.08,18.139999,18.00,18.00,258400,6.188742
2001-04-18,18.549999,19.00,17.799999,18.00,599400,6.188742
2001-04-17,18.16,18.50,18.16,18.40,80600,6.32627
2001-04-16,18.10,18.440001,17.90,18.049999,149600,6.205933
2001-04-12,18.200001,18.50,18.10,18.10,120000,6.223124
2001-04-11,18.90,18.90,18.26,18.32,347600,6.298764
2001-04-10,18.65,18.75,18.450001,18.549999,488200,6.377843
2001-04-09,18.92,18.92,17.950001,18.25,801400,6.274697
2001-04-06,20.125,20.125,19.00,19.125,138800,6.575539
2001-04-05,20.25,20.375,19.9375,20.25,109600,6.962335
2001-04-04,18.875,20.25,18.375,20.0625,190000,6.897869
2001-04-03,20.00,20.125,18.50,18.50,224600,6.360652
2001-04-02,19.375,20.00,19.375,19.75,125000,6.790426
2001-03-30,19.00,20.00,19.00,19.875,97200,6.833403
2001-03-29,18.75,19.125,18.125,19.0625,129600,6.55405
2001-03-28,19.625,19.875,18.00,18.75,172400,6.446607
2001-03-27,19.875,20.25,19.75,19.75,230800,6.790426
2001-03-26,20.00,20.625,19.875,20.25,491400,6.962335
2001-03-23,20.00,20.625,19.625,20.00,339800,6.87638
2001-03-22,20.109381,20.125,19.25,19.625,126800,6.747448
2001-03-21,19.125,20.125,19.125,19.9375,75200,6.854892
2001-03-20,19.50,20.50,19.125,19.125,309800,6.575539
2001-03-19,19.6875,19.75,18.875,19.375,120800,6.661494
2001-03-16,20.375,20.375,19.6875,19.6875,75800,6.768937
2001-03-15,19.9375,20.50,19.875,20.25,57200,6.962335
2001-03-14,18.50,20.25,18.25,19.8125,184000,6.811914
2001-03-13,18.375,19.00,18.1875,18.875,229200,6.489584
2001-03-12,19.25,19.625,18.125,18.125,255000,6.23172
2001-03-09,19.96876,20.50,19.50,19.625,140000,6.747448
2001-03-08,20.75,20.75,19.50,19.875,137000,6.833403
2001-03-07,20.71876,20.875,20.0625,20.625,175800,7.091267
2001-03-06,21.00,21.375,20.00,20.00,257000,6.87638
2001-03-05,20.50,21.125,20.1875,20.875,110000,7.177222
2001-03-02,20.1875,20.25,19.25,20.125,167000,6.919358
2001-03-01,21.75,21.875,18.875,20.00,232000,6.87638
2001-02-28,22.125,22.125,21.8125,21.875,142600,7.521041
2001-02-27,21.50,22.00,21.375,22.00,271800,7.564018
2001-02-26,20.50,21.50,20.453119,21.21876,118600,7.295413
2001-02-23,18.50,20.5625,18.375,20.50,122800,7.04829
2001-02-22,19.609381,19.625,18.5625,18.5625,197400,6.382141
2001-02-21,19.265619,20.125,18.875,19.625,196800,6.747448
2001-02-20,22.00,22.00,19.125,19.625,391400,6.747448
2001-02-16,21.1875,22.375,20.125,21.375,264200,7.349132
2001-02-15,22.75,23.00,20.75,21.25,359400,7.306154
2001-02-14,24.50,24.625,21.375,22.25,1363600,7.649973
2001-02-13,23.8125,24.625,23.375,24.375,228600,8.380589
2001-02-12,24.25,24.375,23.50,23.50,2362200,8.079747
2001-02-09,25.0625,25.1875,24.00,24.00,730200,8.251657
2001-02-08,24.265619,25.375,24.25,25.125,451400,8.638453
2001-02-07,24.125,25.00,23.875,24.375,189400,8.380589
2001-02-06,24.234381,25.6875,23.875,24.75,585600,8.509521
2001-02-05,22.0625,24.375,21.75,23.875,562400,8.208679
2001-02-02,20.0625,21.75,20.00,21.625,477200,7.435086
2001-02-01,19.375,20.0625,19.375,19.875,100600,6.833403
2001-01-31,19.765619,20.0625,19.375,19.4375,84200,6.682982
2001-01-30,19.9375,20.0625,18.9375,20.0625,188800,6.897869
2001-01-29,18.984381,20.00,18.625,19.9375,206600,6.854892
2001-01-26,17.50,19.375,17.375,18.625,249000,6.403629
2001-01-25,17.25,18.00,16.25,17.875,985800,6.145765
2001-01-24,17.890619,18.00,16.9375,17.00,1197200,5.844923
2001-01-23,18.25,18.375,17.875,17.875,442600,6.145765
2001-01-22,18.625,18.625,17.625,17.875,764600,6.145765
2001-01-19,19.0625,19.25,18.25,18.375,254200,6.317675
2001-01-18,19.484381,19.50,18.50,19.00,292800,6.532561
2001-01-17,19.109381,19.875,18.875,19.375,486000,6.661494
2001-01-16,19.625,20.50,18.875,19.00,663200,6.532561
2001-01-12,18.59376,19.25,18.50,19.125,566200,6.575539
2001-01-11,17.03124,18.50,17.00,18.1875,1357000,6.253208
2001-01-10,17.1875,17.25,16.75,17.00,976800,5.844923
2001-01-09,17.90624,18.00,17.00,17.25,821800,5.930878
2001-01-08,18.00,18.1875,17.50,17.50,631000,6.016833
2001-01-05,18.109381,18.50,17.75,18.125,962000,6.23172
2001-01-04,17.9375,19.00,17.625,18.0625,287600,6.210231
2001-01-03,18.78124,19.375,17.50,17.625,545400,6.05981
2001-01-02,20.171881,20.25,18.6875,19.25,330400,6.618516
2000-12-29,19.00,20.125,18.75,19.75,232800,6.790426
2000-12-28,18.625,19.375,18.3125,18.625,1048600,6.403629
2000-12-27,18.90624,19.125,18.25,18.5625,361400,6.382141
2000-12-26,19.3125,19.375,18.875,19.00,754000,6.532561
2000-12-22,18.625,19.375,18.50,19.25,416000,6.618516
2000-12-21,18.0625,18.50,17.75,18.1875,1017400,6.253208
2000-12-20,19.375,19.625,18.00,18.25,1228800,6.274697
2000-12-19,20.046881,20.0625,19.25,19.625,457400,6.747448
2000-12-18,20.50,20.50,19.4375,20.0625,483600,6.897869
2000-12-15,20.25,20.25,18.00,20.125,950200,6.919358
2000-12-14,19.984381,20.25,19.875,20.125,265400,6.919358
2000-12-13,20.75,20.875,19.75,19.875,422400,6.833403
2000-12-12,21.21876,21.25,19.375,19.875,1077400,6.833403
2000-12-11,22.6875,22.75,19.875,21.1875,2919200,7.284666
2000-12-08,15.8125,22.875,15.125,20.00,17149800,6.87638
