Date,Open,High,Low,Close,Volume,Adj_Close
2016-04-01,0.49,0.49,0.48,0.49,673900,0.49
2016-03-31,0.49,0.49,0.49,0.49,767600,0.49
2016-03-30,0.48,0.49,0.48,0.49,772900,0.49
2016-03-29,0.48,0.49,0.48,0.49,450400,0.49
2016-03-28,0.47,0.49,0.47,0.48,710900,0.48
2016-03-24,0.45,0.47,0.45,0.47,1066500,0.47
2016-03-23,0.45,0.45,0.45,0.45,261400,0.45
2016-03-22,0.45,0.46,0.45,0.45,412100,0.45
2016-03-21,0.45,0.46,0.45,0.45,418200,0.45
2016-03-18,0.46,0.46,0.45,0.46,300000,0.46
2016-03-17,0.46,0.46,0.45,0.46,636500,0.46
2016-03-16,0.45,0.46,0.45,0.46,494600,0.46
2016-03-15,0.46,0.46,0.45,0.45,295400,0.45
2016-03-14,0.45,0.46,0.45,0.46,700700,0.46
2016-03-11,0.45,0.45,0.45,0.45,580900,0.45
2016-03-10,0.45,0.45,0.45,0.45,397700,0.45
2016-03-09,0.46,0.46,0.45,0.45,283300,0.45
2016-03-08,0.45,0.46,0.45,0.45,649200,0.45
2016-03-07,0.44,0.46,0.44,0.46,656100,0.46
2016-03-04,0.45,0.45,0.44,0.45,621300,0.45
2016-03-03,0.46,0.46,0.45,0.45,905200,0.45
2016-03-02,0.47,0.47,0.45,0.46,1113200,0.46
2016-03-01,0.48,0.48,0.45,0.47,2304200,0.47
2016-02-29,0.45,0.45,0.44,0.45,924000,0.45
2016-02-26,0.44,0.45,0.44,0.45,864800,0.45
2016-02-25,0.40,0.44,0.40,0.44,2550600,0.44
2016-02-24,0.40,0.40,0.39,0.40,789700,0.40
2016-02-23,0.40,0.41,0.39,0.39,2323700,0.39
2016-02-22,0.38,0.40,0.38,0.39,708100,0.39
2016-02-19,0.37,0.37,0.37,0.37,592700,0.37
2016-02-18,0.39,0.39,0.37,0.37,609300,0.37
2016-02-17,0.35,0.38,0.35,0.37,4813600,0.37
2016-02-16,0.36,0.36,0.34,0.36,314200,0.36
2016-02-12,0.36,0.37,0.35,0.35,610300,0.35
2016-02-11,0.36,0.36,0.34,0.36,602700,0.36
2016-02-10,0.37,0.38,0.35,0.36,356600,0.36
2016-02-09,0.37,0.40,0.35,0.38,1611500,0.38
2016-02-08,0.37,0.37,0.36,0.37,2328000,0.37
2016-02-05,0.37,0.38,0.36,0.38,2405100,0.38
2016-02-04,0.36,0.38,0.36,0.38,600700,0.38
2016-02-03,0.34,0.37,0.34,0.37,778200,0.37
2016-02-02,0.34,0.35,0.33,0.35,432900,0.35
2016-02-01,0.35,0.36,0.34,0.35,1454900,0.35
2016-01-29,0.29,0.32,0.28,0.32,1035300,0.32
2016-01-28,0.30,0.31,0.28,0.28,783300,0.28
2016-01-27,0.29,0.30,0.28,0.29,467200,0.29
2016-01-26,0.33,0.33,0.28,0.29,2706300,0.29
2016-01-25,0.32,0.34,0.32,0.33,522900,0.33
2016-01-22,0.34,0.35,0.32,0.34,728800,0.34
2016-01-21,0.30,0.35,0.30,0.34,742900,0.34
2016-01-20,0.30,0.31,0.28,0.31,647600,0.31
2016-01-19,0.31,0.32,0.31,0.32,174900,0.32
2016-01-18,0.30,0.31,0.30,0.31,118500,0.31
2016-01-15,0.30,0.31,0.30,0.31,297800,0.31
2016-01-14,0.29,0.32,0.28,0.32,613200,0.32
2016-01-13,0.29,0.30,0.28,0.30,401600,0.30
2016-01-12,0.30,0.31,0.27,0.28,487500,0.28
2016-01-11,0.31,0.32,0.30,0.31,481700,0.31
2016-01-08,0.30,0.32,0.30,0.32,379200,0.32
2016-01-07,0.31,0.32,0.28,0.29,927900,0.29
2016-01-06,0.34,0.35,0.32,0.32,588900,0.32
2016-01-05,0.35,0.36,0.33,0.35,443900,0.35
2016-01-04,0.35,0.37,0.35,0.37,310600,0.37
2015-12-31,0.34,0.37,0.34,0.36,589800,0.36
2015-12-30,0.34,0.36,0.32,0.35,499700,0.35
2015-12-29,0.35,0.36,0.31,0.33,1048200,0.33
2015-12-24,0.37,0.38,0.36,0.38,514600,0.38
2015-12-23,0.38,0.38,0.37,0.38,1391100,0.38
2015-12-22,0.37,0.39,0.36,0.37,4250900,0.37
2015-12-21,0.42,0.45,0.33,0.37,11413200,0.37
2015-12-18,0.14,0.17,0.14,0.17,792600,0.17
2015-12-17,0.16,0.17,0.13,0.14,1064600,0.14
2015-12-16,0.15,0.17,0.15,0.16,719000,0.16
2015-12-15,0.13,0.16,0.13,0.14,739400,0.14
2015-12-14,0.12,0.13,0.12,0.13,870400,0.13
2015-12-11,0.13,0.13,0.12,0.12,644000,0.12
2015-12-10,0.14,0.14,0.13,0.13,558900,0.13
2015-12-09,0.16,0.16,0.16,0.16,000,0.16
2015-12-08,0.17,0.17,0.16,0.17,500000,0.17
2015-12-07,0.17,0.20,0.16,0.17,1834500,0.17
2015-12-04,0.17,0.18,0.17,0.17,631400,0.17
2015-12-03,0.18,0.18,0.17,0.17,583300,0.17
2015-12-02,0.18,0.19,0.18,0.18,514300,0.18
2015-12-01,0.20,0.20,0.17,0.19,1346000,0.19
2015-11-30,0.22,0.23,0.20,0.21,7589900,0.21
2015-11-27,0.23,0.24,0.22,0.23,280600,0.23
2015-11-26,0.22,0.24,0.22,0.23,594700,0.23
2015-11-25,0.23,0.25,0.21,0.22,1147500,0.22
2015-11-24,0.24,0.26,0.24,0.24,421400,0.24
2015-11-23,0.25,0.26,0.24,0.24,575600,0.24
2015-11-20,0.26,0.27,0.25,0.26,357400,0.26
2015-11-19,0.26,0.28,0.25,0.27,226400,0.27
2015-11-18,0.27,0.28,0.26,0.28,212800,0.28
2015-11-17,0.26,0.27,0.26,0.27,129100,0.27
2015-11-16,0.25,0.28,0.25,0.28,404100,0.28
2015-11-13,0.25,0.26,0.24,0.25,755400,0.25
2015-11-12,0.27,0.28,0.26,0.27,385800,0.27
2015-11-11,0.30,0.30,0.26,0.28,581200,0.28
2015-11-10,0.32,0.32,0.28,0.30,931500,0.30
2015-11-09,0.35,0.35,0.32,0.33,321100,0.33
2015-11-06,0.34,0.35,0.33,0.33,215000,0.33
2015-11-05,0.35,0.36,0.34,0.34,104500,0.34
2015-11-04,0.37,0.37,0.34,0.35,204500,0.35
2015-11-03,0.34,0.37,0.34,0.37,448900,0.37
2015-11-02,0.32,0.34,0.32,0.34,131600,0.34
2015-10-30,0.33,0.33,0.32,0.33,248900,0.33
2015-10-29,0.32,0.33,0.32,0.32,230400,0.32
2015-10-28,0.31,0.34,0.31,0.31,506900,0.31
2015-10-27,0.32,0.33,0.30,0.31,523400,0.31
2015-10-26,0.34,0.34,0.33,0.33,187500,0.33
2015-10-23,0.32,0.35,0.31,0.34,643800,0.34
2015-10-22,0.36,0.36,0.32,0.33,354400,0.33
2015-10-21,0.34,0.34,0.34,0.34,000,0.34
2015-10-20,0.37,0.37,0.34,0.36,423800,0.36
2015-10-19,0.38,0.38,0.36,0.36,317900,0.36
2015-10-16,0.40,0.40,0.38,0.39,136900,0.39
2015-10-15,0.40,0.40,0.38,0.39,234300,0.39
2015-10-14,0.38,0.40,0.38,0.39,545700,0.39
2015-10-13,0.39,0.40,0.38,0.38,575200,0.38
2015-10-09,0.42,0.44,0.41,0.41,561400,0.41
2015-10-08,0.39,0.41,0.38,0.41,924000,0.41
2015-10-07,0.39,0.41,0.37,0.38,1384200,0.38
2015-10-06,0.35,0.39,0.35,0.37,654400,0.37
2015-10-05,0.33,0.37,0.33,0.34,744900,0.34
2015-10-02,0.30,0.32,0.30,0.32,496700,0.32
2015-10-01,0.31,0.33,0.30,0.30,138000,0.30
2015-09-30,0.31,0.31,0.30,0.30,160000,0.30
2015-09-29,0.30,0.32,0.30,0.30,226700,0.30
2015-09-28,0.29,0.32,0.29,0.30,577000,0.30
2015-09-25,0.35,0.35,0.32,0.32,420400,0.32
2015-09-24,0.35,0.35,0.34,0.34,213200,0.34
2015-09-23,0.37,0.37,0.35,0.35,133800,0.35
2015-09-22,0.36,0.36,0.35,0.35,226300,0.35
2015-09-21,0.38,0.39,0.35,0.37,217400,0.37
2015-09-18,0.38,0.38,0.35,0.35,512200,0.35
2015-09-17,0.39,0.41,0.39,0.39,624000,0.39
2015-09-16,0.36,0.40,0.35,0.39,468600,0.39
2015-09-15,0.37,0.37,0.35,0.35,128600,0.35
2015-09-14,0.38,0.38,0.35,0.35,345300,0.35
2015-09-11,0.40,0.40,0.37,0.37,182700,0.37
2015-09-10,0.38,0.39,0.37,0.39,217800,0.39
2015-09-09,0.40,0.40,0.37,0.37,185100,0.37
2015-09-08,0.42,0.42,0.38,0.40,178400,0.40
2015-09-04,0.41,0.43,0.40,0.40,184500,0.40
2015-09-03,0.41,0.44,0.41,0.43,293400,0.43
2015-09-02,0.42,0.43,0.41,0.41,418400,0.41
2015-09-01,0.44,0.44,0.41,0.41,290600,0.41
2015-08-31,0.43,0.47,0.40,0.45,811700,0.45
2015-08-28,0.39,0.45,0.39,0.44,1421100,0.44
2015-08-27,0.36,0.42,0.36,0.40,1367800,0.40
2015-08-26,0.34,0.36,0.34,0.34,117000,0.34
2015-08-25,0.36,0.38,0.34,0.34,825500,0.34
2015-08-24,0.36,0.36,0.32,0.35,458100,0.35
2015-08-21,0.42,0.43,0.39,0.39,450300,0.39
2015-08-20,0.47,0.47,0.43,0.43,319400,0.43
2015-08-19,0.49,0.49,0.46,0.46,248000,0.46
2015-08-18,0.48,0.49,0.48,0.49,111000,0.49
2015-08-17,0.50,0.50,0.47,0.48,274700,0.48
2015-08-14,0.51,0.52,0.49,0.49,418000,0.49
2015-08-13,0.52,0.53,0.47,0.48,408200,0.48
2015-08-12,0.52,0.53,0.51,0.52,205400,0.52
2015-08-11,0.53,0.54,0.50,0.51,330900,0.51
2015-08-10,0.53,0.56,0.53,0.53,592200,0.53
2015-08-07,0.56,0.57,0.52,0.54,602400,0.54
2015-08-06,0.60,0.60,0.55,0.57,617700,0.57
2015-08-05,0.70,0.70,0.59,0.59,866200,0.59
2015-08-04,0.80,0.87,0.67,0.70,4068600,0.70
2015-07-31,0.56,0.57,0.53,0.57,903400,0.57
2015-07-30,0.55,0.59,0.53,0.56,813300,0.56
2015-07-29,0.63,0.63,0.60,0.61,457400,0.61
2015-07-28,0.62,0.63,0.61,0.63,729100,0.63
2015-07-27,0.64,0.64,0.60,0.62,553200,0.62
2015-07-24,0.66,0.67,0.64,0.66,517700,0.66
2015-07-23,0.68,0.69,0.66,0.66,482000,0.66
2015-07-22,0.68,0.70,0.66,0.69,356600,0.69
2015-07-21,0.68,0.70,0.68,0.69,231500,0.69
2015-07-20,0.72,0.72,0.67,0.69,487200,0.69
2015-07-17,0.71,0.72,0.71,0.71,250300,0.71
2015-07-16,0.73,0.74,0.71,0.71,514700,0.71
2015-07-15,0.73,0.74,0.73,0.74,905600,0.74
2015-07-14,0.73,0.75,0.73,0.74,508800,0.74
2015-07-13,0.75,0.75,0.73,0.74,164000,0.74
2015-07-10,0.77,0.77,0.76,0.77,912600,0.77
2015-07-09,0.77,0.78,0.76,0.77,517700,0.77
2015-07-08,0.73,0.76,0.72,0.75,627200,0.75
2015-07-07,0.72,0.74,0.71,0.74,349300,0.74
2015-07-06,0.76,0.76,0.72,0.73,450600,0.73
2015-07-03,0.78,0.80,0.76,0.76,501500,0.76
2015-07-02,0.77,0.79,0.76,0.79,399400,0.79
2015-06-30,0.78,0.80,0.76,0.79,560300,0.79
2015-06-29,0.82,0.82,0.76,0.77,588100,0.77
2015-06-26,0.83,0.84,0.82,0.83,291200,0.83
2015-06-25,0.84,0.85,0.83,0.83,575800,0.83
2015-06-24,0.79,0.86,0.79,0.82,1793100,0.82
2015-06-23,0.75,0.80,0.75,0.78,290200,0.78
2015-06-22,0.76,0.77,0.74,0.75,294000,0.75
2015-06-19,0.78,0.78,0.76,0.76,410700,0.76
2015-06-18,0.83,0.83,0.78,0.80,420800,0.80
2015-06-17,0.84,0.86,0.82,0.83,739000,0.83
2015-06-16,0.84,0.84,0.83,0.83,285900,0.83
2015-06-15,0.85,0.86,0.83,0.83,622200,0.83
2015-06-12,0.85,0.88,0.83,0.85,1365000,0.85
2015-06-11,0.78,0.84,0.76,0.82,886300,0.82
2015-06-10,0.77,0.81,0.76,0.77,1437100,0.77
2015-06-09,0.73,0.76,0.73,0.75,570800,0.75
2015-06-08,0.75,0.76,0.72,0.72,896300,0.72
2015-06-05,0.73,0.75,0.72,0.72,427800,0.72
2015-06-04,0.77,0.77,0.71,0.71,2089500,0.71
2015-06-03,0.73,0.78,0.72,0.76,912800,0.76
2015-06-02,0.71,0.75,0.71,0.74,579900,0.74
2015-06-01,0.75,0.75,0.70,0.70,881600,0.70
2015-05-29,0.79,0.81,0.71,0.75,2845100,0.75
2015-05-28,0.80,0.80,0.76,0.77,299900,0.77
2015-05-27,0.80,0.81,0.77,0.80,352600,0.80
2015-05-26,0.81,0.81,0.79,0.81,380600,0.81
2015-05-25,0.84,0.84,0.81,0.82,190900,0.82
2015-05-22,0.82,0.84,0.81,0.82,286300,0.82
2015-05-21,0.81,0.86,0.81,0.84,670300,0.84
2015-05-20,0.81,0.82,0.80,0.81,225500,0.81
2015-05-19,0.82,0.82,0.80,0.81,453900,0.81
2015-05-18,0.84,0.84,0.84,0.84,000,0.84
2015-05-15,0.80,0.86,0.79,0.84,813700,0.84
2015-05-14,0.80,0.82,0.79,0.80,385400,0.80
2015-05-13,0.81,0.81,0.79,0.80,355900,0.80
2015-05-12,0.78,0.82,0.77,0.79,797000,0.79
2015-05-11,0.80,0.81,0.78,0.78,442500,0.78
2015-05-08,0.85,0.87,0.78,0.82,1497000,0.82
2015-05-07,0.88,0.90,0.85,0.85,833000,0.85
2015-05-06,0.91,0.92,0.88,0.89,1000200,0.89
2015-05-05,0.95,0.97,0.91,0.92,1403100,0.92
2015-05-04,0.94,0.94,0.92,0.93,716400,0.93
2015-05-01,0.92,0.95,0.92,0.93,684500,0.93
2015-04-30,0.92,0.94,0.90,0.94,593800,0.94
2015-04-29,0.89,0.94,0.89,0.92,772100,0.92
2015-04-28,0.90,0.91,0.88,0.90,264400,0.90
2015-04-27,0.92,0.93,0.87,0.88,596600,0.88
2015-04-24,0.95,0.95,0.90,0.91,988100,0.91
2015-04-23,0.88,0.94,0.88,0.93,1148700,0.93
2015-04-22,0.88,0.91,0.85,0.86,887400,0.86
2015-04-21,0.96,0.96,0.88,0.89,988300,0.89
2015-04-20,0.96,0.98,0.94,0.95,1012700,0.95
2015-04-17,0.93,0.95,0.91,0.95,932500,0.95
2015-04-16,0.96,0.98,0.90,0.94,1668400,0.94
2015-04-15,0.89,1.00,0.89,0.95,3210500,0.95
2015-04-14,0.82,0.86,0.80,0.86,1460300,0.86
2015-04-13,0.83,0.84,0.78,0.79,725400,0.79
2015-04-10,0.76,0.79,0.76,0.77,491400,0.77
2015-04-09,0.76,0.80,0.75,0.75,1138600,0.75
2015-04-08,0.83,0.85,0.74,0.76,1500200,0.76
2015-04-07,0.75,0.87,0.72,0.86,1893200,0.86
2015-04-06,0.69,0.74,0.68,0.74,1115600,0.74
2015-04-02,0.68,0.69,0.67,0.68,395400,0.68
2015-04-01,0.69,0.70,0.68,0.69,290500,0.69
2015-03-31,0.68,0.71,0.66,0.69,742700,0.69
2015-03-30,0.71,0.71,0.67,0.68,949200,0.68
2015-03-27,0.73,0.74,0.71,0.72,383600,0.72
2015-03-26,0.74,0.76,0.72,0.73,970200,0.73
2015-03-25,0.72,0.73,0.70,0.71,772600,0.71
2015-03-24,0.73,0.73,0.70,0.70,411700,0.70
2015-03-23,0.70,0.73,0.70,0.71,446200,0.71
2015-03-20,0.70,0.73,0.69,0.70,1162600,0.70
2015-03-19,0.70,0.70,0.66,0.68,805800,0.68
2015-03-18,0.69,0.74,0.67,0.71,1085900,0.71
2015-03-17,0.66,0.73,0.66,0.69,3288100,0.69
2015-03-16,0.72,0.73,0.66,0.68,1139500,0.68
2015-03-13,0.77,0.77,0.72,0.73,781400,0.73
2015-03-12,0.86,0.86,0.77,0.79,943900,0.79
2015-03-11,0.83,0.85,0.80,0.84,729400,0.84
2015-03-10,0.87,0.88,0.81,0.85,956400,0.85
2015-03-09,0.95,0.95,0.85,0.85,1671600,0.85
2015-03-06,0.98,1.00,0.94,0.96,1305500,0.96
2015-03-05,1.03,1.03,0.98,1.00,1687000,1.00
2015-03-04,1.06,1.07,1.01,1.03,951300,1.03
2015-03-03,1.12,1.12,1.00,1.05,1369700,1.05
2015-03-02,1.12,1.13,1.09,1.10,848500,1.10
2015-02-27,1.13,1.13,1.10,1.11,645900,1.11
2015-02-26,1.11,1.15,1.11,1.11,522700,1.11
2015-02-25,1.09,1.15,1.09,1.13,722500,1.13
2015-02-24,1.10,1.12,1.08,1.10,626700,1.10
2015-02-23,1.08,1.11,1.07,1.10,1218300,1.10
2015-02-20,1.16,1.18,1.13,1.13,681000,1.13
2015-02-19,1.11,1.17,1.08,1.17,1271300,1.17
2015-02-18,1.18,1.19,1.15,1.15,424900,1.15
2015-02-17,1.18,1.22,1.12,1.20,1408800,1.20
2015-02-13,1.19,1.21,1.13,1.16,1269400,1.16
2015-02-12,1.21,1.24,1.14,1.15,1768300,1.15
2015-02-11,1.14,1.20,1.04,1.15,2247500,1.15
2015-02-10,1.21,1.22,1.13,1.15,3617600,1.15
2015-02-09,1.31,1.39,1.31,1.35,2493900,1.35
2015-02-06,1.31,1.31,1.25,1.30,3069200,1.30
2015-02-05,1.28,1.31,1.23,1.26,2261800,1.26
2015-02-04,1.24,1.31,1.20,1.21,2540200,1.21
2015-02-03,1.16,1.36,1.15,1.35,3392900,1.35
2015-02-02,1.07,1.12,1.06,1.11,1160700,1.11
2015-01-30,1.01,1.06,1.00,1.06,1134300,1.06
2015-01-29,1.04,1.04,0.99,1.00,714100,1.00
2015-01-28,1.11,1.11,1.01,1.02,1375700,1.02
2015-01-27,1.08,1.13,1.04,1.11,1152500,1.092
2015-01-26,1.27,1.28,0.97,1.04,5524700,1.023135
2015-01-23,1.26,1.32,1.25,1.26,751400,1.239568
2015-01-22,1.29,1.31,1.24,1.25,592900,1.22973
2015-01-21,1.29,1.33,1.25,1.27,661600,1.249405
2015-01-20,1.32,1.32,1.22,1.25,654800,1.22973
2015-01-19,1.29,1.35,1.29,1.35,523800,1.328108
2015-01-16,1.23,1.32,1.23,1.32,1112100,1.298595
2015-01-15,1.31,1.32,1.19,1.21,1261000,1.190378
2015-01-14,1.20,1.26,1.13,1.26,1504200,1.239568
2015-01-13,1.20,1.23,1.15,1.17,1050000,1.151027
2015-01-12,1.36,1.36,1.20,1.22,860800,1.200216
2015-01-09,1.40,1.40,1.35,1.40,609200,1.377297
2015-01-08,1.40,1.45,1.33,1.37,1082100,1.347784
2015-01-07,1.44,1.48,1.37,1.37,590100,1.347784
2015-01-06,1.50,1.50,1.37,1.41,1336000,1.387135
2015-01-05,1.50,1.53,1.45,1.46,1091100,1.436324
2015-01-02,1.50,1.55,1.48,1.53,643600,1.505189
2014-12-31,1.41,1.51,1.40,1.50,818700,1.475676
2014-12-30,1.53,1.53,1.40,1.44,1450300,1.416649
2014-12-29,1.60,1.62,1.53,1.54,666700,1.515027
2014-12-24,1.62,1.62,1.57,1.59,552300,1.529784
2014-12-23,1.62,1.64,1.58,1.62,1200000,1.558648
2014-12-22,1.64,1.67,1.57,1.60,2087300,1.539405
2014-12-19,1.78,1.79,1.61,1.71,2341300,1.645239
2014-12-18,1.75,1.89,1.56,1.76,3368400,1.693346
2014-12-17,1.40,1.53,1.37,1.52,3113600,1.462435
2014-12-16,1.20,1.44,1.20,1.34,4104800,1.289252
2014-12-15,1.22,1.27,1.15,1.23,2872700,1.183418
2014-12-12,1.26,1.39,1.19,1.20,2898700,1.154554
2014-12-11,1.30,1.42,1.27,1.27,1667200,1.221903
2014-12-10,1.44,1.49,1.30,1.33,2079200,1.27963
2014-12-09,1.39,1.54,1.39,1.53,1554200,1.472056
2014-12-08,1.67,1.67,1.34,1.42,3459700,1.366222
2014-12-05,1.67,1.75,1.63,1.66,1028400,1.597133
2014-12-04,1.78,1.78,1.63,1.66,1053300,1.597133
2014-12-03,1.77,1.88,1.74,1.77,1526500,1.702967
2014-12-02,1.75,1.86,1.65,1.68,7546900,1.616375
2014-12-01,2.12,2.13,1.77,1.79,5880800,1.722209
2014-11-28,2.32,2.33,2.11,2.17,2326900,2.087818
2014-11-27,2.66,2.68,2.33,2.39,2692600,2.299486
2014-11-26,2.82,2.82,2.70,2.70,945200,2.597746
2014-11-25,2.89,2.91,2.80,2.86,1193100,2.718012
2014-11-24,3.01,3.01,2.86,2.89,943600,2.746523
2014-11-21,2.98,3.09,2.96,3.02,1434900,2.870069
2014-11-20,2.72,2.93,2.70,2.89,999900,2.746523
2014-11-19,2.78,2.79,2.70,2.73,668600,2.594466
2014-11-18,2.87,2.88,2.75,2.76,901500,2.622977
2014-11-17,2.86,2.91,2.78,2.84,653500,2.699005
2014-11-14,2.82,2.94,2.81,2.86,1000800,2.718012
2014-11-13,2.97,2.97,2.80,2.83,1283200,2.689501
2014-11-12,2.94,3.05,2.89,2.98,803600,2.832055
2014-11-10,3.04,3.10,2.86,2.90,1238200,2.756026
2014-11-07,2.87,3.02,2.82,2.98,1586300,2.832055
2014-11-06,2.83,2.87,2.73,2.86,2459200,2.718012
2014-11-05,2.85,2.98,2.82,2.95,1012600,2.803544
2014-11-04,2.94,2.95,2.79,2.82,2127400,2.679998
2014-11-03,3.21,3.21,3.00,3.04,1416600,2.889076
2014-10-31,3.20,3.23,3.14,3.19,2492600,3.031629
2014-10-30,3.29,3.29,3.22,3.25,1652600,3.08865
2014-10-29,3.41,3.43,3.23,3.31,858200,3.145671
2014-10-28,3.26,3.40,3.22,3.38,1027800,3.178934
2014-10-27,3.49,3.49,3.16,3.27,1353600,3.075477
2014-10-24,3.63,3.63,3.47,3.50,750800,3.291795
2014-10-23,3.66,3.71,3.59,3.60,788400,3.385847
2014-10-22,3.74,3.76,3.57,3.57,1011200,3.357631
2014-10-21,3.64,3.74,3.63,3.68,542900,3.461088
2014-10-20,3.59,3.60,3.46,3.58,715100,3.367036
2014-10-17,3.60,3.76,3.52,3.57,1549300,3.357631
2014-10-16,3.30,3.58,3.27,3.47,2333100,3.26358
2014-10-15,3.55,3.55,3.24,3.35,2590300,3.150718
2014-10-14,3.84,3.90,3.56,3.62,1779600,3.404657
2014-10-10,3.86,3.96,3.73,3.86,1152400,3.63038
2014-10-09,3.95,3.98,3.86,3.88,988200,3.64919
2014-10-08,4.04,4.05,3.90,4.00,1661800,3.762052
2014-10-07,4.07,4.18,4.00,4.04,1315300,3.799672
2014-10-06,4.25,4.25,3.95,4.04,1880400,3.799672
2014-10-03,4.27,4.28,4.19,4.21,514800,3.95956
2014-10-02,4.26,4.33,4.08,4.28,1865100,4.025396
2014-10-01,4.52,4.58,4.19,4.31,2043400,4.053611
2014-09-30,4.60,4.67,4.42,4.49,1181300,4.222903
2014-09-29,4.46,4.64,4.46,4.59,1412000,4.316955
2014-09-26,4.42,4.54,4.34,4.52,1857600,4.251119
2014-09-25,4.59,4.59,4.43,4.45,481500,4.152365
2014-09-24,4.54,4.67,4.34,4.59,2344900,4.283001
2014-09-23,4.51,4.65,4.47,4.50,1594200,4.19902
2014-09-22,4.62,4.64,4.48,4.53,1567300,4.227014
2014-09-19,4.80,4.80,4.54,4.60,2935800,4.292332
2014-09-18,4.90,4.92,4.75,4.80,1478400,4.478955
2014-09-17,5.00,5.00,4.86,4.88,786900,4.553605
2014-09-16,4.95,4.99,4.92,4.94,1521300,4.609591
2014-09-15,5.02,5.02,4.91,4.92,586300,4.590929
2014-09-12,5.03,5.04,4.91,4.99,681000,4.656247
2014-09-11,4.92,5.06,4.85,5.02,1278700,4.684241
2014-09-10,5.01,5.03,4.93,4.93,1170100,4.60026
2014-09-09,5.08,5.09,5.00,5.01,1103500,4.67491
2014-09-08,5.15,5.15,5.02,5.06,786100,4.721565
2014-09-05,5.07,5.14,5.03,5.12,987400,4.777552
2014-09-04,5.11,5.15,5.01,5.05,2843600,4.712234
2014-09-03,5.19,5.21,5.12,5.14,935400,4.796214
2014-09-02,5.25,5.26,5.16,5.17,632400,4.824208
2014-08-29,5.32,5.32,5.26,5.27,854800,4.91752
2014-08-28,5.32,5.33,5.29,5.31,373100,4.954844
2014-08-27,5.33,5.36,5.32,5.34,1055300,4.982838
2014-08-26,5.33,5.38,5.28,5.35,3539400,4.959509
2014-08-25,5.33,5.34,5.27,5.33,885600,4.940969
2014-08-22,5.25,5.35,5.18,5.31,976700,4.922429
2014-08-21,5.28,5.30,5.20,5.25,1386500,4.866808
2014-08-20,5.29,5.32,5.21,5.26,883800,4.876079
2014-08-19,5.20,5.30,5.10,5.27,2725600,4.885349
2014-08-18,5.24,5.24,5.14,5.18,1234600,4.801918
2014-08-15,5.26,5.27,5.18,5.21,3031900,4.829728
2014-08-14,5.29,5.33,5.21,5.24,4183800,4.857538
2014-08-13,5.40,5.40,5.29,5.30,1299400,4.913159
2014-08-12,5.45,5.46,5.25,5.40,3743300,5.00586
2014-08-11,5.58,5.63,5.36,5.47,819100,5.070751
2014-08-08,5.25,5.58,5.19,5.52,1968400,5.117101
2014-08-07,5.35,5.40,5.18,5.18,1099200,4.801918
2014-08-06,5.38,5.38,5.22,5.28,904500,4.894619
2014-08-05,5.42,5.43,5.31,5.35,737800,4.959509
2014-08-01,5.50,5.51,5.40,5.42,867400,5.0244
2014-07-31,5.54,5.55,5.41,5.50,936200,5.098561
2014-07-30,5.61,5.63,5.51,5.57,682700,5.163452
2014-07-29,5.72,5.72,5.55,5.60,489600,5.191262
2014-07-28,5.78,5.80,5.69,5.72,454200,5.270058
2014-07-25,5.82,5.89,5.76,5.78,575800,5.325339
2014-07-24,5.73,5.84,5.69,5.84,874600,5.380619
2014-07-23,5.75,5.75,5.66,5.71,323100,5.260845
2014-07-22,5.77,5.77,5.67,5.69,427700,5.242418
2014-07-21,5.71,5.75,5.68,5.75,583100,5.297698
2014-07-18,5.70,5.70,5.61,5.69,534800,5.242418
2014-07-17,5.63,5.78,5.60,5.64,1145300,5.196351
2014-07-16,5.50,5.54,5.44,5.50,525500,5.067364
2014-07-15,5.49,5.52,5.41,5.43,720600,5.00287
2014-07-14,5.56,5.59,5.46,5.48,506100,5.048937
2014-07-11,5.59,5.63,5.55,5.56,679000,5.122644
2014-07-10,5.63,5.69,5.52,5.65,969600,5.205565
2014-07-09,5.65,5.72,5.62,5.66,668000,5.214778
2014-07-08,5.67,5.70,5.52,5.66,756400,5.214778
2014-07-07,5.75,5.78,5.61,5.64,694000,5.196351
2014-07-04,5.72,5.79,5.70,5.75,234400,5.297698
2014-07-03,5.66,5.73,5.66,5.72,282400,5.270058
2014-07-02,5.66,5.66,5.62,5.66,184400,5.214778
2014-06-30,5.60,5.66,5.59,5.66,275400,5.214778
2014-06-27,5.65,5.66,5.58,5.63,303400,5.187138
2014-06-26,5.65,5.68,5.57,5.66,537400,5.214778
2014-06-25,5.67,5.73,5.57,5.64,1204000,5.164104
2014-06-24,5.75,5.76,5.63,5.66,969100,5.182417
2014-06-23,5.80,5.80,5.71,5.73,312500,5.24651
2014-06-20,5.79,5.79,5.71,5.79,658700,5.301448
2014-06-19,5.74,5.82,5.72,5.77,1508600,5.283135
2014-06-18,5.66,5.72,5.61,5.72,991200,5.237354
2014-06-17,5.43,5.66,5.40,5.65,1591400,5.173261
2014-06-16,5.54,5.54,5.38,5.40,1159100,4.944355
2014-06-13,5.67,5.67,5.43,5.51,1880900,5.045074
2014-06-12,5.54,5.67,5.53,5.63,637500,5.154948
2014-06-11,5.54,5.55,5.45,5.51,381300,5.045074
2014-06-10,5.41,5.48,5.39,5.47,278100,5.008449
2014-06-09,5.39,5.44,5.38,5.41,420300,4.953511
2014-06-06,5.45,5.45,5.35,5.38,655900,4.926043
2014-06-05,5.45,5.48,5.42,5.42,380200,4.962668
2014-06-04,5.49,5.49,5.40,5.44,655200,4.98098
2014-06-03,5.51,5.54,5.48,5.50,497700,5.035917
2014-06-02,5.51,5.55,5.47,5.51,334200,5.045074
2014-05-30,5.50,5.53,5.42,5.49,1179000,5.026761
2014-05-29,5.56,5.58,5.47,5.54,399000,5.072542
2014-05-28,5.55,5.58,5.50,5.55,295500,5.081699
2014-05-27,5.66,5.70,5.57,5.60,535000,5.096348
2014-05-26,5.70,5.74,5.66,5.66,255700,5.150952
2014-05-23,5.67,5.72,5.63,5.65,374400,5.141851
2014-05-22,5.52,5.68,5.52,5.65,770500,5.141851
2014-05-21,5.42,5.54,5.39,5.51,776300,5.014443
2014-05-20,5.46,5.49,5.34,5.41,845900,4.923436
2014-05-16,5.45,5.48,5.36,5.43,270500,4.941638
2014-05-15,5.58,5.59,5.40,5.49,886900,4.996241
2014-05-14,5.64,5.65,5.55,5.60,785900,5.096348
2014-05-13,5.70,5.72,5.60,5.63,692800,5.12365
2014-05-12,5.71,5.80,5.67,5.70,396100,5.187354
2014-05-09,5.75,5.77,5.57,5.71,844300,5.196455
2014-05-08,6.05,6.09,5.75,5.78,1313900,5.26016
2014-05-07,5.94,6.07,5.90,6.01,2052400,5.469474
2014-05-06,5.71,5.93,5.68,5.90,2574400,5.369367
2014-05-05,5.57,5.73,5.50,5.66,1309800,5.150952
2014-05-02,5.50,5.64,5.50,5.54,1440400,5.041745
2014-05-01,5.37,5.53,5.37,5.48,2340400,4.987141
2014-04-30,5.59,5.65,5.46,5.54,2642500,5.041745
2014-04-29,5.62,5.75,5.60,5.68,1150200,5.169153
2014-04-28,5.72,5.74,5.57,5.57,1036200,5.069047
2014-04-25,5.81,5.81,5.64,5.70,1114900,5.156412
2014-04-24,5.81,5.89,5.77,5.81,1368900,5.255922
2014-04-23,5.67,5.81,5.66,5.76,1742000,5.210691
2014-04-22,5.69,5.73,5.66,5.67,1970200,5.129273
2014-04-21,5.64,5.75,5.59,5.70,764400,5.156412
2014-04-17,5.50,5.66,5.49,5.58,1317100,5.047856
2014-04-16,5.43,5.52,5.39,5.48,1050600,4.957393
2014-04-15,5.48,5.48,5.35,5.37,779200,4.857883
2014-04-14,5.40,5.55,5.34,5.44,1744400,4.921208
2014-04-11,5.31,5.44,5.26,5.37,2951000,4.857883
2014-04-10,5.50,5.50,5.26,5.30,3870600,4.794559
2014-04-09,5.50,5.70,5.45,5.65,472900,5.111181
2014-04-08,5.40,5.52,5.40,5.47,868900,4.948346
2014-04-07,5.42,5.44,5.33,5.42,487900,4.903115
2014-04-04,5.38,5.45,5.32,5.40,267100,4.885022
2014-04-03,5.41,5.45,5.36,5.38,280400,4.86693
2014-04-02,5.39,5.41,5.35,5.40,181500,4.885022
2014-04-01,5.31,5.46,5.26,5.41,664900,4.894069
2014-03-31,5.29,5.33,5.20,5.30,411200,4.794559
2014-03-28,5.15,5.33,5.15,5.25,678700,4.749327
2014-03-27,5.13,5.22,5.09,5.16,696200,4.66791
2014-03-26,5.15,5.20,5.12,5.12,866700,4.600967
2014-03-25,5.08,5.18,5.08,5.15,447800,4.627926
2014-03-24,5.11,5.18,5.02,5.05,594200,4.538064
2014-03-21,5.11,5.20,5.10,5.11,636400,4.591981
2014-03-20,5.01,5.13,5.01,5.13,849200,4.609954
2014-03-19,5.02,5.07,4.98,5.03,1026000,4.520091
2014-03-18,5.03,5.05,4.95,4.99,334200,4.484146
2014-03-17,5.03,5.06,5.02,5.02,241000,4.511105
2014-03-14,4.90,5.05,4.89,5.04,3467500,4.529077
2014-03-13,4.90,4.93,4.87,4.88,1953000,4.385297
2014-03-12,4.95,4.97,4.85,4.89,1472200,4.394283
2014-03-11,5.03,5.05,4.95,4.95,2842600,4.448201
2014-03-10,5.05,5.06,5.00,5.02,769300,4.511105
2014-03-07,5.05,5.07,5.01,5.03,351100,4.520091
2014-03-06,5.12,5.12,4.91,5.02,747500,4.511105
2014-03-05,5.15,5.15,5.05,5.09,236100,4.574009
2014-03-04,5.11,5.23,5.11,5.15,299800,4.627926
2014-03-03,5.06,5.12,5.06,5.10,196100,4.582995
2014-02-28,5.10,5.10,5.03,5.06,306800,4.54705
2014-02-27,5.09,5.16,5.07,5.09,153900,4.574009
2014-02-26,5.15,5.17,5.09,5.09,139600,4.574009
2014-02-25,5.29,5.29,5.15,5.17,318100,4.615345
2014-02-24,5.16,5.30,5.15,5.29,624100,4.722471
2014-02-21,5.12,5.18,5.12,5.15,331900,4.597491
2014-02-20,5.14,5.15,5.07,5.13,222800,4.579637
2014-02-19,5.07,5.20,5.07,5.13,359600,4.579637
2014-02-18,4.98,5.10,4.98,5.09,643400,4.543928
2014-02-14,5.02,5.02,4.98,5.00,271500,4.463584
2014-02-13,4.98,5.01,4.95,4.99,485000,4.454656
2014-02-12,4.99,5.02,4.97,4.99,486300,4.454656
2014-02-11,5.00,5.00,4.96,4.97,232900,4.436802
2014-02-10,5.03,5.04,4.97,4.97,135100,4.436802
2014-02-07,5.02,5.05,4.98,4.99,308100,4.454656
2014-02-06,4.92,5.05,4.89,4.99,1068400,4.454656
2014-02-05,4.95,4.95,4.89,4.91,461600,4.383239
2014-02-04,4.99,4.99,4.88,4.96,1256300,4.427875
2014-02-03,5.13,5.13,4.93,4.98,353800,4.445729
2014-01-31,5.02,5.17,4.99,5.13,951500,4.579637
2014-01-30,5.11,5.11,4.92,5.04,1329800,4.499292
2014-01-29,5.14,5.20,5.06,5.10,231200,4.552855
2014-01-28,5.23,5.27,5.14,5.19,154000,4.602847
2014-01-27,5.31,5.33,5.10,5.17,341800,4.58511
2014-01-24,5.40,5.40,5.28,5.30,329100,4.700403
2014-01-23,5.44,5.46,5.40,5.43,251800,4.815696
2014-01-22,5.44,5.44,5.35,5.42,198500,4.806827
2014-01-21,5.37,5.44,5.33,5.43,288300,4.815696
2014-01-20,5.42,5.42,5.33,5.39,201200,4.780221
2014-01-17,5.43,5.43,5.35,5.40,218600,4.78909
2014-01-16,5.31,5.44,5.29,5.43,118700,4.815696
2014-01-15,5.31,5.35,5.27,5.28,89900,4.682666
2014-01-14,5.30,5.39,5.30,5.33,141500,4.727009
2014-01-13,5.45,5.46,5.23,5.28,256500,4.682666
2014-01-10,5.29,5.46,5.28,5.43,293700,4.815696
2014-01-09,5.25,5.30,5.05,5.26,995700,4.664928
2014-01-08,5.29,5.34,5.25,5.30,138600,4.700403
2014-01-07,5.25,5.38,5.25,5.33,517600,4.727009
2014-01-06,5.26,5.32,5.21,5.27,200300,4.673797
2014-01-03,5.30,5.36,5.18,5.25,192500,4.65606
2014-01-02,5.35,5.38,5.28,5.29,168100,4.691534
2013-12-31,5.30,5.37,5.30,5.37,119600,4.762484
2013-12-30,5.32,5.36,5.30,5.30,147700,4.700403
2013-12-27,5.32,5.34,5.25,5.30,79500,4.700403
2013-12-24,5.19,5.31,5.19,5.28,67600,4.682666
2013-12-23,5.12,5.23,5.12,5.19,277000,4.602847
2013-12-20,5.15,5.15,5.06,5.09,402500,4.514161
2013-12-19,5.15,5.15,5.07,5.11,378200,4.531898
2013-12-18,5.13,5.14,5.07,5.14,876800,4.558504
2013-12-17,5.07,5.16,5.04,5.08,675000,4.505292
2013-12-16,5.00,5.12,5.00,5.07,2962000,4.496423
2013-12-13,4.97,4.99,4.89,4.99,528200,4.425473
2013-12-12,4.88,5.00,4.88,4.98,1113600,4.416605
2013-12-11,4.95,4.96,4.83,4.89,1293000,4.336787
2013-12-10,5.05,5.07,4.92,4.98,3978600,4.416605
2013-12-09,5.16,5.22,5.01,5.03,740600,4.460949
2013-12-06,5.19,5.23,5.14,5.15,583400,4.567373
2013-12-05,5.18,5.18,5.07,5.14,673300,4.558504
2013-12-04,5.17,5.21,5.11,5.15,377500,4.567373
2013-12-03,5.20,5.22,5.15,5.17,188000,4.58511
2013-12-02,5.34,5.38,5.17,5.20,425700,4.611716
2013-11-29,5.27,5.39,5.26,5.26,78500,4.664928
2013-11-28,5.40,5.40,5.28,5.28,67000,4.682666
2013-11-27,5.32,5.34,5.26,5.30,133600,4.700403
2013-11-26,5.39,5.46,5.30,5.37,238700,4.762484
2013-11-25,5.49,5.50,5.36,5.41,133700,4.797958
2013-11-22,5.50,5.50,5.42,5.46,150700,4.842302
2013-11-21,5.48,5.50,5.45,5.47,205800,4.85117
2013-11-20,5.36,5.50,5.36,5.43,281400,4.815696
2013-11-19,5.30,5.46,5.26,5.31,507000,4.709272
2013-11-18,5.40,5.48,5.29,5.34,423500,4.735878
2013-11-15,5.32,5.48,5.31,5.38,311900,4.771353
2013-11-14,5.28,5.32,5.12,5.32,512300,4.71814
2013-11-13,5.01,5.34,5.01,5.30,1003100,4.700403
2013-11-12,5.15,5.20,4.99,5.01,633900,4.443211
2013-11-11,5.10,5.17,4.95,5.16,577800,4.576241
2013-11-08,5.20,5.20,5.02,5.11,1075800,4.531898
2013-11-07,5.78,5.78,5.16,5.23,1641500,4.638322
2013-11-06,5.54,5.69,5.52,5.60,238300,4.966463
2013-11-05,5.65,5.85,5.52,5.55,205800,4.92212
2013-11-04,5.64,5.80,5.56,5.70,625100,5.05515
2013-11-01,5.78,5.80,5.62,5.64,531900,5.001938
2013-10-31,5.67,5.84,5.67,5.80,127700,5.143837
2013-10-30,5.90,5.90,5.66,5.72,166900,5.072888
2013-10-29,5.95,6.02,5.86,5.90,323000,5.232524
2013-10-28,5.93,6.01,5.90,5.92,218800,5.250261
2013-10-25,5.80,6.01,5.74,5.96,509500,5.285736
2013-10-24,5.95,5.96,5.81,5.82,454200,5.161575
2013-10-23,6.00,6.08,5.91,5.95,885600,5.276867
2013-10-22,6.04,6.07,5.87,6.04,483000,5.356686
2013-10-21,5.91,6.06,5.84,6.03,928200,5.347817
2013-10-18,5.70,5.98,5.70,5.88,914300,5.214787
2013-10-17,5.49,5.69,5.49,5.66,550000,5.019675
2013-10-16,5.52,5.60,5.48,5.54,702000,4.913251
2013-10-15,5.63,5.63,5.45,5.50,1337300,4.877777
2013-10-11,5.57,5.65,5.56,5.62,138100,4.984201
2013-10-10,5.59,5.63,5.53,5.63,337600,4.99307
2013-10-09,5.54,5.60,5.38,5.60,358100,4.966463
2013-10-08,5.52,5.61,5.51,5.56,435300,4.930989
2013-10-07,5.58,5.58,5.50,5.52,799600,4.895514
2013-10-04,5.63,5.82,5.57,5.63,561500,4.99307
2013-10-03,5.50,5.67,5.48,5.63,1074400,4.99307
2013-10-02,5.46,5.55,5.46,5.51,180300,4.886646
2013-10-01,5.52,5.60,5.42,5.46,159300,4.842302
2013-09-30,5.51,5.57,5.40,5.52,316100,4.895514
2013-09-27,5.53,5.65,5.51,5.62,143200,4.984201
2013-09-26,5.50,5.55,5.50,5.53,297600,4.904383
2013-09-25,5.49,5.59,5.46,5.52,213900,4.895514
2013-09-24,5.37,5.52,5.30,5.50,202700,4.877777
2013-09-23,5.51,5.51,5.22,5.35,179400,4.744746
2013-09-20,5.44,5.54,5.44,5.54,329100,4.913251
2013-09-19,5.46,5.50,5.42,5.48,130800,4.860039
2013-09-18,5.45,5.47,5.42,5.47,307100,4.85117
2013-09-17,5.42,5.49,5.40,5.43,317900,4.815696
2013-09-16,5.32,5.53,5.30,5.45,750700,4.833433
2013-09-13,5.20,5.25,5.16,5.21,204500,4.620585
2013-09-12,5.09,5.27,5.09,5.20,730000,4.611716
2013-09-11,4.99,5.17,4.98,5.15,568400,4.567373
2013-09-10,5.10,5.10,4.96,4.97,288100,4.407736
2013-09-09,5.07,5.18,5.04,5.07,424600,4.496423
2013-09-06,4.78,5.17,4.76,5.00,726200,4.434342
2013-09-05,4.69,4.83,4.68,4.80,295400,4.256969
2013-09-04,4.55,4.75,4.53,4.71,463900,4.177151
2013-09-03,4.44,4.57,4.44,4.51,50500,3.999777
2013-08-30,4.57,4.57,4.45,4.45,66800,3.946565
2013-08-29,4.59,4.61,4.53,4.54,79800,4.026383
2013-08-28,4.44,4.63,4.44,4.56,238800,4.04412
2013-08-27,4.35,4.45,4.35,4.43,117900,3.928827
2013-08-26,4.44,4.45,4.35,4.42,87900,3.919959
2013-08-23,4.37,4.45,4.37,4.40,21100,3.902221
2013-08-22,4.48,4.48,4.36,4.41,66200,3.91109
2013-08-21,4.37,4.60,4.37,4.49,329600,3.982039
2013-08-20,4.30,4.39,4.30,4.37,155000,3.875615
2013-08-19,4.55,4.58,4.30,4.31,193200,3.822403
2013-08-16,4.59,4.61,4.52,4.56,254100,4.04412
2013-08-15,4.57,4.58,4.40,4.56,293200,4.04412
2013-08-14,4.46,4.56,4.42,4.53,108900,4.017514
2013-08-13,4.50,4.50,4.42,4.48,110900,3.973171
2013-08-12,4.65,4.65,4.44,4.50,294300,3.990908
2013-08-09,4.50,4.66,4.45,4.64,410200,4.11507
2013-08-08,4.47,4.60,4.47,4.54,795300,4.026383
2013-08-07,4.45,4.50,4.42,4.50,369700,3.990908
2013-08-06,4.41,4.55,4.41,4.47,576300,3.964302
2013-08-02,4.26,4.44,4.22,4.42,744000,3.919959
2013-08-01,4.09,4.30,4.09,4.26,652500,3.77806
2013-07-31,3.93,4.11,3.93,4.03,176900,3.57408
2013-07-30,3.93,3.99,3.90,3.94,70400,3.494262
2013-07-29,3.95,4.02,3.94,3.98,174000,3.529737
2013-07-26,3.99,4.00,3.95,4.00,89600,3.547474
2013-07-25,4.00,4.03,3.96,3.97,87600,3.520868
2013-07-24,4.07,4.10,3.98,3.98,211200,3.529737
2013-07-23,4.17,4.17,4.03,4.05,135000,3.591818
2013-07-22,4.08,4.18,3.98,4.13,120400,3.662767
2013-07-19,4.04,4.10,3.99,4.09,444000,3.627292
2013-07-18,4.05,4.07,3.98,4.03,494100,3.57408
2013-07-17,4.06,4.07,3.67,4.00,1245100,3.547474
2013-07-16,4.08,4.08,3.97,4.03,446900,3.57408
2013-07-15,4.15,4.25,4.09,4.09,660800,3.627292
2013-07-12,4.33,4.33,4.14,4.14,928600,3.671635
2013-07-11,4.35,4.45,4.28,4.36,707500,3.866747
2013-07-10,4.16,4.33,4.15,4.31,597700,3.822403
2013-07-09,4.05,4.17,4.04,4.17,348400,3.698242
2013-07-08,4.05,4.13,4.00,4.05,160900,3.591818
2013-07-05,4.02,4.08,3.97,4.04,95600,3.582949
2013-07-04,3.86,4.09,3.86,4.01,187200,3.556343
2013-07-03,3.89,3.94,3.82,3.92,163400,3.476524
2013-07-02,3.80,3.81,3.67,3.79,150900,3.361231
2013-06-28,3.73,3.78,3.68,3.76,173300,3.334625
2013-06-27,3.69,3.77,3.63,3.73,459500,3.308019
2013-06-26,3.69,3.76,3.64,3.69,168500,3.272545
2013-06-25,3.79,3.83,3.65,3.70,509800,3.281413
2013-06-24,3.80,3.81,3.65,3.78,332000,3.352363
2013-06-21,3.85,3.91,3.81,3.81,137700,3.378969
2013-06-20,3.86,3.88,3.82,3.84,207000,3.405575
2013-06-19,3.95,3.95,3.90,3.94,79200,3.494262
2013-06-18,4.00,4.03,3.93,3.96,692200,3.511999
2013-06-17,3.99,4.03,3.93,4.01,597300,3.556343
2013-06-14,3.92,4.03,3.92,4.01,356600,3.556343
2013-06-13,3.85,3.98,3.84,3.95,516700,3.503131
2013-06-12,3.98,3.98,3.78,3.84,402200,3.405575
2013-06-11,4.00,4.02,3.94,3.98,168400,3.529737
2013-06-10,4.05,4.08,3.98,4.03,254100,3.57408
2013-06-07,4.01,4.09,4.01,4.04,261500,3.582949
2013-06-06,4.04,4.09,4.02,4.03,94400,3.57408
2013-06-05,4.10,4.10,4.01,4.02,661500,3.565211
2013-06-04,4.25,4.25,4.07,4.11,509900,3.64503
2013-06-03,4.21,4.27,4.20,4.24,354500,3.760322
2013-05-31,4.20,4.23,4.17,4.23,269300,3.751454
2013-05-30,4.17,4.24,4.16,4.23,161200,3.751454
2013-05-29,4.14,4.22,4.14,4.18,191800,3.70711
2013-05-28,4.15,4.19,4.14,4.15,376900,3.680504
2013-05-27,4.25,4.25,4.12,4.13,32300,3.662767
2013-05-24,4.30,4.36,4.22,4.25,120500,3.769191
2013-05-23,4.20,4.32,4.14,4.26,148800,3.77806
2013-05-22,4.19,4.25,4.16,4.19,297900,3.715979
2013-05-21,4.23,4.23,4.15,4.17,619600,3.698242
2013-05-17,4.09,4.18,4.09,4.17,211900,3.698242
2013-05-16,4.13,4.17,4.05,4.09,351400,3.627292
2013-05-15,4.12,4.18,4.10,4.15,142800,3.680504
2013-05-14,4.14,4.21,4.13,4.14,665400,3.671635
2013-05-13,4.24,4.24,4.12,4.13,204000,3.662767
2013-05-10,4.28,4.29,4.19,4.25,434800,3.769191
2013-05-09,4.29,4.37,4.23,4.31,399400,3.822403
2013-05-08,4.25,4.45,4.20,4.29,888100,3.804666
2013-05-07,4.30,4.36,4.25,4.28,444200,3.795797
2013-05-06,4.35,4.42,4.27,4.31,322300,3.822403
2013-05-03,4.30,4.49,4.30,4.37,436000,3.875615
2013-05-02,4.29,4.32,4.21,4.31,72300,3.822403
2013-05-01,4.33,4.36,4.21,4.29,131000,3.804666
2013-04-30,4.35,4.39,4.31,4.34,58000,3.849009
2013-04-29,4.27,4.43,4.27,4.38,181900,3.884484
2013-04-26,4.45,4.46,4.27,4.27,88600,3.786928
2013-04-25,4.38,4.52,4.35,4.45,144300,3.946565
2013-04-24,4.38,4.48,4.38,4.42,246000,3.919959
2013-04-23,4.36,4.47,4.35,4.37,133800,3.875615
2013-04-22,4.34,4.40,4.34,4.40,166900,3.902221
2013-04-19,4.45,4.45,4.31,4.31,120300,3.822403
2013-04-18,4.13,4.38,4.08,4.35,550000,3.857878
2013-04-17,4.27,4.31,3.95,4.09,453600,3.627292
2013-04-16,4.40,4.44,4.30,4.30,103700,3.813535
2013-04-15,4.33,4.47,4.21,4.39,599600,3.893352
2013-04-12,4.50,4.59,4.47,4.56,693200,4.04412
2013-04-11,4.60,4.66,4.53,4.57,272600,4.052989
2013-04-10,4.50,4.65,4.50,4.61,248600,4.088464
2013-04-09,4.51,4.55,4.47,4.50,275100,3.990908
2013-04-08,4.24,4.56,4.21,4.55,501800,4.035252
2013-04-05,3.98,4.30,3.87,4.25,655500,3.769191
2013-04-04,4.06,4.15,3.97,4.02,252600,3.565211
2013-04-03,4.26,4.29,4.02,4.09,181200,3.627292
2013-04-02,4.42,4.42,4.23,4.30,199000,3.813535
2013-04-01,4.48,4.58,4.41,4.44,81900,3.937696
2013-03-28,4.21,4.55,4.21,4.53,177000,4.017514
2013-03-27,4.26,4.29,4.20,4.23,240900,3.751454
2013-03-26,4.41,4.42,4.26,4.31,336100,3.822403
2013-03-25,4.46,4.46,4.37,4.38,466900,3.884484
2013-03-22,4.49,4.49,4.42,4.43,127900,3.928827
2013-03-21,4.46,4.52,4.43,4.50,115700,3.990908
2013-03-20,4.49,4.49,4.41,4.42,701500,3.919959
2013-03-19,4.44,4.53,4.42,4.45,200400,3.946565
2013-03-18,4.40,4.48,4.38,4.47,178500,3.964302
2013-03-15,4.35,4.46,4.27,4.41,492000,3.91109
2013-03-14,4.41,4.50,4.23,4.35,520900,3.857878
2013-03-13,4.53,4.68,4.45,4.45,136400,3.946565
2013-03-12,4.68,4.72,4.50,4.51,441700,3.999777
2013-03-11,4.34,4.74,4.34,4.69,386000,4.159413
2013-03-08,4.35,4.38,4.26,4.37,568900,3.875615
2013-03-07,4.17,4.43,4.17,4.35,214600,3.857878
2013-03-06,4.09,4.26,4.09,4.20,90300,3.724847
2013-03-05,4.07,4.11,4.01,4.08,495000,3.618423
2013-03-04,4.01,4.08,4.01,4.05,108300,3.591818
2013-03-01,4.08,4.10,4.05,4.05,229300,3.591818
2013-02-28,4.08,4.14,4.06,4.13,394000,3.662767
2013-02-27,3.96,4.08,3.96,4.06,339000,3.600686
2013-02-26,3.92,3.99,3.88,3.98,152400,3.529737
2013-02-25,3.87,3.97,3.87,3.92,128300,3.476524
2013-02-22,3.88,3.93,3.79,3.83,362100,3.396706
2013-02-21,3.96,3.98,3.81,3.85,731100,3.414444
2013-02-20,4.05,4.06,3.95,3.98,153800,3.529737
2013-02-19,4.00,4.19,4.00,4.05,255100,3.591818
2013-02-15,4.10,4.10,3.97,3.99,392700,3.538605
2013-02-14,4.24,4.24,4.10,4.10,176800,3.636161
2013-02-13,4.33,4.36,4.22,4.24,294300,3.760322
2013-02-12,4.27,4.37,4.26,4.35,223000,3.857878
2013-02-11,4.33,4.33,4.25,4.27,118000,3.786928
2013-02-08,4.30,4.45,4.30,4.38,93800,3.884484
2013-02-07,4.33,4.34,4.24,4.34,394400,3.849009
2013-02-06,4.41,4.44,4.30,4.37,604700,3.875615
2013-02-05,4.44,4.52,4.40,4.40,136100,3.902221
2013-02-04,4.37,4.41,4.36,4.40,111500,3.902221
2013-02-01,4.39,4.47,4.35,4.41,367800,3.91109
2013-01-31,4.40,4.42,4.35,4.40,733800,3.902221
2013-01-30,4.36,4.41,4.35,4.40,310700,3.902221
2013-01-29,4.34,4.42,4.34,4.37,343700,3.875615
2013-01-28,4.36,4.40,4.23,4.37,291300,3.875615
2013-01-25,4.47,4.50,4.26,4.34,381900,3.849009
2013-01-24,4.53,4.63,4.45,4.45,619300,3.946565
2013-01-23,4.60,4.63,4.48,4.51,300800,3.999777
2013-01-22,4.74,4.74,4.51,4.59,290800,4.070726
2013-01-21,4.61,4.70,4.61,4.64,43400,4.11507
2013-01-18,4.69,4.70,4.60,4.61,354000,4.088464
2013-01-17,4.71,4.78,4.67,4.69,577300,4.159413
2013-01-16,4.80,4.82,4.70,4.71,713000,4.177151
2013-01-15,4.67,4.82,4.67,4.79,867100,4.2481
2013-01-14,4.67,4.72,4.65,4.66,145800,4.132807
2013-01-11,4.72,4.72,4.56,4.66,943800,4.132807
2013-01-10,4.76,4.76,4.56,4.72,527800,4.186019
2013-01-09,4.85,4.85,4.70,4.75,194500,4.212625
2013-01-08,4.80,4.85,4.80,4.84,214900,4.292444
2013-01-07,4.76,4.84,4.76,4.82,576900,4.274706
2013-01-04,4.85,4.85,4.75,4.79,59000,4.2481
2013-01-03,4.89,4.89,4.76,4.82,102900,4.274706
2013-01-02,5.00,5.06,4.81,4.90,334000,4.345656
2012-12-31,4.94,4.94,4.85,4.90,71100,4.345656
2012-12-28,4.83,4.88,4.74,4.83,286300,4.283575
2012-12-27,4.88,4.88,4.80,4.86,119200,4.310181
2012-12-24,4.84,4.95,4.82,4.90,66600,4.345656
2012-12-21,4.95,4.99,4.86,4.95,185100,4.389999
2012-12-20,4.90,5.07,4.88,4.98,1599500,4.416605
2012-12-19,4.85,4.93,4.85,4.92,300900,4.363393
2012-12-18,4.78,4.90,4.77,4.84,350900,4.292444
2012-12-17,4.70,4.79,4.63,4.73,149200,4.194888
2012-12-14,4.80,4.80,4.60,4.70,377000,4.168282
2012-12-13,4.84,4.93,4.67,4.75,417600,4.212625
2012-12-12,4.90,4.95,4.82,4.84,255100,4.292444
2012-12-11,4.85,5.00,4.85,4.90,779000,4.345656
2012-12-10,4.80,4.91,4.71,4.90,842100,4.345656
2012-12-07,4.45,4.75,4.45,4.72,1507000,4.186019
2012-12-06,4.42,4.47,4.40,4.45,880200,3.946565
2012-12-05,4.43,4.45,4.39,4.40,1547300,3.902221
2012-12-04,4.50,4.52,4.42,4.43,248100,3.928827
2012-12-03,4.47,4.54,4.45,4.50,931600,3.990908
2012-11-30,4.40,4.49,4.39,4.49,314700,3.982039
2012-11-29,4.46,4.46,4.39,4.39,288500,3.893352
2012-11-28,4.42,4.45,4.34,4.44,257500,3.937696
2012-11-27,4.45,4.59,4.34,4.46,310600,3.955433
2012-11-26,4.55,4.56,4.38,4.43,110000,3.928827
2012-11-23,4.35,4.55,4.33,4.53,291400,4.017514
2012-11-22,4.37,4.39,4.32,4.35,114000,3.857878
2012-11-21,4.43,4.43,4.26,4.29,433800,3.804666
2012-11-20,4.53,4.53,4.42,4.42,67500,3.919959
2012-11-19,4.59,4.64,4.46,4.50,636700,3.990908
2012-11-16,4.41,4.63,4.41,4.57,3382800,4.052989
2012-11-15,4.33,4.38,4.11,4.20,268000,3.724847
2012-11-14,4.40,4.45,4.32,4.39,1303100,3.893352
2012-11-13,4.32,4.58,4.30,4.41,481500,3.91109
2012-11-12,4.33,4.35,4.26,4.32,428000,3.831272
2012-11-09,4.30,4.44,4.22,4.35,1548100,3.857878
2012-11-08,4.24,4.37,4.22,4.30,644200,3.813535
2012-11-07,4.21,4.27,4.20,4.24,146700,3.760322
2012-11-06,4.24,4.33,4.22,4.28,158800,3.795797
2012-11-05,4.16,4.26,4.16,4.23,97800,3.751454
2012-11-02,4.21,4.22,4.10,4.17,294700,3.698242
2012-11-01,4.11,4.30,4.10,4.24,284500,3.760322
2012-10-31,4.18,4.25,4.06,4.10,112900,3.636161
2012-10-30,4.03,4.50,4.03,4.20,622800,3.724847
2012-10-29,4.00,4.15,3.85,4.01,135500,3.556343
2012-10-26,3.96,4.00,3.94,3.98,132600,3.529737
2012-10-25,3.97,4.01,3.93,3.94,531800,3.494262
2012-10-24,4.00,4.05,3.89,3.96,84000,3.511999
2012-10-23,4.00,4.03,3.71,4.02,190300,3.565211
2012-10-22,4.02,4.09,4.01,4.02,443300,3.565211
2012-10-19,4.10,4.10,4.02,4.04,261100,3.582949
2012-10-18,4.06,4.10,4.02,4.07,183800,3.609555
2012-10-17,4.08,4.13,4.08,4.08,203700,3.618423
2012-10-16,4.03,4.06,4.02,4.05,81900,3.591818
2012-10-15,4.03,4.12,3.97,4.04,142300,3.582949
2012-10-12,4.11,4.13,4.00,4.01,28000,3.556343
2012-10-11,4.00,4.13,4.00,4.08,48800,3.618423
2012-10-10,4.09,4.09,3.97,3.99,104300,3.538605
2012-10-09,4.09,4.11,4.06,4.08,38600,3.618423
2012-10-05,4.19,4.19,4.05,4.05,48200,3.591818
2012-10-04,4.16,4.17,4.14,4.17,13000,3.698242
2012-10-03,4.28,4.28,4.12,4.14,169700,3.671635
2012-10-02,4.20,4.33,4.19,4.31,145800,3.822403
2012-10-01,4.07,4.39,4.07,4.19,124500,3.715979
2012-09-28,4.07,4.09,4.01,4.09,60200,3.627292
2012-09-27,3.97,4.14,3.97,4.09,68900,3.627292
2012-09-26,4.02,4.02,3.88,3.96,76500,3.511999
2012-09-25,4.13,4.20,4.02,4.03,60400,3.57408
2012-09-24,4.11,4.16,4.11,4.16,142600,3.689373
2012-09-21,4.09,4.18,4.09,4.14,220400,3.671635
2012-09-20,4.05,4.11,4.03,4.10,140300,3.636161
2012-09-19,4.09,4.12,4.04,4.08,543700,3.618423
2012-09-18,4.05,4.10,4.00,4.07,225100,3.609555
2012-09-17,4.09,4.12,4.02,4.08,210000,3.618423
2012-09-14,4.09,4.17,4.04,4.09,551900,3.627292
2012-09-13,3.97,4.15,3.94,4.13,826600,3.662767
2012-09-12,3.99,4.03,3.98,4.00,135600,3.547474
2012-09-11,3.95,4.00,3.90,3.99,103900,3.538605
2012-09-10,3.89,4.03,3.89,3.94,204400,3.494262
2012-09-07,3.90,3.91,3.85,3.88,59900,3.44105
2012-09-06,3.78,3.92,3.77,3.90,80900,3.458787
2012-09-05,3.83,3.83,3.76,3.80,57300,3.3701
2012-09-04,3.85,3.91,3.82,3.83,37000,3.396706
2012-08-31,3.92,3.93,3.85,3.86,125900,3.423312
2012-08-30,3.98,3.98,3.91,3.96,114500,3.511999
2012-08-29,3.90,3.98,3.86,3.98,1161200,3.529737
2012-08-28,3.99,4.00,3.85,3.94,125700,3.494262
2012-08-27,4.11,4.11,3.96,3.99,234300,3.538605
2012-08-24,4.05,4.12,4.05,4.09,31900,3.627292
2012-08-23,4.05,4.10,4.05,4.05,83100,3.591818
2012-08-22,4.08,4.15,4.01,4.13,91700,3.662767
2012-08-21,4.12,4.13,4.06,4.09,314400,3.627292
2012-08-20,4.10,4.23,4.00,4.09,286800,3.627292
2012-08-17,3.96,4.14,3.91,4.12,211600,3.653898
2012-08-16,3.97,4.03,3.91,3.95,208200,3.503131
2012-08-15,4.01,4.01,3.79,3.94,371300,3.494262
2012-08-14,4.00,4.07,3.94,3.95,558100,3.503131
2012-08-13,4.07,4.15,3.92,3.99,370000,3.538605
2012-08-10,4.16,4.17,3.97,4.00,2590600,3.547474
2012-08-09,4.48,4.48,4.06,4.16,1336000,3.689373
2012-08-08,4.68,4.77,4.64,4.65,49200,4.123939
2012-08-07,4.57,4.73,4.55,4.72,31100,4.186019
2012-08-03,4.49,4.60,4.44,4.51,49700,3.999777
2012-08-02,4.70,4.70,4.46,4.47,47400,3.964302
2012-08-01,4.55,4.70,4.55,4.70,46000,4.168282
2012-07-31,4.88,4.88,4.54,4.54,149100,4.026383
2012-07-30,4.79,4.97,4.72,4.91,85900,4.354524
2012-07-27,4.45,4.80,4.45,4.80,90500,4.256969
2012-07-26,4.44,4.50,4.43,4.47,56700,3.964302
2012-07-25,4.45,4.50,4.36,4.42,48200,3.919959
2012-07-24,4.33,4.45,4.33,4.42,76900,3.919959
2012-07-23,4.35,4.36,4.27,4.35,41800,3.857878
2012-07-20,4.40,4.44,4.38,4.42,50000,3.919959
2012-07-19,4.36,4.44,4.36,4.42,28900,3.919959
2012-07-18,4.42,4.42,4.30,4.36,72500,3.866747
2012-07-17,4.16,4.45,4.16,4.42,24800,3.919959
2012-07-16,4.17,4.18,4.15,4.15,10300,3.680504
2012-07-13,4.14,4.24,4.14,4.18,27300,3.70711
2012-07-12,4.15,4.16,4.13,4.15,137500,3.680504
2012-07-11,4.15,4.37,4.14,4.16,220000,3.689373
2012-07-10,4.16,4.19,4.14,4.16,26200,3.689373
2012-07-09,4.30,4.30,4.08,4.17,82400,3.698242
2012-07-06,4.26,4.50,4.21,4.43,33900,3.928827
2012-07-05,4.35,4.44,4.25,4.40,15400,3.902221
2012-07-04,4.25,4.35,4.25,4.35,4800,3.857878
2012-07-03,4.05,4.24,4.05,4.24,36500,3.760322
2012-06-29,4.15,4.15,4.02,4.08,45700,3.618423
2012-06-28,4.14,4.30,3.98,4.02,37800,3.565211
2012-06-27,4.00,4.32,3.97,4.10,58900,3.636161
2012-06-26,4.01,4.12,3.95,3.98,35200,3.529737
2012-06-25,3.96,4.04,3.96,4.00,81800,3.547474
2012-06-22,4.03,4.16,4.03,4.15,48700,3.680504
2012-06-21,4.09,4.23,3.98,3.99,87300,3.538605
2012-06-20,4.14,4.26,4.07,4.07,189200,3.609555
2012-06-19,4.18,4.18,4.15,4.15,18800,3.680504
2012-06-18,4.20,4.22,4.15,4.15,61600,3.680504
2012-06-15,4.20,4.26,4.15,4.24,35800,3.760322
2012-06-14,4.11,4.20,4.11,4.20,40500,3.724847
2012-06-13,4.09,4.16,4.09,4.15,63400,3.680504
2012-06-12,4.20,4.23,4.05,4.13,76600,3.662767
2012-06-11,4.48,4.51,4.18,4.18,91800,3.70711
2012-06-08,4.54,4.56,4.46,4.48,18000,3.973171
2012-06-07,4.60,4.62,4.50,4.50,50400,3.990908
2012-06-06,4.60,4.69,4.51,4.54,242400,4.026383
2012-06-05,4.64,4.64,4.52,4.52,273700,4.008645
2012-06-04,4.63,4.76,4.63,4.63,49800,4.106201
2012-06-01,4.62,4.66,4.58,4.64,45300,4.11507
2012-05-31,4.67,4.90,4.55,4.69,561300,4.159413
2012-05-30,4.60,4.75,4.48,4.64,216300,4.11507
2012-05-29,4.86,4.87,4.66,4.67,76400,4.141676
2012-05-28,4.73,4.89,4.73,4.89,18900,4.336787
2012-05-25,4.82,4.83,4.73,4.79,50200,4.2481
2012-05-24,4.87,4.89,4.79,4.80,93700,4.256969
2012-05-23,4.66,4.85,4.63,4.84,88600,4.292444
2012-05-22,4.69,4.76,4.65,4.70,33000,4.168282
2012-05-18,4.52,4.67,4.52,4.60,88000,4.079595
2012-05-17,4.51,4.60,4.49,4.51,72600,3.999777
2012-05-16,4.48,4.61,4.39,4.50,51000,3.990908
2012-05-15,4.40,4.48,4.21,4.46,269200,3.955433
2012-05-14,4.69,4.72,4.41,4.44,158000,3.937696
2012-05-11,4.93,4.93,4.80,4.82,98000,4.274706
2012-05-10,4.95,4.95,4.85,4.93,131000,4.372261
2012-05-09,4.90,4.91,4.76,4.89,85000,4.336787
2012-05-08,5.05,5.05,4.80,4.96,160600,4.398868
2012-05-07,5.03,5.08,5.02,5.05,57400,4.478686
2012-05-04,5.08,5.17,5.00,5.09,165700,4.514161
2012-05-03,5.20,5.22,5.13,5.14,80000,4.558504
2012-05-02,5.15,5.18,5.11,5.18,50700,4.593979
2012-05-01,5.17,5.21,5.13,5.15,51600,4.567373
2012-04-30,5.21,5.22,5.15,5.15,36000,4.567373
2012-04-27,5.24,5.28,5.21,5.25,143800,4.65606
2012-04-26,5.18,5.29,5.18,5.23,69800,4.638322
2012-04-25,5.08,5.20,5.04,5.18,143900,4.593979
2012-04-24,5.12,5.12,5.01,5.02,60600,4.45208
2012-04-23,5.15,5.18,5.01,5.09,241000,4.514161
2012-04-20,5.25,5.25,5.18,5.19,129800,4.602847
2012-04-19,5.35,5.35,5.19,5.22,159500,4.629453
2012-04-18,5.25,5.38,5.23,5.34,159100,4.735878
2012-04-17,5.10,5.20,5.10,5.20,167000,4.611716
2012-04-16,5.05,5.07,5.00,5.05,98400,4.478686
2012-04-13,5.13,5.17,5.00,5.01,139500,4.443211
2012-04-12,5.11,5.19,5.11,5.12,61600,4.540767
2012-04-11,5.05,5.16,5.04,5.11,125400,4.531898
2012-04-10,5.15,5.16,4.97,5.00,287800,4.434342
2012-04-09,5.10,5.20,5.10,5.15,166000,4.567373
2012-04-05,5.05,5.12,5.03,5.11,73000,4.531898
2012-04-04,5.15,5.15,5.02,5.04,324400,4.469817
2012-04-03,5.15,5.20,5.15,5.16,57200,4.576241
2012-04-02,5.12,5.22,5.07,5.20,225700,4.611716
2012-03-30,5.10,5.15,5.01,5.15,144800,4.567373
2012-03-29,5.08,5.11,4.97,5.10,126200,4.523029
2012-03-28,5.04,5.16,5.04,5.11,227600,4.531898
2012-03-27,5.11,5.11,5.01,5.01,127000,4.443211
2012-03-26,5.13,5.14,5.06,5.08,98600,4.505292
2012-03-23,5.20,5.21,5.12,5.14,102100,4.558504
2012-03-22,5.34,5.34,5.17,5.19,56500,4.602847
2012-03-21,5.35,5.40,5.31,5.35,70800,4.744746
2012-03-20,5.29,5.33,5.15,5.30,176900,4.700403
2012-03-19,5.39,5.40,5.30,5.30,90800,4.700403
2012-03-16,5.16,5.41,5.16,5.35,179700,4.744746
2012-03-15,5.10,5.25,5.10,5.19,121400,4.602847
2012-03-14,5.08,5.13,5.05,5.13,96200,4.549635
2012-03-13,5.13,5.15,5.07,5.11,37000,4.531898
2012-03-12,5.23,5.23,5.09,5.11,74300,4.531898
2012-03-09,5.16,5.24,5.16,5.23,32800,4.638322
2012-03-08,5.11,5.20,5.08,5.16,40100,4.576241
2012-03-07,5.03,5.11,5.00,5.09,38700,4.514161
2012-03-06,5.10,5.15,4.96,5.02,72700,4.45208
2012-03-05,5.28,5.30,5.10,5.17,163800,4.58511
2012-03-02,5.40,5.44,5.29,5.29,38300,4.691534
2012-03-01,5.30,5.46,5.30,5.46,160400,4.842302
2012-02-29,5.40,5.41,5.28,5.32,53400,4.71814
2012-02-28,5.37,5.44,5.31,5.35,148700,4.744746
2012-02-27,5.37,5.44,5.27,5.44,207900,4.824565
2012-02-24,5.42,5.42,5.27,5.38,59600,4.771353
2012-02-23,5.32,5.42,5.23,5.37,195700,4.762484
2012-02-22,5.11,5.28,5.11,5.23,79900,4.638322
2012-02-21,5.20,5.27,5.10,5.10,92600,4.523029
2012-02-17,5.10,5.19,5.02,5.19,110600,4.602847
2012-02-16,5.09,5.17,5.08,5.12,64000,4.540767
2012-02-15,5.20,5.20,5.07,5.14,53700,4.558504
2012-02-14,5.26,5.30,5.16,5.20,39100,4.611716
2012-02-13,5.29,5.34,5.25,5.30,36900,4.700403
2012-02-10,5.25,5.30,5.14,5.29,36100,4.691534
2012-02-09,5.41,5.46,5.34,5.36,51600,4.753615
2012-02-08,5.34,5.47,5.34,5.38,143100,4.771353
2012-02-07,5.33,5.51,5.17,5.31,195700,4.709272
2012-02-06,5.24,5.28,5.15,5.23,182900,4.638322
2012-02-03,5.27,5.40,5.19,5.25,151200,4.65606
2012-02-02,5.04,5.30,5.02,5.19,403000,4.602847
2012-02-01,5.09,5.15,5.03,5.04,138700,4.469817
2012-01-31,5.18,5.25,5.05,5.07,133900,4.496423
2012-01-30,5.02,5.21,5.01,5.18,90600,4.593979
2012-01-27,5.08,5.08,5.01,5.08,51200,4.505292
2012-01-26,5.09,5.14,5.00,5.04,353800,4.469817
2012-01-25,5.11,5.12,4.87,5.09,357300,4.514161
2012-01-24,5.20,5.23,5.05,5.22,68000,4.629453
2012-01-23,5.12,5.33,5.12,5.21,73900,4.620585
2012-01-20,5.15,5.17,5.08,5.17,29100,4.58511
2012-01-19,5.19,5.19,5.04,5.12,75200,4.540767
2012-01-18,5.14,5.16,5.03,5.11,96200,4.531898
2012-01-17,5.20,5.28,5.00,5.10,171200,4.523029
2012-01-16,5.25,5.25,5.20,5.21,26000,4.620585
2012-01-13,5.29,5.35,5.18,5.25,92500,4.65606
2012-01-12,5.41,5.54,5.28,5.29,134100,4.691534
2012-01-11,5.61,5.62,5.44,5.44,90000,4.824565
2012-01-10,5.64,5.64,5.50,5.57,162100,4.939858
2012-01-09,5.63,5.63,5.48,5.48,89900,4.860039
2012-01-06,5.79,5.79,5.60,5.60,88400,4.966463
2012-01-05,5.80,5.80,5.66,5.70,89900,5.05515
2012-01-04,5.63,5.84,5.63,5.82,264900,5.161575
2012-01-03,5.73,5.83,5.65,5.65,218600,5.010807
2011-12-30,5.61,5.73,5.59,5.70,154700,5.05515
2011-12-29,5.66,5.68,5.51,5.64,115100,5.001938
2011-12-28,5.77,5.84,5.61,5.65,176000,5.010807
2011-12-23,5.51,5.85,5.51,5.68,205600,5.037413
2011-12-22,5.40,5.55,5.27,5.51,320100,4.886646
2011-12-21,5.03,5.50,5.03,5.46,299000,4.842302
2011-12-20,5.30,5.30,5.07,5.10,164600,4.523029
2011-12-19,5.19,5.45,5.19,5.20,1086300,4.611716
2011-12-16,4.85,4.90,4.79,4.82,103800,4.274706
2011-12-15,4.84,4.89,4.80,4.80,75000,4.256969
2011-12-14,4.75,4.86,4.70,4.81,474700,4.265837
2011-12-13,4.72,4.93,4.72,4.76,290000,4.221494
2011-12-12,4.77,4.80,4.71,4.79,221000,4.2481
2011-12-09,4.75,4.87,4.75,4.80,130000,4.256969
2011-12-08,4.82,4.82,4.73,4.76,87700,4.221494
2011-12-07,4.78,4.84,4.71,4.80,351600,4.256969
2011-12-06,4.70,4.80,4.70,4.74,71800,4.203756
2011-12-05,4.90,4.92,4.68,4.73,121300,4.194888
2011-12-02,4.65,4.81,4.65,4.68,148500,4.150544
2011-12-01,4.61,4.71,4.61,4.62,87200,4.097332
2011-11-30,4.53,4.72,4.53,4.69,190700,4.159413
2011-11-29,4.43,4.49,4.38,4.38,45200,3.884484
2011-11-28,4.39,4.47,4.38,4.38,108700,3.884484
2011-11-25,4.28,4.35,4.22,4.23,43700,3.751454
2011-11-24,4.22,4.36,4.22,4.32,38200,3.831272
2011-11-23,4.40,4.40,4.24,4.25,95200,3.769191
2011-11-22,4.60,4.60,4.43,4.46,58600,3.955433
2011-11-21,4.65,4.65,4.41,4.64,78500,4.11507
2011-11-18,4.85,5.00,4.69,4.69,50300,4.159413
2011-11-17,5.03,5.03,4.75,4.80,196500,4.256969
2011-11-16,4.98,5.15,4.98,5.05,110000,4.478686
2011-11-15,4.91,5.00,4.89,4.92,62200,4.363393
2011-11-14,5.20,5.20,4.87,4.88,99000,4.327918
2011-11-11,4.55,5.36,4.55,5.20,292400,4.611716
2011-11-10,4.26,4.55,4.26,4.38,106600,3.884484
2011-11-09,4.50,4.52,4.35,4.39,105300,3.893352
2011-11-08,4.65,4.65,4.50,4.61,101900,4.088464
2011-11-07,4.60,4.65,4.50,4.62,74000,4.097332
2011-11-04,4.69,4.69,4.52,4.58,120600,4.061858
2011-11-03,4.70,4.75,4.54,4.70,123300,4.168282
2011-11-02,4.42,4.70,4.42,4.67,179300,4.141676
2011-11-01,4.36,4.56,4.26,4.37,114200,3.875615
2011-10-31,4.72,4.72,4.53,4.59,234100,4.070726
2011-10-28,4.75,4.86,4.73,4.77,115000,4.230363
2011-10-27,4.98,5.04,4.70,4.75,324900,4.212625
2011-10-26,5.05,5.05,4.74,4.79,239500,4.2481
2011-10-25,5.03,5.05,4.90,4.92,65700,4.363393
2011-10-24,4.92,5.10,4.86,4.98,135800,4.416605
2011-10-21,5.00,5.01,4.78,4.80,90400,4.256969
2011-10-20,5.00,5.07,4.82,4.84,143000,4.292444
2011-10-19,5.25,5.35,5.01,5.10,62000,4.523029
2011-10-18,4.88,5.34,4.70,5.27,156000,4.673797
2011-10-17,5.34,5.34,4.96,5.01,52000,4.443211
2011-10-14,4.95,5.27,4.95,5.23,144000,4.638322
2011-10-13,4.75,4.89,4.56,4.89,103000,4.336787
2011-10-12,4.85,4.94,4.75,4.78,185000,4.239232
2011-10-11,4.69,4.97,4.65,4.77,148000,4.230363
2011-10-07,4.69,4.72,4.48,4.50,110000,3.990908
2011-10-06,4.56,4.75,4.43,4.65,145000,4.123939
2011-10-05,4.11,4.50,3.96,4.48,251000,3.973171
2011-10-04,3.66,4.02,3.51,4.01,337000,3.556343
2011-10-03,4.10,4.25,3.97,3.98,176800,3.529737
2011-09-30,4.59,4.60,4.21,4.21,237000,3.733716
2011-09-29,4.75,4.83,4.55,4.62,112900,4.097332
2011-09-28,4.96,4.96,4.68,4.72,153000,4.186019
2011-09-27,5.04,5.20,4.91,4.91,89300,4.354524
2011-09-26,4.93,4.93,4.68,4.90,178700,4.345656
2011-09-23,4.92,5.19,4.81,4.97,101300,4.407736
2011-09-22,5.07,5.16,4.88,5.00,201500,4.434342
2011-09-21,5.66,5.68,5.51,5.54,84700,4.913251
2011-09-20,5.87,5.89,5.67,5.68,73400,5.037413
2011-09-19,5.99,5.99,5.71,5.90,72500,5.232524
2011-09-16,6.05,6.05,5.70,6.00,209900,5.321211
2011-09-15,5.95,6.11,5.93,6.00,74300,5.321211
2011-09-14,6.00,6.00,5.91,5.95,120800,5.276867
2011-09-13,5.86,6.00,5.85,5.93,90700,5.25913
2011-09-12,5.88,5.93,5.78,5.89,43800,5.223655
2011-09-09,6.05,6.05,5.85,5.93,69700,5.25913
2011-09-08,6.17,6.17,6.04,6.06,88700,5.374423
2011-09-07,6.19,6.39,6.08,6.11,101700,5.418767
2011-09-06,5.89,6.11,5.89,6.10,52000,5.409898
2011-09-02,6.25,6.29,6.09,6.18,49800,5.480847
2011-09-01,6.29,6.46,6.25,6.30,70600,5.587272
2011-08-31,6.29,6.55,6.29,6.35,85200,5.631615
2011-08-30,6.44,6.60,6.25,6.37,85600,5.649352
2011-08-29,6.04,6.48,6.04,6.44,71700,5.711433
2011-08-26,6.02,6.08,5.95,6.00,83900,5.321211
2011-08-25,6.17,6.17,5.95,6.01,153900,5.33008
2011-08-24,6.26,6.38,6.04,6.09,135900,5.401029
2011-08-23,6.04,6.28,6.01,6.26,62200,5.551797
2011-08-22,6.18,6.18,5.92,5.98,75700,5.303474
2011-08-19,5.93,6.19,5.92,5.92,124900,5.250261
2011-08-18,6.21,6.25,6.04,6.08,162500,5.39216
2011-08-17,6.55,6.75,6.27,6.28,136300,5.569534
2011-08-16,6.45,6.50,6.27,6.45,133400,5.720302
2011-08-15,6.28,6.73,6.28,6.52,119300,5.782382
2011-08-12,6.02,6.45,6.00,6.20,232900,5.498584
2011-08-11,5.79,5.85,5.59,5.82,224000,5.161575
2011-08-10,6.00,6.00,5.65,5.69,258700,5.046282
2011-08-09,5.60,6.06,5.50,5.84,263500,5.179312
2011-08-08,5.60,5.78,5.33,5.68,340700,5.037413
2011-08-05,6.35,6.50,5.80,6.05,449700,5.365554
2011-08-04,6.80,6.80,6.36,6.39,69400,5.667089
2011-08-03,7.07,7.07,6.60,6.78,230000,6.012968
2011-08-02,7.25,7.26,6.95,7.00,98500,6.208079
2011-07-29,7.11,7.11,6.96,7.00,87800,6.208079
2011-07-28,7.24,7.24,7.10,7.19,232300,6.376584
2011-07-27,7.47,7.47,7.18,7.24,104100,6.420928
2011-07-26,7.71,7.71,7.45,7.47,77400,6.624907
2011-07-25,7.79,7.79,7.60,7.67,53400,6.802281
2011-07-22,7.95,7.96,7.83,7.85,66000,6.961917
2011-07-21,8.15,8.15,7.90,7.93,230200,7.032867
2011-07-20,7.50,8.15,7.47,8.15,407400,7.227978
2011-07-19,7.50,7.50,7.45,7.49,72500,6.642645
2011-07-18,7.50,7.50,7.35,7.48,30400,6.633776
2011-07-15,7.40,7.58,7.40,7.50,83500,6.651514
2011-07-14,7.55,7.55,7.40,7.47,120800,6.624907
2011-07-13,7.52,7.53,7.46,7.50,126100,6.651514
2011-07-12,7.36,7.59,7.36,7.50,40200,6.651514
2011-07-11,7.65,7.65,7.35,7.48,88800,6.633776
2011-07-08,7.70,7.70,7.53,7.65,117200,6.784544
2011-07-07,7.82,7.95,7.75,7.80,269900,6.917574
2011-07-06,7.42,7.44,7.35,7.36,57300,6.527352
2011-07-05,7.50,7.50,7.16,7.42,190400,6.580564
2011-07-04,7.00,7.25,7.00,7.25,51700,6.429796
2011-06-30,6.73,6.85,6.59,6.85,102300,6.075049
2011-06-29,6.48,6.65,6.36,6.55,183000,5.808989
2011-06-28,6.60,6.63,6.43,6.47,177300,5.738039
2011-06-27,6.60,6.63,6.52,6.61,45400,5.862201
2011-06-24,6.70,6.70,6.54,6.64,44000,5.888807
2011-06-23,6.61,6.74,6.50,6.70,141400,5.942019
2011-06-22,6.83,6.87,6.65,6.76,167200,5.995231
2011-06-21,6.70,6.88,6.70,6.81,64400,6.039574
2011-06-20,6.77,6.77,6.62,6.66,55700,5.906544
2011-06-17,6.51,6.74,6.51,6.66,89600,5.906544
2011-06-16,6.70,6.71,6.50,6.60,157900,5.853332
2011-06-15,6.95,6.98,6.61,6.78,138700,6.012968
2011-06-14,7.10,7.17,7.02,7.02,118600,6.225817
2011-06-13,7.32,7.32,6.97,7.04,211900,6.243554
2011-06-10,7.40,7.43,7.11,7.42,133500,6.580564
2011-06-09,7.55,7.57,7.40,7.45,135900,6.60717
2011-06-08,7.53,7.71,7.52,7.56,153700,6.704726
2011-06-07,7.50,7.58,7.45,7.53,120000,6.67812
2011-06-06,7.41,7.55,7.41,7.50,69700,6.651514
2011-06-03,7.52,7.52,7.42,7.47,46000,6.624907
2011-06-02,7.46,7.65,7.45,7.52,188600,6.669251
2011-06-01,7.63,7.70,7.45,7.45,79900,6.60717
2011-05-31,7.65,7.65,7.54,7.65,108600,6.784544
2011-05-30,7.60,7.65,7.51,7.54,72600,6.686988
2011-05-27,7.55,7.70,7.45,7.50,169000,6.651514
2011-05-26,7.43,7.64,7.43,7.53,84800,6.67812
2011-05-25,7.30,7.47,7.28,7.43,72400,6.589433
2011-05-24,7.20,7.35,7.07,7.27,140000,6.447534
2011-05-20,7.24,7.24,7.07,7.13,156700,6.323372
2011-05-19,7.08,7.17,7.02,7.15,258300,6.34111
2011-05-18,7.00,7.09,6.93,7.07,401500,6.27016
2011-05-17,7.42,7.42,7.00,7.03,190000,6.234686
2011-05-16,7.37,7.50,7.30,7.41,170000,6.571695
2011-05-13,7.72,7.79,7.35,7.49,290000,6.642645
2011-05-12,7.90,7.90,7.50,7.65,327000,6.784544
2011-05-11,8.09,8.09,7.80,7.90,104600,7.006261
2011-05-10,8.22,8.30,8.11,8.12,42000,7.201372
2011-05-09,8.24,8.41,8.15,8.18,175700,7.254584
2011-05-06,7.70,8.10,7.70,8.06,108300,7.14816
2011-05-05,8.00,8.09,7.70,7.73,195600,6.855493
2011-05-04,8.20,8.23,7.95,8.00,197300,7.094948
2011-05-03,8.50,8.57,8.20,8.23,96200,7.298927
2011-05-02,8.48,8.53,8.40,8.46,128000,7.502907
2011-04-29,8.56,8.58,8.50,8.53,67000,7.564988
2011-04-28,8.67,8.70,8.55,8.55,499000,7.582726
2011-04-27,8.63,8.69,8.57,8.67,46000,7.68915
2011-04-26,8.70,8.74,8.63,8.69,72100,7.706887
2011-04-25,8.69,8.70,8.60,8.69,180400,7.706887
2011-04-21,8.65,8.69,8.60,8.65,166400,7.671412
2011-04-20,8.60,8.67,8.52,8.60,176600,7.627069
2011-04-19,8.49,8.51,8.40,8.49,101600,7.529513
2011-04-18,8.56,8.56,8.30,8.45,135600,7.494038
2011-04-15,8.70,8.80,8.50,8.56,449100,7.591595
2011-04-14,8.55,8.81,8.43,8.62,918800,7.644806
2011-04-13,7.91,8.09,7.91,8.09,169200,7.174766
2011-04-12,8.10,8.11,7.66,7.88,195300,6.988524
2011-04-11,8.27,8.30,8.11,8.19,123800,7.263452
2011-04-08,8.17,8.31,8.17,8.26,182200,7.325534
2011-04-07,8.15,8.30,8.10,8.14,91500,7.21911
2011-04-06,8.25,8.37,8.19,8.20,82900,7.272321
2011-04-05,8.30,8.36,8.28,8.28,86600,7.343271
2011-04-04,8.49,8.59,8.26,8.32,60300,7.378745
2011-04-01,8.77,8.77,8.45,8.53,47000,7.564988
2011-03-31,8.67,8.80,8.67,8.77,44300,7.777837
2011-03-30,8.61,8.70,8.61,8.70,76300,7.715756
2011-03-29,8.65,8.70,8.55,8.62,112700,7.644806
2011-03-28,8.70,8.71,8.55,8.70,35800,7.715756
2011-03-25,8.63,8.85,8.63,8.78,112200,7.786705
2011-03-24,8.82,9.09,8.75,8.79,140100,7.795574
2011-03-23,8.71,8.84,8.60,8.82,59200,7.82218
2011-03-22,8.74,8.74,8.60,8.69,25200,7.706887
2011-03-21,8.47,8.85,8.47,8.78,70800,7.786705
2011-03-18,8.42,8.57,8.27,8.43,231900,7.476302
2011-03-17,8.21,8.45,8.20,8.42,63000,7.467433
2011-03-16,8.08,8.29,7.96,8.05,135700,7.139291
2011-03-15,8.18,8.18,7.46,7.93,308500,7.032867
2011-03-14,8.71,8.71,8.40,8.43,74900,7.476302
2011-03-11,8.22,8.72,8.22,8.70,117000,7.715756
2011-03-10,8.53,8.60,8.23,8.45,261600,7.494038
2011-03-09,9.00,9.00,8.54,8.70,155400,7.715756
2011-03-08,9.10,9.10,8.51,8.91,189900,7.901998
2011-03-07,9.20,9.23,9.09,9.13,116400,8.097109
2011-03-04,9.18,9.25,9.07,9.18,127000,8.141453
2011-03-03,9.16,9.20,9.09,9.18,47700,8.141453
2011-03-02,9.20,9.24,9.13,9.14,47900,8.105978
2011-03-01,9.23,9.27,9.15,9.23,82700,8.185796
2011-02-28,9.26,9.27,9.10,9.25,109400,8.203533
2011-02-25,9.25,9.38,9.15,9.22,107900,8.176928
2011-02-24,9.30,9.33,9.16,9.29,181200,8.239008
2011-02-23,9.06,9.22,9.05,9.16,272600,8.123715
2011-02-22,9.59,9.59,9.05,9.06,444500,8.035029
2011-02-18,9.40,9.40,9.11,9.15,259500,8.114846
2011-02-17,9.44,9.62,9.37,9.40,214200,8.336563
2011-02-16,9.29,9.42,9.18,9.30,287600,8.247877
2011-02-15,9.45,9.45,9.06,9.29,1342900,8.239008
2011-02-14,9.48,9.99,9.45,9.77,272000,8.664705
2011-02-11,9.26,9.46,9.05,9.36,522000,8.301089
2011-02-10,9.17,9.25,8.70,9.15,1225800,8.114846
2011-02-09,8.16,8.31,8.13,8.29,160000,7.35214
2011-02-08,8.26,8.26,8.11,8.15,201900,7.227978
2011-02-07,8.18,8.34,8.18,8.27,174200,7.334403
2011-02-04,8.28,8.34,8.10,8.23,45100,7.298927
2011-02-03,8.34,8.38,8.06,8.33,118100,7.387614
2011-02-02,8.40,8.68,8.35,8.35,119600,7.405352
2011-02-01,8.04,8.45,8.02,8.40,292100,7.449695
2011-01-31,7.91,8.04,7.89,8.00,125100,7.094948
2011-01-28,7.90,7.93,7.80,7.89,214900,6.997392
2011-01-27,7.90,7.98,7.80,7.87,36200,6.979655
2011-01-26,7.80,7.95,7.68,7.89,67300,6.997392
2011-01-25,7.50,7.69,7.40,7.69,47000,6.820019
2011-01-24,7.85,7.85,7.60,7.66,52900,6.793412
2011-01-21,7.75,7.82,7.65,7.68,57100,6.81115
2011-01-20,7.91,7.95,7.49,7.76,148100,6.8821
2011-01-19,7.65,7.98,7.65,7.85,291200,6.961917
2011-01-18,7.64,7.69,7.51,7.63,364800,6.766807
2011-01-17,7.71,7.79,7.56,7.59,356600,6.731332
2011-01-14,7.77,7.77,7.60,7.70,123100,6.828887
2011-01-13,7.79,7.81,7.54,7.54,222800,6.686988
2011-01-12,7.40,7.80,7.40,7.66,390900,6.793412
2011-01-11,7.00,7.43,7.00,7.32,185800,6.491877
2011-01-10,7.03,7.03,6.90,6.93,73500,6.145998
2011-01-07,6.85,7.00,6.85,6.95,43200,6.163736
2011-01-06,6.91,7.05,6.85,6.85,232000,6.075049
2011-01-05,7.10,7.10,6.81,6.85,210300,6.075049
2011-01-04,7.02,7.20,6.97,7.00,263500,6.208079
2010-12-31,6.83,6.90,6.71,6.90,131900,6.119393
2010-12-30,7.08,7.08,6.83,6.87,195700,6.092786
2010-12-29,7.18,7.18,7.02,7.02,150900,6.225817
2010-12-24,7.18,7.18,7.08,7.12,36700,6.314503
2010-12-23,7.20,7.20,7.13,7.18,87600,6.367716
2010-12-22,7.21,7.22,7.06,7.17,105800,6.358847
2010-12-21,7.50,7.50,7.02,7.15,380400,6.34111
2010-12-20,7.74,8.00,7.38,7.40,298400,6.562827
2010-12-17,7.49,7.65,7.25,7.65,253900,6.784544
2010-12-16,6.80,7.35,6.75,7.22,615200,6.40319
2010-12-15,6.40,6.90,6.40,6.49,1294900,5.755776
2010-12-14,5.91,6.20,5.90,6.05,56800,5.365554
2010-12-13,6.15,6.15,6.00,6.00,84800,5.321211
2010-12-10,6.20,6.23,6.12,6.15,12800,5.454241
2010-12-09,6.28,6.28,5.89,6.10,117500,5.409898
2010-12-08,6.42,6.44,6.22,6.28,25000,5.569534
2010-12-07,6.39,6.43,6.39,6.43,108700,5.702564
2010-12-06,6.26,6.49,6.25,6.39,16200,5.667089
2010-12-03,6.31,6.31,6.24,6.25,71300,5.542928
2010-12-02,6.20,6.70,6.15,6.34,81300,5.622746
2010-12-01,6.03,6.20,6.03,6.20,99000,5.498584
2010-11-30,6.20,6.20,6.10,6.10,25500,5.409898
2010-11-29,6.34,6.34,6.15,6.15,32800,5.454241
2010-11-26,6.20,6.27,6.18,6.25,72900,5.542928
2010-11-25,6.21,6.32,6.21,6.29,9500,5.578403
2010-11-24,6.49,6.49,6.25,6.32,133700,5.605009
2010-11-23,6.69,6.69,6.43,6.44,80200,5.711433
2010-11-22,6.28,6.76,6.28,6.70,36400,5.942019
2010-11-19,6.25,6.45,6.20,6.35,29300,5.631615
2010-11-18,6.11,6.40,6.10,6.35,32500,5.631615
2010-11-17,6.02,6.29,6.02,6.20,92300,5.498584
2010-11-16,6.29,6.29,5.82,6.02,739500,5.338948
2010-11-15,6.29,6.40,6.29,6.35,83200,5.631615
2010-11-12,6.40,6.40,6.11,6.21,50100,5.507453
2010-11-11,6.50,6.51,6.41,6.41,91900,5.684827
2010-11-10,6.40,6.50,6.35,6.44,25300,5.711433
2010-11-09,6.49,6.50,6.35,6.38,38600,5.658221
2010-11-08,6.50,6.50,6.31,6.36,29300,5.640484
2010-11-05,6.63,6.63,6.39,6.55,639700,5.808989
2010-11-04,6.47,6.75,6.45,6.64,101000,5.888807
2010-11-03,6.18,6.40,6.10,6.40,196100,5.675958
2010-11-02,5.89,6.08,5.80,6.08,27700,5.39216
2010-11-01,5.75,5.88,5.68,5.80,33400,5.143837
2010-10-29,5.70,5.74,5.70,5.73,69300,5.081756
2010-10-28,5.55,5.70,5.55,5.68,227100,5.037413
2010-10-27,5.50,5.59,5.45,5.55,167200,4.92212
2010-10-26,5.61,5.61,5.41,5.41,19600,4.797958
2010-10-25,5.49,5.52,5.44,5.44,66400,4.824565
2010-10-22,5.59,5.60,5.38,5.38,5800,4.771353
2010-10-21,5.38,5.50,5.35,5.50,52200,4.877777
2010-10-20,5.61,5.70,5.37,5.37,158100,4.762484
2010-10-19,5.50,5.78,5.40,5.59,44500,4.957595
2010-10-18,5.85,5.85,5.48,5.70,24900,5.05515
2010-10-15,5.99,6.00,5.77,5.82,23300,5.161575
2010-10-14,5.60,5.95,5.60,5.93,56500,5.25913
2010-10-13,5.52,5.60,5.45,5.60,35100,4.966463
2010-10-12,5.45,5.52,5.40,5.52,54400,4.895514
2010-10-08,5.50,5.54,5.50,5.53,10500,4.904383
2010-10-07,5.60,5.60,5.48,5.48,15600,4.860039
2010-10-06,5.80,5.80,5.62,5.65,7000,5.010807
2010-10-05,5.50,5.83,5.50,5.71,28600,5.064019
2010-10-04,5.65,5.70,5.33,5.48,23400,4.860039
2010-10-01,5.64,5.88,5.58,5.63,264900,4.99307
2010-09-30,5.50,5.70,5.48,5.63,98700,4.99307
2010-09-29,5.12,5.55,5.12,5.40,575700,4.78909
2010-09-28,5.00,5.12,4.99,5.11,310200,4.531898
2010-09-27,5.05,5.06,4.83,5.00,119600,4.434342
2010-09-24,5.00,5.05,4.97,5.00,63500,4.434342
2010-09-23,4.80,4.97,4.80,4.97,38100,4.407736
2010-09-22,4.92,4.92,4.75,4.80,46600,4.256969
2010-09-21,4.98,5.00,4.75,4.97,107400,4.407736
2010-09-20,5.05,5.05,4.90,4.97,180900,4.407736
2010-09-17,5.15,5.16,4.95,5.03,172700,4.460949
2010-09-16,5.23,5.23,5.04,5.10,220900,4.523029
2010-09-15,5.13,5.25,5.10,5.25,29900,4.65606
2010-09-14,5.37,5.37,5.24,5.29,33300,4.691534
2010-09-13,5.30,5.33,5.20,5.30,74100,4.700403
2010-09-10,5.11,5.29,5.11,5.25,46400,4.65606
2010-09-09,5.10,5.10,5.10,5.10,500,4.523029
2010-09-08,5.29,5.29,5.00,5.10,100100,4.523029
2010-09-07,5.34,5.34,5.08,5.09,11300,4.514161
2010-09-03,4.97,5.47,4.97,5.25,221000,4.65606
2010-09-02,4.79,5.15,4.71,4.95,204900,4.389999
2010-09-01,4.71,4.73,4.50,4.69,529000,4.159413
2010-08-31,4.67,4.73,4.50,4.66,956600,4.132807
2010-08-30,4.61,4.74,4.56,4.67,41500,4.141676
2010-08-27,4.75,4.76,4.65,4.68,129800,4.150544
2010-08-26,4.85,5.05,4.70,4.74,399500,4.203756
2010-08-25,4.85,4.85,4.60,4.80,87000,4.256969
2010-08-24,4.85,4.95,4.71,4.75,126400,4.212625
2010-08-23,4.94,5.00,4.90,4.91,117300,4.354524
2010-08-20,5.02,5.02,4.82,4.85,121100,4.301312
2010-08-19,5.10,5.12,5.01,5.04,32900,4.469817
2010-08-18,5.44,5.44,5.00,5.07,213600,4.496423
2010-08-17,5.30,5.36,5.16,5.36,181100,4.753615
2010-08-16,5.20,5.30,5.14,5.25,261900,4.65606
2010-08-13,5.45,5.45,5.05,5.20,94800,4.611716
2010-08-12,5.60,5.60,5.31,5.43,17400,4.815696
2010-08-11,5.70,5.75,5.55,5.65,297100,5.010807
2010-08-10,5.75,5.75,5.70,5.70,26500,5.05515
2010-08-09,5.78,5.89,5.75,5.79,5100,5.134968
2010-08-06,5.82,5.85,5.78,5.78,7800,5.1261
2010-08-05,5.81,5.88,5.75,5.84,9300,5.179312
2010-08-04,5.89,5.92,5.81,5.90,9100,5.232524
2010-08-03,5.80,6.00,5.80,5.82,12800,5.161575
2010-07-30,5.60,5.89,5.60,5.71,238500,5.064019
2010-07-29,5.50,5.50,5.48,5.50,309200,4.877777
2010-07-28,5.60,5.60,5.26,5.45,22100,4.833433
2010-07-27,5.70,5.70,5.53,5.61,11900,4.975332
2010-07-26,5.66,5.69,5.54,5.69,30800,5.046282
2010-07-23,5.75,5.75,5.61,5.62,19600,4.984201
2010-07-22,5.75,5.89,5.75,5.75,54200,5.099494
2010-07-21,5.96,5.96,5.75,5.75,2800,5.099494
2010-07-20,6.00,6.03,5.93,5.95,45500,5.276867
2010-07-19,6.14,6.14,6.00,6.04,59400,5.356686
2010-07-16,6.10,6.15,6.04,6.15,6500,5.454241
2010-07-15,6.15,6.20,6.09,6.15,6700,5.454241
2010-07-14,6.15,6.28,6.06,6.14,126500,5.445372
2010-07-13,6.15,6.25,6.08,6.25,19700,5.542928
2010-07-12,6.11,6.14,6.06,6.11,11900,5.418767
2010-07-09,6.16,6.25,6.10,6.12,7100,5.427635
2010-07-08,6.15,6.28,6.15,6.18,6900,5.480847
2010-07-07,6.05,6.09,6.02,6.06,101900,5.374423
2010-07-06,6.18,6.19,6.03,6.03,15000,5.347817
2010-07-05,6.25,6.25,6.05,6.14,13300,5.445372
2010-07-02,6.58,6.58,6.09,6.20,49800,5.498584
2010-06-30,6.56,6.59,6.52,6.53,8500,5.791251
2010-06-29,6.75,6.75,6.55,6.60,20100,5.853332
2010-06-28,6.71,6.75,6.69,6.74,9700,5.977493
2010-06-25,6.63,6.80,6.62,6.65,39300,5.897675
2010-06-24,6.65,6.65,6.58,6.58,80600,5.835595
2010-06-23,6.70,6.70,6.55,6.55,54300,5.808989
2010-06-22,6.83,6.83,6.70,6.71,10500,5.950888
2010-06-21,6.89,6.89,6.85,6.85,34500,6.075049
2010-06-18,6.90,6.93,6.90,6.90,2500,6.119393
2010-06-17,6.90,6.95,6.90,6.90,44700,6.119393
2010-06-16,7.00,7.00,6.78,6.79,156300,6.021837
2010-06-15,6.95,7.00,6.90,7.00,26700,6.208079
2010-06-14,7.00,7.00,6.88,6.95,97800,6.163736
2010-06-11,6.95,7.01,6.84,6.94,41500,6.154867
2010-06-10,7.00,7.00,6.85,6.95,9800,6.163736
2010-06-09,6.68,6.95,6.60,6.85,84100,6.075049
2010-06-08,6.65,6.80,6.60,6.68,100800,5.924281
2010-06-07,6.75,6.95,6.65,6.72,72200,5.959756
2010-06-04,6.93,6.93,6.75,6.85,42900,6.075049
2010-06-03,7.16,7.16,6.95,7.05,75600,6.252423
2010-06-02,7.00,7.20,6.97,7.16,156900,6.349978
2010-06-01,7.09,7.10,6.94,6.98,16200,6.190342
2010-05-31,7.16,7.28,7.12,7.12,9000,6.314503
2010-05-28,7.33,7.47,7.30,7.35,93700,6.518483
2010-05-27,7.15,7.30,7.00,7.30,371900,6.47414
2010-05-26,6.70,7.14,6.70,6.86,375400,6.083918
2010-05-25,6.90,6.90,6.52,6.67,14500,5.915413
2010-05-21,6.50,7.00,6.50,6.90,26400,6.119393
2010-05-20,6.95,6.95,6.58,6.60,36500,5.853332
2010-05-19,7.11,7.20,6.72,7.19,34000,6.376584
2010-05-18,7.50,7.51,7.10,7.40,47900,6.562827
2010-05-17,7.95,7.95,6.85,7.49,73800,6.642645
2010-05-14,7.85,7.86,7.75,7.76,13700,6.8821
2010-05-13,7.94,7.98,7.83,7.94,17100,7.041736
2010-05-12,7.66,8.00,7.66,7.96,11000,7.059473
2010-05-11,7.67,7.75,7.58,7.75,19700,6.873231
2010-05-10,7.59,7.69,7.36,7.55,28400,6.695857
2010-05-07,7.35,7.35,6.47,7.20,74700,6.385453
2010-05-06,7.51,7.69,7.00,7.35,145000,6.518483
2010-05-05,7.90,7.90,7.56,7.56,180200,6.704726
2010-05-04,8.10,8.10,7.90,7.95,329500,7.050604
2010-05-03,8.31,8.31,8.01,8.13,192700,7.210241
2010-04-30,8.40,8.44,8.35,8.35,32700,7.405352
2010-04-29,8.45,8.63,8.36,8.45,78400,7.494038
2010-04-28,8.50,8.55,8.26,8.35,33100,7.405352
2010-04-27,8.51,8.57,8.45,8.47,141200,7.511776
2010-04-26,8.66,8.67,8.37,8.59,45800,7.6182
2010-04-23,8.50,8.63,8.50,8.63,31000,7.653675
2010-04-22,8.53,8.61,8.53,8.53,47500,7.564988
2010-04-21,8.65,8.69,8.50,8.56,33600,7.591595
2010-04-20,8.68,8.94,8.63,8.65,114800,7.671412
2010-04-19,8.62,8.64,8.40,8.64,46500,7.662544
2010-04-16,9.00,9.00,8.65,8.70,172200,7.715756
2010-04-15,9.06,9.06,8.90,9.00,80800,7.981816
2010-04-14,8.85,9.03,8.80,9.03,67900,8.008422
2010-04-13,9.20,9.25,8.86,8.92,72300,7.910867
2010-04-12,9.25,9.25,9.16,9.16,35200,8.123715
2010-04-09,9.05,9.38,9.05,9.20,44000,8.15919
2010-04-08,8.90,9.10,8.80,9.00,52100,7.981816
2010-04-07,9.14,9.14,8.87,8.99,206100,7.972947
2010-04-06,9.00,9.10,8.95,9.09,86400,8.061635
2010-04-05,8.95,9.31,8.92,9.20,101900,8.15919
2010-04-01,8.75,8.95,8.75,8.95,129400,7.937473
2010-03-31,8.40,8.75,8.40,8.68,176400,7.698019
2010-03-30,8.43,8.44,8.24,8.38,90000,7.431958
2010-03-29,8.15,8.44,8.05,8.30,195800,7.361009
2010-03-26,8.00,8.43,8.00,8.03,132300,7.121554
2010-03-25,8.00,8.10,7.98,8.00,24800,7.094948
2010-03-24,7.94,8.08,7.60,8.00,167500,7.094948
2010-03-23,8.00,8.04,7.90,7.97,42600,7.068342
2010-03-22,7.99,8.24,7.70,8.00,137700,7.094948
2010-03-19,8.20,8.20,7.95,8.05,113500,7.139291
2010-03-18,8.40,8.40,8.15,8.23,206700,7.298927
2010-03-17,7.94,8.40,7.94,8.35,502300,7.405352
2010-03-16,7.70,8.03,7.70,7.85,247400,6.961917
2010-03-15,7.75,7.81,7.65,7.72,69800,6.846624
2010-03-12,7.77,7.89,7.77,7.77,43500,6.890968
2010-03-11,7.95,7.95,7.65,7.89,106800,6.997392
2010-03-10,7.48,7.99,7.48,7.95,200400,7.050604
2010-03-09,7.20,7.52,7.15,7.47,172900,6.624907
2010-03-08,7.12,7.34,7.12,7.21,33000,6.394322
2010-03-05,7.06,7.24,7.00,7.08,242700,6.279029
2010-03-04,7.00,7.05,6.99,7.01,152800,6.216948
2010-03-03,6.99,7.00,6.94,7.00,164700,6.208079
2010-03-02,6.92,7.00,6.90,7.00,51600,6.208079
2010-03-01,7.00,7.09,6.99,7.05,113100,6.252423
2010-02-26,6.79,6.99,6.75,6.75,43200,5.986362
2010-02-25,6.79,6.79,6.75,6.79,4900,6.021837
2010-02-24,6.70,6.90,6.70,6.90,215900,6.119393
2010-02-23,6.83,6.83,6.60,6.65,288600,5.897675
2010-02-22,6.75,6.83,6.60,6.75,36000,5.986362
2010-02-19,6.70,6.85,6.70,6.80,24800,6.030706
2010-02-18,6.79,6.79,6.70,6.70,46400,5.942019
2010-02-17,6.75,6.75,6.70,6.73,6100,5.968625
2010-02-16,6.74,6.79,6.70,6.75,83300,5.986362
2010-02-12,6.71,6.71,6.66,6.70,26400,5.942019
2010-02-11,6.69,6.79,6.68,6.74,61500,5.977493
2010-02-10,6.80,6.90,6.50,6.70,109100,5.942019
2010-02-09,6.50,6.87,6.50,6.80,338400,6.030706
2010-02-08,6.42,6.50,6.42,6.50,175200,5.764645
2010-02-05,6.45,6.50,6.40,6.46,46700,5.72917
2010-02-04,6.60,6.61,6.41,6.41,124100,5.684827
2010-02-03,6.70,6.74,6.60,6.61,33600,5.862201
2010-02-02,6.55,6.64,6.50,6.64,156600,5.888807
2010-02-01,6.42,6.50,6.42,6.50,46900,5.764645
2010-01-29,6.40,6.49,6.40,6.44,108700,5.711433
2010-01-28,6.40,6.40,6.20,6.30,51800,5.587272
2010-01-27,6.60,6.60,6.27,6.35,55000,5.631615
2010-01-26,6.56,6.60,6.42,6.50,90500,5.764645
2010-01-25,6.50,6.70,6.45,6.64,213000,5.888807
2010-01-22,6.35,6.50,6.30,6.50,68700,5.764645
2010-01-21,6.67,6.67,6.40,6.40,105200,5.675958
2010-01-20,6.80,6.80,6.62,6.62,266900,5.871069
2010-01-19,6.85,6.89,6.75,6.80,59200,6.030706
2010-01-18,6.90,6.90,6.78,6.85,85700,6.075049
2010-01-15,6.85,6.85,6.73,6.75,124200,5.986362
2010-01-14,6.75,6.85,6.65,6.84,240700,6.066181
2010-01-13,6.50,7.10,6.50,6.74,720800,5.977493
2010-01-12,6.08,6.49,6.07,6.48,287900,5.746908
2010-01-11,6.35,6.35,6.06,6.09,27800,5.401029
2010-01-08,6.49,6.49,6.21,6.29,94700,5.578403
2010-01-07,6.32,6.50,6.30,6.50,42300,5.764645
2010-01-06,6.75,6.75,6.20,6.40,228700,5.675958
2010-01-05,6.85,6.85,6.35,6.75,147800,5.986362
2010-01-04,6.95,6.95,6.50,6.85,32600,6.075049
2009-12-31,7.00,7.00,6.90,6.95,7200,6.163736
2009-12-30,6.80,7.00,6.80,6.95,4300,6.163736
2009-12-29,6.80,6.80,6.80,6.80,600,6.030706
2009-12-24,5.81,7.00,5.81,6.70,48100,5.942019
