Date,Open,High,Low,Close,Volume,Adj_Close
2016-04-01,2.41,2.48,2.41,2.48,10100,2.48
2016-03-31,2.43,2.45,2.43,2.43,6000,2.43
2016-03-30,2.60,2.60,2.45,2.45,12700,2.45
2016-03-29,2.45,2.51,2.42,2.51,18400,2.51
2016-03-28,2.40,2.42,2.38,2.42,4400,2.42
2016-03-24,2.45,2.50,2.44,2.48,11600,2.48
2016-03-23,2.44,2.49,2.43,2.45,15300,2.45
2016-03-22,2.56,2.57,2.54,2.54,5300,2.54
2016-03-21,2.50,2.58,2.50,2.54,40700,2.54
2016-03-18,2.37,2.50,2.37,2.50,6800,2.50
2016-03-17,2.64,2.64,2.43,2.45,6300,2.45
2016-03-16,2.41,2.59,2.35,2.58,18900,2.58
2016-03-15,2.51,2.51,2.30,2.39,23400,2.39
2016-03-14,2.62,2.63,2.52,2.52,5500,2.52
2016-03-11,2.70,2.71,2.50,2.56,41400,2.56
2016-03-10,2.57,2.68,2.55,2.65,10000,2.65
2016-03-09,2.56,2.60,2.39,2.55,29600,2.55
2016-03-08,2.80,2.80,2.52,2.60,30600,2.60
2016-03-07,2.52,2.78,2.52,2.64,87600,2.64
2016-03-04,2.61,2.87,2.58,2.58,105000,2.58
2016-03-03,2.47,2.60,2.47,2.60,48500,2.60
2016-03-02,2.39,2.47,2.39,2.47,19900,2.47
2016-03-01,2.55,2.55,2.25,2.32,41100,2.32
2016-02-29,2.58,2.58,2.44,2.49,41400,2.49
2016-02-26,2.52,2.57,2.40,2.49,37800,2.49
2016-02-25,2.44,2.52,2.44,2.51,102700,2.51
2016-02-24,2.40,2.50,2.34,2.34,30400,2.34
2016-02-23,2.30,2.41,2.30,2.30,54600,2.30
2016-02-22,2.27,2.30,2.20,2.30,34200,2.30
2016-02-19,2.41,2.43,2.31,2.31,74300,2.31
2016-02-18,2.26,2.38,2.20,2.35,48400,2.35
2016-02-17,2.11,2.22,2.11,2.19,7200,2.19
2016-02-16,2.11,2.29,2.07,2.11,14100,2.11
2016-02-12,2.28,2.30,2.18,2.20,14900,2.20
2016-02-11,2.27,2.27,2.17,2.26,88800,2.26
2016-02-10,2.03,2.05,1.95,2.03,83100,2.03
2016-02-09,2.16,2.19,2.09,2.09,33400,2.09
2016-02-08,2.05,2.28,2.05,2.17,80900,2.17
2016-02-05,1.97,1.99,1.88,1.98,47000,1.98
2016-02-04,1.88,1.98,1.88,1.96,30400,1.96
2016-02-03,1.88,1.90,1.88,1.88,23200,1.88
2016-02-02,1.85,1.92,1.85,1.88,37900,1.88
2016-02-01,1.80,1.85,1.79,1.83,16500,1.83
2016-01-29,1.68,1.71,1.68,1.71,15800,1.703
2016-01-28,1.64,1.68,1.63,1.63,2000,1.623327
2016-01-27,1.68,1.70,1.64,1.66,31700,1.653205
2016-01-26,1.56,1.64,1.56,1.64,40400,1.633287
2016-01-25,1.53,1.57,1.53,1.56,14400,1.553614
2016-01-22,1.51,1.53,1.51,1.53,24200,1.523737
2016-01-21,1.47,1.49,1.47,1.49,7500,1.483901
2016-01-20,1.40,1.47,1.39,1.47,35400,1.463982
2016-01-19,1.48,1.48,1.44,1.46,31100,1.454023
2016-01-18,1.49,1.49,1.48,1.48,4600,1.473942
2016-01-15,1.49,1.52,1.49,1.52,2100,1.513778
2016-01-14,1.52,1.52,1.52,1.52,900,1.513778
2016-01-13,1.51,1.51,1.51,1.51,2000,1.503819
2016-01-12,1.52,1.52,1.46,1.46,2300,1.454023
2016-01-11,1.50,1.55,1.50,1.55,1100,1.543655
2016-01-08,1.60,1.60,1.60,1.60,400,1.59345
2016-01-07,1.67,1.67,1.66,1.66,7900,1.653205
2016-01-06,1.61,1.69,1.61,1.67,6700,1.663164
2016-01-05,1.52,1.59,1.52,1.59,14400,1.583491
2016-01-04,1.55,1.55,1.54,1.54,2900,1.533696
2015-12-31,1.52,1.52,1.45,1.45,2100,1.444064
2015-12-30,1.30,1.55,1.30,1.49,14700,1.483901
2015-12-29,1.51,1.65,1.51,1.57,29300,1.563573
2015-12-24,1.50,1.54,1.50,1.54,5600,1.533696
2015-12-23,1.44,1.47,1.42,1.47,8800,1.463982
2015-12-22,1.43,1.46,1.43,1.45,6600,1.444064
2015-12-21,1.37,1.45,1.36,1.44,9400,1.434105
2015-12-18,1.27,1.39,1.27,1.39,64900,1.38431
2015-12-17,1.29,1.33,1.29,1.29,34000,1.284719
2015-12-16,1.31,1.35,1.31,1.33,9300,1.324556
2015-12-15,1.33,1.33,1.29,1.29,101700,1.284719
2015-12-14,1.30,1.30,1.30,1.30,1500,1.294678
2015-12-11,1.21,1.30,1.21,1.30,4200,1.294678
2015-12-10,1.26,1.28,1.26,1.27,4900,1.264801
2015-12-09,1.20,1.24,1.20,1.24,33900,1.234924
2015-12-08,1.25,1.25,1.19,1.19,27200,1.185129
2015-12-07,1.29,1.29,1.23,1.23,2900,1.224965
2015-12-04,1.19,1.25,1.19,1.24,17600,1.234924
2015-12-03,1.16,1.20,1.15,1.19,20700,1.185129
2015-12-02,1.14,1.18,1.14,1.18,12000,1.17517
2015-12-01,1.18,1.20,1.15,1.20,5500,1.195088
2015-11-30,1.13,1.13,1.11,1.13,4300,1.125374
2015-11-27,1.12,1.15,1.12,1.15,2100,1.145292
2015-11-26,1.14,1.14,1.13,1.13,1700,1.125374
2015-11-25,1.15,1.15,1.15,1.15,3300,1.145292
2015-11-24,1.13,1.15,1.13,1.15,38200,1.145292
2015-11-23,1.08,1.11,1.08,1.11,11000,1.105456
2015-11-20,1.15,1.15,1.07,1.10,10100,1.095497
2015-11-19,1.07,1.14,1.07,1.14,68300,1.135333
2015-11-18,1.10,1.10,1.08,1.08,23000,1.075579
2015-11-17,1.12,1.12,1.12,1.12,1000,1.115415
2015-11-16,1.15,1.15,1.14,1.14,5900,1.135333
2015-11-13,1.08,1.15,1.08,1.15,2300,1.145292
2015-11-12,1.10,1.12,1.10,1.10,6500,1.095497
2015-11-11,1.07,1.07,1.06,1.06,2800,1.055661
2015-11-10,1.09,1.09,1.08,1.08,4700,1.075579
2015-11-09,1.07,1.10,1.07,1.10,3000,1.095497
2015-11-06,1.04,1.06,1.04,1.06,1100,1.055661
2015-11-05,1.11,1.12,1.08,1.08,7400,1.075579
2015-11-04,1.10,1.10,1.10,1.10,600,1.095497
2015-11-03,1.12,1.14,1.12,1.14,5600,1.135333
2015-11-02,1.16,1.16,1.12,1.12,6500,1.115415
2015-10-30,1.20,1.20,1.20,1.20,000,1.195088
2015-10-29,1.20,1.20,1.20,1.20,200,1.195088
2015-10-28,1.29,1.30,1.25,1.25,8200,1.244883
2015-10-27,1.23,1.23,1.23,1.23,400,1.224965
2015-10-26,1.25,1.25,1.25,1.25,3000,1.244883
2015-10-23,1.24,1.24,1.24,1.24,000,1.234924
2015-10-22,1.24,1.24,1.24,1.24,17800,1.234924
2015-10-21,1.23,1.23,1.23,1.23,000,1.224965
2015-10-20,1.30,1.30,1.30,1.30,000,1.294678
2015-10-19,1.31,1.31,1.30,1.30,1000,1.294678
2015-10-16,1.37,1.37,1.37,1.37,000,1.364392
2015-10-15,1.35,1.37,1.35,1.37,7500,1.364392
2015-10-14,1.30,1.31,1.30,1.31,12700,1.304637
2015-10-13,1.19,1.28,1.19,1.27,8400,1.264801
2015-10-09,1.28,1.30,1.26,1.26,3600,1.254842
2015-10-08,1.25,1.25,1.25,1.25,1600,1.244883
2015-10-07,1.17,1.22,1.17,1.22,5200,1.215006
2015-10-06,1.24,1.24,1.24,1.24,900,1.234924
2015-10-05,1.24,1.30,1.18,1.23,13400,1.224965
2015-10-02,1.20,1.23,1.20,1.23,12600,1.224965
2015-10-01,1.17,1.17,1.17,1.17,31100,1.16521
2015-09-30,1.14,1.16,1.14,1.15,6300,1.145292
2015-09-29,1.15,1.15,1.15,1.15,000,1.145292
2015-09-28,1.19,1.19,1.15,1.15,6100,1.145292
2015-09-25,1.25,1.25,1.25,1.25,000,1.244883
2015-09-24,1.25,1.25,1.25,1.25,11000,1.244883
2015-09-23,1.20,1.20,1.17,1.17,5600,1.16521
2015-09-22,1.24,1.24,1.24,1.24,000,1.234924
2015-09-21,1.25,1.25,1.24,1.24,300,1.234924
2015-09-18,1.22,1.25,1.22,1.24,18700,1.234924
2015-09-17,1.17,1.23,1.13,1.23,8900,1.224965
2015-09-16,1.15,1.20,1.15,1.20,6400,1.195088
2015-09-15,1.07,1.10,1.07,1.08,4700,1.075579
2015-09-14,1.05,1.11,1.02,1.11,1500,1.105456
2015-09-11,1.00,1.07,1.00,1.07,1600,1.06562
2015-09-10,1.06,1.06,1.06,1.06,1000,1.055661
2015-09-09,1.07,1.07,1.07,1.07,10000,1.06562
2015-09-08,1.10,1.10,1.08,1.08,1700,1.075579
2015-09-04,1.08,1.12,1.08,1.12,3600,1.115415
2015-09-03,1.08,1.12,1.08,1.12,1300,1.115415
2015-09-02,1.12,1.12,1.11,1.11,5100,1.105456
2015-09-01,1.19,1.20,1.13,1.16,5300,1.155251
2015-08-31,1.15,1.19,1.15,1.19,2400,1.185129
2015-08-28,1.00,1.11,1.00,1.11,8600,1.105456
2015-08-27,0.99,1.00,0.99,0.99,36300,0.985947
2015-08-26,1.01,1.01,0.98,0.98,6400,0.975988
2015-08-25,1.02,1.07,1.02,1.04,3800,1.035743
2015-08-24,1.10,1.14,1.03,1.09,32500,1.085538
2015-08-21,1.31,1.31,1.24,1.24,1900,1.234924
2015-08-20,1.30,1.33,1.29,1.30,15000,1.294678
2015-08-19,1.23,1.25,1.23,1.25,7000,1.244883
2015-08-18,1.19,1.19,1.19,1.19,6300,1.185129
2015-08-17,1.21,1.21,1.21,1.21,2300,1.205047
2015-08-14,1.19,1.19,1.19,1.19,4300,1.185129
2015-08-13,1.19,1.21,1.19,1.21,2800,1.205047
2015-08-12,1.09,1.18,1.09,1.18,21600,1.17517
2015-08-11,1.00,1.05,1.00,1.05,12600,1.045702
2015-08-10,0.98,1.02,0.98,1.02,66100,1.015825
2015-08-07,0.93,0.98,0.93,0.98,2600,0.975988
2015-08-06,0.96,0.96,0.96,0.96,3500,0.95607
2015-08-05,0.96,0.96,0.96,0.96,000,0.95607
2015-08-04,0.88,0.96,0.88,0.96,3100,0.95607
2015-07-31,0.95,0.96,0.92,0.96,8600,0.95607
2015-07-30,0.90,0.90,0.90,0.90,1900,0.896316
2015-07-29,0.94,0.96,0.94,0.96,7800,0.95607
2015-07-28,0.98,1.00,0.98,1.00,1600,0.989931
2015-07-27,0.98,1.09,0.98,1.01,14100,0.99983
2015-07-24,0.87,0.96,0.84,0.96,75600,0.950334
2015-07-23,0.87,0.87,0.87,0.87,1000,0.86124
2015-07-22,0.93,0.93,0.93,0.93,5000,0.920636
2015-07-21,0.93,0.94,0.92,0.92,17000,0.910737
2015-07-20,0.94,0.97,0.91,0.91,17900,0.900837
2015-07-17,1.02,1.02,0.97,0.97,19300,0.960233
2015-07-16,1.03,1.05,1.03,1.05,600,1.039427
2015-07-15,0.96,1.03,0.96,1.02,32800,1.00973
2015-07-14,1.00,1.00,1.00,1.00,22100,0.989931
2015-07-13,0.99,0.99,0.92,0.97,30300,0.960233
2015-07-10,1.01,1.01,0.99,0.99,11900,0.980032
2015-07-09,1.03,1.07,1.03,1.06,5400,1.049327
2015-07-08,1.10,1.10,1.04,1.04,8100,1.029528
2015-07-07,1.19,1.19,1.19,1.19,100,1.178018
2015-07-06,1.17,1.17,1.17,1.17,200,1.158219
2015-07-03,1.18,1.18,1.18,1.18,000,1.168119
2015-07-02,1.08,1.18,1.08,1.18,3600,1.168119
2015-06-30,1.14,1.17,1.14,1.17,500,1.158219
2015-06-29,1.15,1.19,1.15,1.16,7800,1.14832
2015-06-26,1.16,1.16,1.16,1.16,3200,1.14832
2015-06-25,1.16,1.16,1.16,1.16,9000,1.14832
2015-06-24,1.18,1.18,1.15,1.15,6200,1.138421
2015-06-23,1.15,1.18,1.15,1.18,1900,1.168119
2015-06-22,1.18,1.18,1.18,1.18,000,1.168119
2015-06-19,1.19,1.19,1.17,1.18,8500,1.168119
2015-06-18,1.19,1.22,1.19,1.22,2600,1.207716
2015-06-17,1.16,1.17,1.16,1.16,24200,1.14832
2015-06-16,1.16,1.16,1.16,1.16,7300,1.14832
2015-06-15,1.16,1.16,1.16,1.16,500,1.14832
2015-06-12,1.17,1.17,1.17,1.17,500,1.158219
2015-06-11,1.16,1.19,1.15,1.19,7200,1.178018
2015-06-10,1.16,1.16,1.16,1.16,400,1.14832
2015-06-09,1.11,1.18,1.11,1.18,2600,1.168119
2015-06-08,1.17,1.17,1.17,1.17,10700,1.158219
2015-06-05,1.18,1.18,1.18,1.18,2400,1.168119
2015-06-04,1.24,1.24,1.24,1.24,000,1.227514
2015-06-03,1.24,1.24,1.24,1.24,800,1.227514
2015-06-02,1.20,1.20,1.18,1.20,6500,1.187917
2015-06-01,1.22,1.24,1.21,1.21,16800,1.197817
2015-05-29,1.19,1.20,1.19,1.19,7500,1.178018
2015-05-28,1.19,1.19,1.19,1.19,3000,1.178018
2015-05-27,1.20,1.20,1.20,1.20,1200,1.187917
2015-05-26,1.24,1.24,1.21,1.21,8600,1.197817
2015-05-25,1.21,1.22,1.21,1.22,33200,1.207716
2015-05-22,1.25,1.25,1.25,1.25,34400,1.237414
2015-05-21,1.25,1.25,1.23,1.23,1600,1.217615
2015-05-20,1.27,1.27,1.24,1.27,25700,1.257212
2015-05-19,1.31,1.31,1.27,1.27,3500,1.257212
2015-05-18,1.31,1.31,1.31,1.31,000,1.29681
2015-05-15,1.29,1.31,1.29,1.31,4400,1.29681
2015-05-14,1.33,1.33,1.29,1.29,6200,1.277011
2015-05-13,1.30,1.36,1.30,1.35,11800,1.336407
2015-05-12,1.20,1.29,1.20,1.29,5200,1.277011
2015-05-11,1.17,1.21,1.17,1.21,1900,1.197817
2015-05-08,1.17,1.17,1.17,1.17,1100,1.158219
2015-05-07,1.18,1.18,1.17,1.17,2300,1.158219
2015-05-06,1.16,1.16,1.15,1.16,15300,1.14832
2015-05-05,1.18,1.18,1.18,1.18,1400,1.168119
2015-05-04,1.17,1.18,1.17,1.18,18300,1.168119
2015-05-01,1.16,1.16,1.16,1.16,000,1.14832
2015-04-30,1.18,1.18,1.16,1.16,5400,1.14832
2015-04-29,1.21,1.21,1.20,1.20,6000,1.187917
2015-04-28,1.20,1.21,1.20,1.20,38800,1.187917
2015-04-27,1.15,1.19,1.15,1.18,67400,1.168119
2015-04-24,1.16,1.16,1.15,1.15,3300,1.138421
2015-04-23,1.16,1.16,1.16,1.16,000,1.14832
2015-04-22,1.16,1.16,1.14,1.16,5100,1.14832
2015-04-21,1.20,1.20,1.20,1.20,1000,1.187917
2015-04-20,1.19,1.22,1.16,1.22,4400,1.207716
2015-04-17,1.24,1.25,1.19,1.19,9400,1.178018
2015-04-16,1.23,1.24,1.23,1.24,11800,1.227514
2015-04-15,1.21,1.27,1.21,1.27,10600,1.257212
2015-04-14,1.21,1.21,1.21,1.21,1800,1.197817
2015-04-13,1.25,1.25,1.20,1.20,2900,1.187917
2015-04-10,1.26,1.26,1.23,1.23,10400,1.217615
2015-04-09,1.25,1.25,1.24,1.24,3600,1.227514
2015-04-08,1.29,1.29,1.25,1.26,10900,1.247313
2015-04-07,1.35,1.35,1.35,1.35,3400,1.336407
2015-04-06,1.34,1.34,1.34,1.34,3700,1.326508
2015-04-02,1.36,1.36,1.31,1.31,8500,1.29681
2015-04-01,1.29,1.35,1.29,1.35,18900,1.336407
2015-03-31,1.26,1.26,1.26,1.26,6800,1.247313
2015-03-30,1.26,1.26,1.26,1.26,500,1.247313
2015-03-27,1.28,1.28,1.28,1.28,200,1.267112
2015-03-26,1.39,1.39,1.33,1.33,3300,1.316608
2015-03-25,1.37,1.37,1.31,1.31,14000,1.29681
2015-03-24,1.36,1.36,1.36,1.36,1700,1.346306
2015-03-23,1.34,1.34,1.34,1.34,800,1.326508
2015-03-20,1.32,1.35,1.31,1.31,6400,1.29681
2015-03-19,1.29,1.31,1.28,1.31,79900,1.29681
2015-03-18,1.28,1.30,1.28,1.29,51600,1.277011
2015-03-17,1.25,1.25,1.21,1.22,9000,1.207716
2015-03-16,1.21,1.28,1.21,1.28,2300,1.267112
2015-03-13,1.21,1.21,1.20,1.21,1100,1.197817
2015-03-12,1.26,1.26,1.23,1.23,1300,1.217615
2015-03-11,1.16,1.28,1.15,1.28,3200,1.267112
2015-03-10,1.24,1.24,1.14,1.15,5600,1.138421
2015-03-09,1.27,1.27,1.22,1.24,21100,1.227514
2015-03-06,1.30,1.30,1.26,1.27,8400,1.257212
2015-03-05,1.30,1.30,1.30,1.30,500,1.28691
2015-03-04,1.35,1.35,1.30,1.30,2600,1.28691
2015-03-03,1.30,1.36,1.30,1.36,17300,1.346306
2015-03-02,1.35,1.35,1.34,1.34,1300,1.326508
2015-02-27,1.31,1.38,1.31,1.36,5700,1.346306
2015-02-26,1.32,1.32,1.31,1.31,1300,1.29681
2015-02-25,1.34,1.34,1.32,1.32,1800,1.306709
2015-02-24,1.29,1.35,1.29,1.30,11700,1.28691
2015-02-23,1.29,1.32,1.29,1.30,2900,1.28691
2015-02-20,1.31,1.43,1.30,1.30,14200,1.28691
2015-02-19,1.38,1.38,1.33,1.33,130600,1.316608
2015-02-18,1.38,1.40,1.31,1.35,9100,1.336407
2015-02-17,1.30,1.39,1.28,1.36,18600,1.346306
2015-02-13,1.30,1.30,1.30,1.30,200,1.28691
2015-02-12,1.34,1.45,1.25,1.28,7900,1.267112
2015-02-11,1.29,1.30,1.28,1.29,6300,1.277011
2015-02-10,1.30,1.30,1.29,1.29,7000,1.277011
2015-02-09,1.41,1.41,1.41,1.41,000,1.395803
2015-02-06,1.41,1.41,1.41,1.41,6100,1.395803
2015-02-05,1.47,1.47,1.43,1.43,8100,1.415601
2015-02-04,1.51,1.51,1.46,1.46,16400,1.445299
2015-02-03,1.51,1.51,1.47,1.47,5900,1.455199
2015-02-02,1.55,1.55,1.51,1.52,53200,1.504695
2015-01-30,1.52,1.57,1.52,1.57,2100,1.554192
2015-01-29,1.48,1.48,1.43,1.43,5000,1.415601
2015-01-28,1.61,1.61,1.53,1.53,3900,1.514594
2015-01-27,1.64,1.66,1.64,1.66,1800,1.643285
2015-01-26,1.50,1.53,1.48,1.53,11300,1.514594
2015-01-23,1.63,1.63,1.54,1.54,2000,1.524494
2015-01-22,1.63,1.70,1.63,1.63,4300,1.613588
2015-01-21,1.61,1.64,1.61,1.63,7000,1.613588
2015-01-20,1.58,1.70,1.58,1.60,7200,1.58389
2015-01-19,1.65,1.65,1.54,1.56,6200,1.544292
2015-01-16,1.58,1.58,1.56,1.56,5500,1.544292
2015-01-15,1.38,1.54,1.38,1.48,52300,1.465098
2015-01-14,1.40,1.40,1.29,1.29,3800,1.277011
2015-01-13,1.40,1.40,1.40,1.40,6500,1.385903
2015-01-12,1.37,1.38,1.37,1.37,4800,1.356205
2015-01-09,1.39,1.40,1.39,1.40,2100,1.385903
2015-01-08,1.40,1.40,1.30,1.30,6600,1.28691
2015-01-07,1.46,1.48,1.40,1.40,9600,1.385903
2015-01-06,1.41,1.51,1.41,1.48,17500,1.465098
2015-01-05,1.36,1.37,1.34,1.37,26500,1.356205
2015-01-02,1.29,1.31,1.29,1.31,4600,1.29681
2014-12-31,1.30,1.31,1.29,1.30,15400,1.28691
2014-12-30,1.26,1.36,1.26,1.31,61300,1.29681
2014-12-29,1.17,1.27,1.17,1.22,39900,1.207716
2014-12-24,1.13,1.16,1.13,1.16,16000,1.14832
2014-12-23,1.17,1.20,1.13,1.13,6900,1.118622
2014-12-22,1.20,1.20,1.07,1.09,30400,1.079025
2014-12-19,1.17,1.20,1.11,1.11,11400,1.098823
2014-12-18,1.15,1.17,1.12,1.17,8600,1.158219
2014-12-17,1.06,1.10,1.05,1.06,18400,1.049327
2014-12-16,1.13,1.18,1.06,1.06,25200,1.049327
2014-12-15,1.27,1.27,1.14,1.15,24300,1.138421
2014-12-12,1.49,1.49,1.25,1.25,5800,1.237414
2014-12-11,1.32,1.37,1.31,1.31,20800,1.29681
2014-12-10,1.40,1.40,1.35,1.35,3500,1.336407
2014-12-09,1.49,1.54,1.40,1.40,63700,1.385903
2014-12-08,1.46,1.46,1.31,1.41,11500,1.395803
2014-12-05,1.42,1.42,1.38,1.42,9300,1.405702
2014-12-04,1.52,1.52,1.44,1.44,24000,1.425501
2014-12-03,1.56,1.60,1.56,1.60,24700,1.58389
2014-12-02,1.60,1.65,1.52,1.52,6700,1.504695
2014-12-01,1.45,1.72,1.45,1.68,50400,1.663084
2014-11-28,1.52,1.52,1.52,1.52,3000,1.504695
2014-11-27,1.61,1.61,1.61,1.61,000,1.593789
2014-11-26,1.62,1.62,1.59,1.61,14500,1.593789
2014-11-25,1.70,1.72,1.62,1.62,36500,1.603688
2014-11-24,1.61,1.71,1.61,1.67,10600,1.653185
2014-11-21,1.87,1.87,1.66,1.66,36200,1.643285
2014-11-20,1.74,1.74,1.69,1.73,8200,1.712581
2014-11-19,1.87,1.87,1.70,1.70,31100,1.682883
2014-11-18,1.64,1.89,1.62,1.83,32300,1.811574
2014-11-17,1.50,1.59,1.47,1.54,27800,1.524494
2014-11-14,1.42,1.56,1.39,1.48,28800,1.465098
2014-11-13,1.54,1.54,1.43,1.43,4200,1.415601
2014-11-12,1.51,1.58,1.48,1.48,11800,1.465098
2014-11-10,1.62,1.62,1.37,1.37,9100,1.356205
2014-11-07,1.45,1.57,1.45,1.57,32400,1.554192
2014-11-06,1.40,1.47,1.40,1.45,67000,1.4354
2014-11-05,1.36,1.41,1.31,1.31,54100,1.29681
2014-11-04,1.51,1.54,1.42,1.42,5700,1.405702
2014-11-03,1.42,1.52,1.40,1.52,17300,1.504695
2014-10-31,1.33,1.45,1.33,1.41,14900,1.395803
2014-10-30,1.57,1.57,1.48,1.49,26300,1.474997
2014-10-29,1.66,1.70,1.61,1.61,9800,1.593789
2014-10-28,1.72,1.72,1.68,1.70,34800,1.682883
2014-10-27,1.77,1.77,1.72,1.72,3500,1.702681
2014-10-24,1.81,1.81,1.73,1.77,44500,1.752178
2014-10-23,1.86,1.86,1.73,1.76,29500,1.742279
2014-10-22,1.93,1.93,1.78,1.78,11600,1.762077
2014-10-21,2.05,2.05,1.90,1.92,19600,1.900667
2014-10-20,2.02,2.02,1.96,1.96,14400,1.940265
2014-10-17,2.01,2.01,1.99,2.00,32000,1.979862
2014-10-16,2.06,2.06,2.01,2.01,17200,1.989761
2014-10-15,2.05,2.05,1.95,1.99,19300,1.969963
2014-10-14,1.95,2.05,1.95,2.05,11700,2.029358
2014-10-10,2.02,2.04,1.93,1.93,16000,1.910567
2014-10-09,2.06,2.06,1.99,1.99,6800,1.969963
2014-10-08,1.95,2.10,1.86,2.08,67000,2.059056
2014-10-07,2.06,2.06,1.91,1.91,14900,1.890768
2014-10-06,2.00,2.06,1.99,2.03,14800,2.00956
2014-10-03,2.10,2.10,2.00,2.00,36600,1.979862
2014-10-02,2.18,2.18,2.10,2.17,87800,2.14815
2014-10-01,2.16,2.24,2.12,2.12,86300,2.098654
2014-09-30,2.16,2.25,2.15,2.21,20700,2.187748
2014-09-29,2.40,2.40,2.25,2.25,27600,2.227345
2014-09-26,2.41,2.41,2.31,2.34,107700,2.316438
2014-09-25,2.30,2.39,2.30,2.36,105100,2.336237
2014-09-24,2.36,2.36,2.30,2.30,65400,2.276841
2014-09-23,2.37,2.50,2.37,2.44,152400,2.415432
2014-09-22,2.39,2.39,2.29,2.32,36600,2.29664
2014-09-19,2.59,2.61,2.44,2.44,48800,2.415432
2014-09-18,2.51,2.61,2.50,2.61,6400,2.58372
2014-09-17,2.66,2.66,2.61,2.61,6400,2.58372
2014-09-16,2.61,2.70,2.53,2.68,19200,2.653015
2014-09-15,2.64,2.64,2.64,2.64,3500,2.613418
2014-09-12,2.64,2.75,2.64,2.75,5700,2.72231
2014-09-11,2.64,2.77,2.62,2.77,7100,2.742109
2014-09-10,2.70,2.70,2.61,2.63,8800,2.603519
2014-09-09,2.54,2.64,2.52,2.64,11500,2.613418
2014-09-08,2.59,2.67,2.58,2.60,10300,2.57382
2014-09-05,2.68,2.71,2.60,2.71,4800,2.682713
2014-09-04,2.86,2.86,2.66,2.66,8800,2.633217
2014-09-03,2.91,2.91,2.88,2.88,1600,2.851001
2014-09-02,2.92,2.95,2.90,2.95,16400,2.920296
2014-08-29,3.04,3.04,2.96,2.98,900,2.949994
2014-08-28,2.92,3.00,2.92,2.98,39500,2.949994
2014-08-27,2.92,2.92,2.92,2.92,800,2.890599
2014-08-26,2.94,2.94,2.89,2.93,5300,2.900498
2014-08-25,2.95,2.95,2.91,2.92,4300,2.890599
2014-08-22,3.01,3.01,2.96,2.96,42300,2.930196
2014-08-21,2.98,3.04,2.98,3.02,13800,2.989592
2014-08-20,3.04,3.04,3.00,3.00,21000,2.969793
2014-08-19,3.08,3.09,3.05,3.05,15500,3.019289
2014-08-18,3.15,3.15,2.93,3.08,6600,3.048987
2014-08-15,3.10,3.18,3.05,3.18,14500,3.147981
2014-08-14,3.14,3.20,3.13,3.15,21300,3.118283
2014-08-13,3.12,3.14,3.12,3.12,24200,3.088585
2014-08-12,3.17,3.19,3.09,3.09,5100,3.058887
2014-08-11,3.07,3.15,3.07,3.13,22000,3.098484
2014-08-08,3.06,3.12,3.03,3.03,1900,2.999491
2014-08-07,3.14,3.16,3.09,3.12,6900,3.088585
2014-08-06,3.08,3.18,3.08,3.18,5300,3.147981
2014-08-05,2.78,3.05,2.78,3.05,13600,3.019289
2014-08-01,3.14,3.15,3.10,3.14,11900,3.108383
2014-07-31,3.10,3.10,3.05,3.10,25800,3.068786
2014-07-30,3.13,3.18,3.13,3.15,5700,3.118283
2014-07-29,3.12,3.16,3.12,3.16,1500,3.128182
2014-07-28,3.05,3.11,3.05,3.11,8900,3.078685
2014-07-25,2.97,3.01,2.96,3.01,30000,2.979692
2014-07-24,2.97,2.97,2.82,2.82,15900,2.791605
2014-07-23,3.08,3.15,3.01,3.01,11300,2.979692
2014-07-22,3.08,3.15,3.04,3.04,13000,3.00939
2014-07-21,3.13,3.18,3.10,3.18,1900,3.147981
2014-07-18,3.22,3.22,3.10,3.11,3200,3.078685
2014-07-17,3.05,3.21,3.05,3.21,19700,3.177679
2014-07-16,3.01,3.04,2.96,2.96,25100,2.930196
2014-07-15,3.16,3.16,3.04,3.04,2300,3.00939
2014-07-14,3.17,3.18,3.10,3.15,9100,3.118283
2014-07-11,3.14,3.27,3.13,3.27,10300,3.237074
2014-07-10,3.40,3.40,3.12,3.12,25900,3.088585
2014-07-09,3.12,3.32,3.10,3.31,55300,3.276672
2014-07-08,3.00,3.07,2.99,3.07,16900,3.039088
2014-07-07,2.96,3.05,2.96,3.05,4400,3.019289
2014-07-04,3.01,3.01,3.01,3.01,1800,2.979692
2014-07-03,2.92,3.03,2.92,2.98,24600,2.949994
2014-07-02,3.00,3.01,2.95,2.99,10300,2.959894
2014-06-30,2.85,3.04,2.83,3.04,9200,3.00939
2014-06-27,3.08,3.08,2.88,2.94,10500,2.910397
2014-06-26,3.00,3.06,3.00,3.04,7100,3.00939
2014-06-25,2.86,3.05,2.86,3.05,20600,3.019289
2014-06-24,3.06,3.07,2.90,2.90,14800,2.8708
2014-06-23,2.91,3.00,2.87,2.97,84800,2.940095
2014-06-20,3.24,3.24,2.96,2.96,17300,2.930196
2014-06-19,3.01,3.31,3.01,3.27,66100,3.237074
2014-06-18,2.80,2.97,2.80,2.97,16500,2.940095
2014-06-17,2.90,2.90,2.90,2.90,200,2.8708
2014-06-16,2.82,2.93,2.79,2.82,22800,2.791605
2014-06-13,2.93,2.93,2.79,2.83,11400,2.801505
2014-06-12,2.81,2.94,2.80,2.94,36700,2.910397
2014-06-11,2.63,2.79,2.63,2.79,22400,2.761907
2014-06-10,2.45,2.60,2.45,2.60,19200,2.57382
2014-06-09,2.46,2.49,2.46,2.47,40000,2.44513
2014-06-06,2.38,2.44,2.38,2.44,17500,2.415432
2014-06-05,2.38,2.38,2.37,2.38,13400,2.356036
2014-06-04,2.30,2.36,2.25,2.36,6800,2.336237
2014-06-03,2.28,2.31,2.28,2.31,9600,2.286741
2014-06-02,2.32,2.37,2.30,2.33,13800,2.306539
2014-05-30,2.28,2.28,2.25,2.26,1600,2.237244
2014-05-29,2.25,2.30,2.25,2.30,5300,2.276841
2014-05-28,2.17,2.24,2.17,2.24,19700,2.217445
2014-05-27,2.28,2.28,2.17,2.22,45800,2.197647
2014-05-26,2.34,2.38,2.34,2.37,2600,2.346136
2014-05-23,2.34,2.35,2.32,2.33,4900,2.306539
2014-05-22,2.34,2.34,2.33,2.34,900,2.316438
2014-05-21,2.39,2.39,2.31,2.35,3200,2.326338
2014-05-20,2.37,2.38,2.30,2.36,21000,2.336237
2014-05-16,2.44,2.46,2.38,2.38,5700,2.356036
2014-05-15,2.48,2.49,2.39,2.44,13600,2.415432
2014-05-14,2.47,2.52,2.47,2.52,2100,2.494626
2014-05-13,2.52,2.55,2.48,2.48,13000,2.455029
2014-05-12,2.47,2.47,2.47,2.47,000,2.44513
2014-05-09,2.50,2.50,2.45,2.47,4300,2.44513
2014-05-08,2.50,2.54,2.48,2.48,9100,2.455029
2014-05-07,2.50,2.51,2.45,2.46,46100,2.43523
2014-05-06,2.58,2.58,2.52,2.52,16400,2.494626
2014-05-05,2.61,2.61,2.56,2.58,6800,2.554022
2014-05-02,2.55,2.57,2.55,2.56,5900,2.534223
2014-05-01,2.50,2.51,2.45,2.45,77900,2.425331
2014-04-30,2.58,2.61,2.57,2.61,5500,2.58372
2014-04-29,2.65,2.66,2.61,2.66,14700,2.633217
2014-04-28,2.68,2.70,2.68,2.70,3000,2.672814
2014-04-25,2.68,2.68,2.68,2.68,1000,2.653015
2014-04-24,2.82,2.83,2.66,2.66,37000,2.633217
2014-04-23,2.75,2.88,2.73,2.88,37300,2.851001
2014-04-22,2.59,2.72,2.59,2.71,127900,2.682713
2014-04-21,2.49,2.53,2.42,2.51,22000,2.484727
2014-04-17,2.51,2.55,2.47,2.48,39100,2.455029
2014-04-16,2.50,2.57,2.49,2.51,17900,2.484727
2014-04-15,2.60,2.60,2.46,2.59,21000,2.563921
2014-04-14,2.68,2.68,2.65,2.65,66100,2.623317
2014-04-11,2.83,2.83,2.62,2.68,8800,2.653015
2014-04-10,2.84,2.84,2.67,2.67,8500,2.643116
2014-04-09,2.66,2.77,2.66,2.77,4600,2.742109
2014-04-08,2.69,2.70,2.63,2.70,13500,2.672814
2014-04-07,2.62,2.74,2.59,2.62,23800,2.593619
2014-04-04,2.78,2.78,2.67,2.67,7900,2.643116
2014-04-03,2.67,2.70,2.64,2.70,7900,2.672814
2014-04-02,2.72,2.75,2.70,2.72,6300,2.692612
2014-04-01,2.59,2.64,2.58,2.63,13100,2.603519
2014-03-31,2.75,2.75,2.60,2.64,8300,2.613418
2014-03-28,2.79,2.82,2.79,2.80,14400,2.771807
2014-03-27,2.69,2.70,2.60,2.69,5300,2.662914
2014-03-26,2.92,2.93,2.66,2.69,23600,2.662914
2014-03-25,3.08,3.08,2.93,2.94,7800,2.910397
2014-03-24,3.21,3.21,2.99,3.00,20300,2.969793
2014-03-21,3.02,3.29,3.01,3.29,22100,3.256873
2014-03-20,3.06,3.08,2.98,2.98,20800,2.949994
2014-03-19,3.31,3.36,3.12,3.12,19000,3.088585
2014-03-18,3.38,3.45,3.34,3.35,33800,3.316269
2014-03-17,3.89,3.89,3.45,3.45,78900,3.415262
2014-03-14,3.86,4.11,3.86,3.93,59100,3.890429
2014-03-13,3.74,3.94,3.70,3.86,44200,3.821134
2014-03-12,3.45,3.78,3.45,3.69,47700,3.652845
2014-03-11,3.32,3.40,3.30,3.40,21400,3.365765
2014-03-10,3.30,3.37,3.26,3.26,44400,3.227175
2014-03-07,3.32,3.34,3.23,3.34,16100,3.306369
2014-03-06,3.37,3.37,3.33,3.36,9800,3.326168
2014-03-05,3.27,3.36,3.24,3.35,49000,3.316269
2014-03-04,3.23,3.27,3.22,3.27,10600,3.237074
2014-03-03,3.35,3.39,3.25,3.25,52700,3.217276
2014-02-28,3.21,3.27,3.20,3.24,26200,3.207376
2014-02-27,3.27,3.36,3.22,3.22,32900,3.187578
2014-02-26,3.29,3.30,3.19,3.30,20900,3.266772
2014-02-25,3.46,3.46,3.30,3.31,46700,3.276672
2014-02-24,3.46,3.54,3.46,3.46,56900,3.425161
2014-02-21,3.47,3.53,3.42,3.44,27800,3.405363
2014-02-20,3.12,3.50,3.11,3.50,78900,3.464758
2014-02-19,3.35,3.35,3.16,3.16,84700,3.128182
2014-02-18,3.40,3.40,3.24,3.40,89000,3.365765
2014-02-14,3.41,3.47,3.30,3.32,46100,3.286571
2014-02-13,3.00,3.25,3.00,3.25,56300,3.217276
2014-02-12,3.14,3.32,2.94,2.96,152500,2.930196
2014-02-11,2.95,3.11,2.95,3.10,159000,3.068786
2014-02-10,2.82,2.94,2.82,2.92,84200,2.890599
2014-02-07,2.66,2.80,2.66,2.78,4300,2.752008
2014-02-06,2.77,2.77,2.65,2.69,9800,2.662914
2014-02-05,2.79,2.83,2.75,2.77,23100,2.742109
2014-02-04,2.81,2.81,2.75,2.81,11200,2.781706
2014-02-03,2.85,2.95,2.81,2.85,14000,2.821303
2014-01-31,2.84,2.95,2.79,2.89,29000,2.860901
2014-01-30,2.87,2.89,2.83,2.84,49800,2.811404
2014-01-29,2.91,2.95,2.88,2.95,21900,2.920296
2014-01-28,2.75,2.90,2.67,2.86,67900,2.831203
2014-01-27,2.89,2.89,2.77,2.82,363600,2.791605
2014-01-24,2.98,2.98,2.86,2.89,292300,2.860901
2014-01-23,2.80,2.97,2.80,2.94,174100,2.910397
2014-01-22,2.76,2.86,2.74,2.77,22500,2.742109
2014-01-21,2.67,2.86,2.60,2.82,50400,2.791605
2014-01-20,2.80,2.81,2.68,2.68,22700,2.653015
2014-01-17,2.55,2.75,2.55,2.74,69800,2.712411
2014-01-16,2.56,2.58,2.50,2.51,31700,2.484727
2014-01-15,2.42,2.53,2.38,2.53,54500,2.504525
2014-01-14,2.41,2.55,2.41,2.46,22800,2.43523
2014-01-13,2.31,2.40,2.31,2.40,54700,2.375834
2014-01-10,2.27,2.37,2.27,2.33,24900,2.306539
2014-01-09,2.25,2.27,2.22,2.22,27800,2.197647
2014-01-08,2.28,2.30,2.24,2.27,18900,2.247143
2014-01-07,2.21,2.28,2.21,2.25,23300,2.227345
2014-01-06,2.23,2.29,2.20,2.29,12000,2.266942
2014-01-03,2.30,2.30,2.20,2.20,11300,2.177848
2014-01-02,2.04,2.26,2.04,2.26,49600,2.237244
2013-12-31,1.94,2.07,1.94,2.03,34800,2.00956
2013-12-30,2.03,2.06,2.00,2.00,57600,1.979862
2013-12-27,1.96,2.04,1.96,2.02,67500,1.999661
2013-12-24,1.87,1.97,1.86,1.95,27600,1.930365
2013-12-23,1.86,1.86,1.81,1.86,12700,1.841272
2013-12-20,1.83,1.92,1.83,1.88,42500,1.86107
2013-12-19,1.88,1.88,1.82,1.86,25000,1.841272
2013-12-18,1.92,1.97,1.90,1.90,17500,1.880869
2013-12-17,1.90,1.98,1.89,1.89,57000,1.87097
2013-12-16,1.92,1.94,1.88,1.92,26800,1.900667
2013-12-13,1.93,2.00,1.90,1.90,23500,1.880869
2013-12-12,1.92,1.96,1.89,1.93,37900,1.910567
2013-12-11,2.01,2.01,1.95,1.95,12400,1.930365
2013-12-10,2.00,2.03,2.00,2.00,15400,1.979862
2013-12-09,1.86,1.93,1.86,1.93,14500,1.910567
2013-12-06,1.90,1.90,1.87,1.87,36000,1.851171
2013-12-05,1.91,1.95,1.90,1.91,16600,1.890768
2013-12-04,1.92,2.00,1.90,1.98,21800,1.960063
2013-12-03,1.96,1.97,1.90,1.90,27100,1.880869
2013-12-02,2.12,2.12,1.98,2.02,11900,1.999661
2013-11-29,2.10,2.17,2.10,2.17,13100,2.14815
2013-11-28,2.03,2.05,2.00,2.05,500,2.029358
2013-11-27,2.01,2.03,1.99,2.00,11900,1.979862
2013-11-26,1.98,2.00,1.96,2.00,17600,1.979862
2013-11-25,2.05,2.07,1.96,2.06,32700,2.039258
2013-11-22,2.10,2.17,2.01,2.07,52500,2.049157
2013-11-21,2.01,2.11,1.99,2.11,75000,2.088754
2013-11-20,2.09,2.16,1.98,2.02,15400,1.999661
2013-11-19,2.15,2.17,2.12,2.12,15300,2.098654
2013-11-18,2.15,2.16,2.10,2.16,27000,2.138251
2013-11-15,2.25,2.25,2.15,2.15,4600,2.128352
2013-11-14,2.06,2.20,2.06,2.20,16100,2.177848
2013-11-13,2.04,2.08,2.02,2.05,32100,2.029358
2013-11-12,2.02,2.05,2.02,2.05,9100,2.029358
2013-11-11,1.98,2.10,1.98,2.10,16100,2.078855
2013-11-08,1.94,2.00,1.94,1.99,28600,1.969963
2013-11-07,1.93,1.98,1.90,1.91,18000,1.890768
2013-11-06,2.02,2.03,1.94,1.96,11400,1.940265
2013-11-05,2.03,2.05,1.94,1.99,21800,1.969963
2013-11-04,2.09,2.09,1.99,2.02,17800,1.999661
2013-11-01,2.15,2.15,2.02,2.06,31700,2.039258
2013-10-31,2.26,2.26,2.17,2.18,16700,2.15805
2013-10-30,2.34,2.35,2.20,2.26,72700,2.237244
2013-10-29,2.50,2.50,2.27,2.27,62300,2.247143
2013-10-28,2.50,2.57,2.43,2.43,27600,2.405532
2013-10-25,2.53,2.54,2.44,2.54,8000,2.514425
2013-10-24,2.43,2.54,2.43,2.54,12800,2.514425
2013-10-23,2.54,2.56,2.43,2.43,20000,2.405532
2013-10-22,2.48,2.56,2.48,2.53,10600,2.504525
2013-10-21,2.37,2.43,2.37,2.43,20100,2.405532
2013-10-18,2.33,2.35,2.32,2.34,11000,2.316438
2013-10-17,2.23,2.36,2.23,2.35,7700,2.326338
2013-10-16,2.22,2.25,2.22,2.25,10300,2.227345
2013-10-15,2.08,2.21,2.08,2.21,28400,2.187748
2013-10-11,2.20,2.20,2.09,2.13,36600,2.108553
2013-10-10,2.27,2.32,2.21,2.21,20900,2.187748
2013-10-09,2.28,2.29,2.16,2.25,235500,2.227345
2013-10-08,2.44,2.44,2.34,2.34,8100,2.316438
2013-10-07,2.38,2.43,2.38,2.43,23900,2.405532
2013-10-04,2.40,2.40,2.34,2.34,13900,2.316438
2013-10-03,2.48,2.48,2.48,2.48,000,2.455029
2013-10-02,2.57,2.59,2.48,2.48,8000,2.455029
2013-10-01,2.41,2.58,2.33,2.58,16900,2.554022
2013-09-30,2.49,2.61,2.46,2.46,29900,2.43523
2013-09-27,2.57,2.61,2.54,2.61,9400,2.58372
2013-09-26,2.54,2.55,2.50,2.53,8600,2.504525
2013-09-25,2.51,2.60,2.48,2.58,11500,2.554022
2013-09-24,2.40,2.50,2.40,2.44,7600,2.415432
2013-09-23,2.75,2.75,2.52,2.52,22200,2.494626
2013-09-20,2.71,2.80,2.67,2.68,28300,2.653015
2013-09-19,2.88,2.90,2.77,2.81,52400,2.781706
2013-09-18,2.61,2.94,2.57,2.94,27800,2.910397
2013-09-17,2.59,2.65,2.59,2.61,10800,2.58372
2013-09-16,2.32,2.66,2.32,2.63,12200,2.603519
2013-09-13,2.49,2.49,2.33,2.36,93100,2.336237
2013-09-12,2.57,2.57,2.44,2.47,25200,2.44513
2013-09-11,2.73,2.73,2.60,2.65,8800,2.623317
2013-09-10,2.75,2.78,2.72,2.73,18300,2.702512
2013-09-09,2.85,2.85,2.80,2.83,30300,2.801505
2013-09-06,2.84,2.84,2.79,2.79,26800,2.761907
2013-09-05,2.87,2.87,2.78,2.78,8800,2.752008
2013-09-04,2.80,2.86,2.78,2.82,7900,2.791605
2013-09-03,2.95,2.95,2.90,2.92,18000,2.890599
2013-08-30,2.93,2.93,2.83,2.83,6900,2.801505
2013-08-29,2.75,3.00,2.75,3.00,61500,2.969793
2013-08-28,2.74,2.84,2.73,2.73,3100,2.702512
2013-08-27,3.00,3.07,2.71,2.71,80100,2.682713
2013-08-26,2.91,2.95,2.78,2.83,49300,2.801505
2013-08-23,2.63,2.85,2.63,2.80,78400,2.771807
2013-08-22,2.70,2.73,2.66,2.70,13100,2.672814
2013-08-21,2.61,2.69,2.60,2.60,15700,2.57382
2013-08-20,2.54,2.67,2.54,2.63,41900,2.603519
2013-08-19,2.59,2.60,2.54,2.54,21600,2.514425
2013-08-16,2.63,2.69,2.50,2.57,27300,2.544123
2013-08-15,2.42,2.61,2.42,2.59,57000,2.563921
2013-08-14,2.27,2.49,2.27,2.42,48100,2.395633
2013-08-13,2.39,2.39,2.21,2.27,5300,2.247143
2013-08-12,2.15,2.27,2.15,2.27,26700,2.247143
2013-08-09,2.02,2.11,2.02,2.09,42800,2.068956
2013-08-08,1.91,2.02,1.91,2.02,7900,1.999661
2013-08-07,1.85,1.86,1.84,1.85,11500,1.831372
2013-08-06,1.90,1.93,1.84,1.85,19700,1.831372
2013-08-02,1.98,2.03,1.96,1.96,15800,1.940265
2013-08-01,1.99,2.05,1.98,1.98,9200,1.960063
2013-07-31,2.01,2.07,2.00,2.06,10500,2.039258
2013-07-30,2.01,2.05,2.01,2.05,6400,2.029358
2013-07-29,2.11,2.11,2.04,2.04,23600,2.019459
2013-07-26,2.06,2.08,2.01,2.08,9400,2.059056
2013-07-25,2.12,2.15,2.10,2.11,15600,2.088754
2013-07-24,2.20,2.20,2.05,2.10,10300,2.078855
2013-07-23,2.09,2.20,2.08,2.20,35100,2.177848
2013-07-22,1.96,2.09,1.96,2.05,44800,2.029358
2013-07-19,1.91,1.95,1.88,1.93,21200,1.910567
2013-07-18,1.93,1.93,1.92,1.92,7400,1.900667
2013-07-17,1.98,1.99,1.88,1.88,35500,1.86107
2013-07-16,1.90,1.95,1.90,1.95,60600,1.930365
2013-07-15,1.96,1.96,1.90,1.90,53900,1.880869
2013-07-12,1.94,1.95,1.92,1.92,13100,1.900667
2013-07-11,1.93,1.98,1.90,1.98,37200,1.960063
2013-07-10,1.84,1.86,1.80,1.80,14800,1.781876
2013-07-09,1.81,1.85,1.81,1.84,8200,1.821473
2013-07-08,1.82,1.88,1.77,1.77,37200,1.752178
2013-07-05,1.86,1.89,1.84,1.84,44000,1.821473
2013-07-04,1.92,1.92,1.92,1.92,000,1.900667
2013-07-03,1.87,2.02,1.87,1.92,23700,1.900667
2013-07-02,1.91,1.94,1.83,1.83,22100,1.811574
2013-06-28,1.76,2.01,1.76,1.82,463100,1.801674
2013-06-27,1.72,1.78,1.71,1.76,268600,1.742279
2013-06-26,1.85,1.90,1.70,1.72,90900,1.702681
2013-06-25,1.93,1.95,1.88,1.92,8900,1.900667
2013-06-24,1.96,1.97,1.88,1.97,31600,1.950164
2013-06-21,2.04,2.08,1.90,2.08,11500,2.059056
2013-06-20,2.00,2.05,1.89,1.90,51500,1.880869
2013-06-19,2.12,2.12,2.08,2.08,1400,2.059056
2013-06-18,2.15,2.15,2.07,2.14,11100,2.118452
2013-06-17,2.12,2.17,2.06,2.15,17900,2.128352
2013-06-14,2.26,2.30,2.11,2.11,12600,2.088754
2013-06-13,2.23,2.34,2.21,2.21,14200,2.187748
2013-06-12,2.36,2.36,2.24,2.25,21500,2.227345
2013-06-11,2.39,2.42,2.33,2.33,29500,2.306539
2013-06-10,2.46,2.54,2.46,2.54,16000,2.514425
2013-06-07,2.64,2.64,2.44,2.46,28300,2.43523
2013-06-06,2.72,2.74,2.68,2.74,19400,2.712411
2013-06-05,2.72,2.77,2.65,2.68,19200,2.653015
2013-06-04,2.76,2.76,2.72,2.72,11900,2.692612
2013-06-03,2.61,2.79,2.61,2.78,22200,2.752008
2013-05-31,2.65,2.65,2.55,2.60,41600,2.57382
2013-05-30,2.47,2.65,2.47,2.64,57700,2.613418
2013-05-29,2.38,2.45,2.34,2.45,23300,2.425331
2013-05-28,2.35,2.45,2.35,2.38,15200,2.356036
2013-05-27,2.38,2.38,2.37,2.37,2700,2.346136
2013-05-24,2.39,2.42,2.33,2.33,2000,2.306539
2013-05-23,2.43,2.44,2.34,2.39,5100,2.365935
2013-05-22,2.29,2.47,2.29,2.40,51200,2.375834
2013-05-21,2.20,2.33,2.20,2.24,132700,2.217445
2013-05-17,2.04,2.08,2.00,2.01,75600,1.989761
2013-05-16,2.00,2.14,2.00,2.12,34300,2.098654
2013-05-15,2.17,2.17,2.05,2.05,19600,2.029358
2013-05-14,2.19,2.24,2.15,2.16,28400,2.138251
2013-05-13,2.19,2.21,2.19,2.20,8100,2.177848
2013-05-10,2.06,2.22,2.06,2.22,22400,2.197647
2013-05-09,2.13,2.28,2.11,2.11,21800,2.088754
2013-05-08,2.08,2.13,2.05,2.12,23300,2.098654
2013-05-07,2.06,2.07,2.00,2.05,19000,2.029358
2013-05-06,2.17,2.17,2.06,2.11,13700,2.088754
2013-05-03,2.31,2.32,2.14,2.14,25900,2.118452
2013-05-02,2.25,2.29,2.22,2.29,10800,2.266942
2013-05-01,2.24,2.24,2.08,2.23,19000,2.207546
2013-04-30,2.11,2.33,2.09,2.31,174600,2.286741
2013-04-29,2.08,2.21,2.06,2.18,40800,2.15805
2013-04-26,2.15,2.19,2.08,2.08,10200,2.059056
2013-04-25,2.12,2.26,2.12,2.14,31400,2.118452
2013-04-24,1.96,2.11,1.96,2.10,26800,2.078855
2013-04-23,1.86,1.95,1.81,1.90,38700,1.880869
2013-04-22,2.02,2.02,1.87,1.91,33900,1.890768
2013-04-19,1.97,2.00,1.88,1.96,84500,1.940265
2013-04-18,1.82,1.97,1.72,1.91,220800,1.890768
2013-04-17,1.99,2.02,1.77,1.78,104500,1.762077
2013-04-16,2.15,2.24,1.93,1.95,145300,1.930365
2013-04-15,2.14,2.16,2.07,2.09,105700,2.068956
2013-04-12,2.46,2.46,2.26,2.33,28300,2.306539
2013-04-11,2.59,2.59,2.49,2.50,29500,2.474827
2013-04-10,2.71,2.71,2.55,2.58,8300,2.554022
2013-04-09,2.65,2.81,2.65,2.75,23400,2.72231
2013-04-08,2.64,2.77,2.64,2.65,16700,2.623317
2013-04-05,2.72,2.84,2.71,2.77,17800,2.742109
2013-04-04,2.49,2.71,2.48,2.66,77400,2.633217
2013-04-03,2.68,2.78,2.43,2.53,64100,2.504525
2013-04-02,2.83,2.88,2.68,2.69,9700,2.662914
2013-04-01,2.95,2.97,2.82,2.83,15900,2.801505
2013-03-28,3.01,3.01,2.87,2.89,1700,2.860901
2013-03-27,2.95,3.03,2.87,2.99,6000,2.959894
2013-03-26,2.98,2.98,2.84,2.91,44200,2.880699
2013-03-25,3.03,3.03,2.94,2.98,29200,2.949994
2013-03-22,2.99,3.07,2.99,3.03,19800,2.999491
2013-03-21,2.84,3.08,2.84,3.05,45100,3.019289
2013-03-20,2.82,2.82,2.82,2.82,1500,2.791605
2013-03-19,2.89,2.89,2.78,2.78,33700,2.752008
2013-03-18,2.75,2.94,2.70,2.88,43700,2.851001
2013-03-15,2.71,2.81,2.71,2.72,32600,2.692612
2013-03-14,2.68,2.79,2.68,2.73,11900,2.702512
2013-03-13,2.82,2.87,2.69,2.71,21600,2.682713
2013-03-12,2.70,2.92,2.64,2.88,31900,2.851001
2013-03-11,2.81,2.83,2.66,2.66,4700,2.633217
2013-03-08,2.61,2.81,2.51,2.69,20600,2.662914
2013-03-07,2.80,2.85,2.60,2.64,112500,2.613418
2013-03-06,2.30,2.77,2.23,2.77,53700,2.742109
2013-03-05,2.40,2.44,2.35,2.37,29700,2.346136
2013-03-04,2.50,2.50,2.32,2.33,15100,2.306539
2013-03-01,2.52,2.54,2.45,2.48,29100,2.455029
2013-02-28,2.65,2.65,2.47,2.50,17700,2.474827
2013-02-27,2.72,2.76,2.61,2.62,22200,2.593619
2013-02-26,2.71,2.76,2.66,2.75,23200,2.72231
2013-02-25,2.65,2.77,2.65,2.69,24300,2.662914
2013-02-22,2.58,2.65,2.54,2.59,5400,2.563921
2013-02-21,2.62,2.68,2.58,2.63,41800,2.603519
2013-02-20,2.60,2.60,2.47,2.53,41500,2.504525
2013-02-19,2.68,2.75,2.66,2.66,36300,2.633217
2013-02-15,2.76,2.76,2.62,2.69,25600,2.662914
2013-02-14,2.72,2.83,2.72,2.78,29600,2.752008
2013-02-13,2.90,2.90,2.76,2.76,19100,2.73221
2013-02-12,2.96,2.99,2.79,2.85,22700,2.821303
2013-02-11,3.14,3.14,2.95,2.99,26700,2.959894
2013-02-08,3.11,3.16,3.06,3.14,15600,3.108383
2013-02-07,3.03,3.08,3.01,3.05,76900,3.019289
2013-02-06,3.04,3.04,3.00,3.03,157100,2.999491
2013-02-05,3.12,3.12,3.02,3.03,15700,2.999491
2013-02-04,3.15,3.15,3.06,3.06,10500,3.029189
2013-02-01,3.15,3.20,3.15,3.15,13000,3.118283
2013-01-31,3.12,3.20,3.12,3.12,31200,3.088585
2013-01-30,3.19,3.25,3.09,3.10,33300,3.068786
2013-01-29,3.17,3.28,3.15,3.16,28200,3.128182
2013-01-28,3.26,3.28,3.09,3.12,100700,3.088585
2013-01-25,3.39,3.40,3.24,3.30,64800,3.266772
2013-01-24,3.64,3.64,3.42,3.42,63300,3.385564
2013-01-23,3.68,3.72,3.65,3.65,36400,3.613248
2013-01-22,3.64,3.75,3.64,3.72,33000,3.682543
2013-01-21,3.68,3.70,3.62,3.62,11600,3.58355
2013-01-18,3.67,3.73,3.61,3.63,11700,3.59345
2013-01-17,3.66,3.71,3.58,3.66,52200,3.623147
2013-01-16,3.65,3.67,3.61,3.61,60100,3.573651
2013-01-15,3.68,3.75,3.67,3.69,23800,3.652845
2013-01-14,3.85,3.85,3.62,3.62,60400,3.58355
2013-01-11,3.89,3.89,3.77,3.77,8200,3.73204
2013-01-10,3.66,3.87,3.66,3.84,71400,3.801335
2013-01-09,3.73,3.73,3.65,3.65,10400,3.613248
2013-01-08,3.64,3.69,3.61,3.63,57300,3.59345
2013-01-07,3.64,3.70,3.62,3.62,13100,3.58355
2013-01-04,3.66,3.70,3.61,3.70,79300,3.662745
2013-01-03,3.89,3.89,3.65,3.65,37100,3.613248
2013-01-02,3.91,3.92,3.79,3.89,114700,3.850832
2012-12-31,3.60,3.83,3.60,3.77,54600,3.73204
2012-12-28,3.72,3.72,3.60,3.62,45700,3.58355
2012-12-27,3.75,3.88,3.72,3.73,26300,3.692443
2012-12-24,3.67,3.75,3.64,3.73,20900,3.692443
2012-12-21,3.53,3.72,3.53,3.71,98400,3.672644
2012-12-20,3.61,3.61,3.42,3.59,141900,3.553852
2012-12-19,3.73,3.73,3.56,3.66,58900,3.623147
2012-12-18,3.75,3.78,3.68,3.72,53300,3.682543
2012-12-17,3.75,3.80,3.63,3.75,110400,3.712241
2012-12-14,3.69,3.78,3.66,3.75,25000,3.712241
2012-12-13,3.63,3.80,3.60,3.64,30100,3.603349
2012-12-12,3.72,3.85,3.69,3.76,44200,3.722141
2012-12-11,3.60,3.70,3.60,3.66,36000,3.623147
2012-12-10,3.49,3.64,3.49,3.63,44800,3.59345
2012-12-07,3.55,3.57,3.46,3.49,22400,3.454859
2012-12-06,3.55,3.62,3.44,3.49,77400,3.454859
2012-12-05,3.77,3.77,3.55,3.56,20000,3.524154
2012-12-04,3.60,3.80,3.60,3.79,140100,3.751838
2012-12-03,3.65,3.74,3.62,3.68,70300,3.642946
2012-11-30,3.64,3.68,3.60,3.64,112800,3.603349
2012-11-29,3.61,3.71,3.61,3.65,192300,3.613248
2012-11-28,3.48,3.59,3.39,3.58,109100,3.543953
2012-11-27,3.64,3.68,3.53,3.58,99300,3.543953
2012-11-26,3.70,3.79,3.68,3.74,122900,3.702342
2012-11-23,3.43,3.79,3.43,3.75,136400,3.712241
2012-11-22,3.51,3.51,3.39,3.44,21500,3.405363
2012-11-21,3.47,3.59,3.47,3.50,61600,3.464758
2012-11-20,3.66,3.66,3.48,3.53,72800,3.494456
2012-11-19,3.59,3.77,3.59,3.70,86900,3.662745
2012-11-16,3.44,3.53,3.32,3.46,42100,3.425161
2012-11-15,3.65,3.65,3.39,3.39,47600,3.355866
2012-11-14,3.93,4.00,3.63,3.65,106300,3.613248
2012-11-13,4.01,4.14,3.91,3.91,34000,3.87063
2012-11-12,4.30,4.35,3.96,4.11,95000,4.068616
2012-11-09,4.41,4.52,4.41,4.42,13600,4.375495
2012-11-08,4.56,4.64,4.39,4.48,75100,4.434891
2012-11-07,4.41,4.64,4.41,4.62,23800,4.573481
2012-11-06,4.41,4.47,4.32,4.42,52100,4.375495
2012-11-05,4.54,4.54,4.43,4.43,16600,4.385394
2012-11-02,4.71,4.71,4.46,4.52,35700,4.474488
2012-11-01,4.85,4.91,4.81,4.81,50100,4.761568
2012-10-31,4.55,4.83,4.52,4.83,131800,4.781367
2012-10-30,4.40,4.55,4.40,4.54,4800,4.494287
2012-10-29,4.39,4.60,4.26,4.47,19600,4.424991
2012-10-26,4.52,4.60,4.45,4.45,29200,4.405193
2012-10-25,4.43,4.58,4.42,4.50,51800,4.454689
2012-10-24,4.53,4.57,4.36,4.38,13000,4.335898
2012-10-23,4.59,4.63,4.53,4.53,60900,4.484388
2012-10-22,4.55,4.75,4.55,4.75,56100,4.702172
2012-10-19,4.55,4.62,4.51,4.61,147200,4.563582
2012-10-18,4.61,4.64,4.57,4.57,18300,4.523985
2012-10-17,4.60,4.68,4.55,4.60,77500,4.553682
2012-10-16,4.43,4.61,4.43,4.61,55700,4.563582
2012-10-15,4.38,4.45,4.22,4.45,61700,4.405193
2012-10-12,4.56,4.56,4.41,4.41,42300,4.365596
2012-10-11,4.61,4.61,4.52,4.52,20400,4.474488
2012-10-10,4.43,4.52,4.42,4.50,16400,4.454689
2012-10-09,4.61,4.62,4.44,4.52,35100,4.474488
2012-10-05,4.70,4.76,4.63,4.71,46000,4.662575
2012-10-04,4.60,4.72,4.56,4.72,28800,4.672474
2012-10-03,4.63,4.63,4.49,4.49,63700,4.44479
2012-10-02,4.68,4.68,4.53,4.61,103500,4.563582
2012-10-01,4.57,4.77,4.57,4.64,124100,4.59328
2012-09-28,4.73,4.73,4.53,4.55,85900,4.504186
2012-09-27,4.45,4.66,4.45,4.66,36700,4.613078
2012-09-26,4.27,4.49,4.15,4.38,51200,4.335898
2012-09-25,4.52,4.58,4.33,4.33,27700,4.286401
2012-09-24,4.50,4.61,4.43,4.45,62500,4.405193
2012-09-21,4.64,4.72,4.56,4.61,48700,4.563582
2012-09-20,4.65,4.65,4.50,4.58,47000,4.533884
2012-09-19,4.65,4.71,4.58,4.69,36400,4.642776
2012-09-18,4.50,4.64,4.43,4.60,61500,4.553682
2012-09-17,4.50,4.55,4.39,4.47,42800,4.424991
2012-09-14,4.47,4.66,4.47,4.50,160600,4.454689
2012-09-13,4.19,4.50,4.06,4.46,126600,4.415092
2012-09-12,4.19,4.25,3.94,4.17,75900,4.128012
2012-09-11,4.27,4.38,4.14,4.20,26300,4.15771
2012-09-10,4.21,4.41,4.16,4.29,16500,4.246804
2012-09-07,4.14,4.24,4.10,4.22,70900,4.177509
2012-09-06,3.92,4.02,3.90,4.00,31400,3.959724
2012-09-05,3.86,3.92,3.82,3.88,26900,3.840932
2012-09-04,3.85,3.95,3.79,3.84,31600,3.801335
2012-08-31,3.70,3.91,3.67,3.87,20200,3.831033
2012-08-30,3.80,3.80,3.61,3.68,33700,3.642946
2012-08-29,3.88,3.88,3.75,3.81,19000,3.771637
2012-08-28,3.88,3.95,3.85,3.88,36400,3.840932
2012-08-27,3.86,3.96,3.85,3.86,13200,3.821134
2012-08-24,3.93,3.97,3.84,3.93,38800,3.890429
2012-08-23,4.15,4.15,3.90,3.93,87500,3.890429
2012-08-22,3.99,4.00,3.84,4.00,72200,3.959724
2012-08-21,3.76,3.95,3.76,3.91,101900,3.87063
2012-08-20,3.46,3.69,3.44,3.63,62200,3.59345
2012-08-17,3.39,3.49,3.39,3.49,27100,3.454859
2012-08-16,3.25,3.44,3.25,3.42,87500,3.385564
2012-08-15,3.21,3.28,3.21,3.26,13000,3.227175
2012-08-14,3.21,3.32,3.15,3.24,66100,3.207376
2012-08-13,3.40,3.43,3.19,3.22,61600,3.187578
2012-08-10,3.56,3.56,3.28,3.34,44200,3.306369
2012-08-09,3.30,3.52,3.30,3.52,38000,3.484557
2012-08-08,3.46,3.55,3.32,3.32,32400,3.286571
2012-08-07,3.31,3.49,3.31,3.45,108700,3.415262
2012-08-03,3.02,3.19,2.95,3.17,20300,3.138081
2012-08-02,2.88,2.98,2.85,2.90,13300,2.8708
2012-08-01,2.94,2.98,2.92,2.96,5100,2.930196
2012-07-31,3.15,3.20,3.00,3.00,24000,2.969793
2012-07-30,3.15,3.18,3.04,3.13,36300,3.098484
2012-07-27,2.96,3.14,2.96,3.11,29800,3.078685
2012-07-26,2.90,2.94,2.86,2.94,9400,2.910397
2012-07-25,2.80,2.92,2.80,2.90,44300,2.8708
2012-07-24,2.91,2.92,2.76,2.80,22700,2.771807
2012-07-23,2.88,2.97,2.88,2.92,8100,2.890599
2012-07-20,2.98,3.06,2.98,3.06,18300,3.029189
2012-07-19,2.98,3.11,2.96,3.02,8900,2.989592
2012-07-18,3.00,3.15,3.00,3.01,36900,2.979692
2012-07-17,2.96,3.11,2.95,3.05,20800,3.019289
2012-07-16,3.03,3.15,3.00,3.06,22200,3.029189
2012-07-13,3.15,3.15,3.06,3.10,5800,3.068786
2012-07-12,2.79,3.08,2.74,3.05,20700,3.019289
2012-07-11,2.91,2.93,2.76,2.86,12100,2.831203
2012-07-10,3.14,3.19,2.83,2.87,41700,2.841102
2012-07-09,3.10,3.16,3.05,3.07,33500,3.039088
2012-07-06,3.16,3.22,3.10,3.14,4800,3.108383
2012-07-05,3.25,3.45,3.25,3.29,23700,3.256873
2012-07-04,3.30,3.33,3.25,3.32,8300,3.286571
2012-07-03,3.04,3.33,3.04,3.28,59500,3.246974
2012-06-29,3.05,3.09,3.01,3.04,46600,3.00939
2012-06-28,3.04,3.04,2.88,2.88,8400,2.851001
2012-06-27,3.02,3.04,2.91,3.02,18500,2.989592
2012-06-26,3.13,3.13,3.02,3.05,12800,3.019289
2012-06-25,3.06,3.14,2.98,3.11,43800,3.078685
2012-06-22,2.92,3.08,2.90,3.08,50400,3.048987
2012-06-21,3.20,3.20,2.86,2.93,31800,2.900498
2012-06-20,3.22,3.40,3.17,3.28,42100,3.246974
2012-06-19,3.21,3.35,3.17,3.33,26200,3.29647
2012-06-18,2.96,3.21,2.90,3.20,34700,3.167779
2012-06-15,2.97,3.04,2.91,3.04,32400,3.00939
2012-06-14,2.77,2.89,2.77,2.89,32800,2.860901
2012-06-13,2.75,2.86,2.75,2.81,20600,2.781706
2012-06-12,2.55,2.70,2.55,2.68,87500,2.653015
2012-06-11,2.53,2.63,2.52,2.55,34000,2.524324
2012-06-08,2.59,2.59,2.47,2.52,38900,2.494626
2012-06-07,2.79,2.80,2.61,2.63,55400,2.603519
2012-06-06,2.86,2.90,2.66,2.67,50200,2.643116
2012-06-05,2.75,2.83,2.72,2.76,99300,2.73221
2012-06-04,2.63,2.75,2.43,2.73,384800,2.702512
2012-06-01,2.46,2.62,2.46,2.52,140300,2.494626
2012-05-31,2.52,2.55,2.30,2.30,71900,2.276841
2012-05-30,2.54,2.54,2.40,2.49,177100,2.464928
2012-05-29,2.73,2.76,2.56,2.56,57100,2.534223
2012-05-28,2.70,2.72,2.69,2.72,3700,2.692612
2012-05-25,2.47,2.65,2.46,2.63,22400,2.603519
2012-05-24,2.42,2.50,2.35,2.46,30800,2.43523
2012-05-23,2.11,2.35,2.04,2.34,255300,2.316438
2012-05-22,2.27,2.44,2.16,2.20,128000,2.177848
2012-05-18,2.59,2.59,2.26,2.26,94000,2.237244
2012-05-17,2.44,2.65,2.40,2.47,68000,2.44513
2012-05-16,2.26,2.38,2.06,2.22,458000,2.197647
2012-05-15,2.70,2.72,2.24,2.26,176100,2.237244
2012-05-14,2.95,2.95,2.70,2.71,71000,2.682713
2012-05-11,2.91,3.03,2.89,2.99,43800,2.959894
2012-05-10,3.15,3.15,2.99,3.03,153000,2.999491
2012-05-09,3.00,3.21,2.99,3.05,103000,3.019289
2012-05-08,3.02,3.15,2.96,3.15,68800,3.118283
2012-05-07,3.36,3.38,3.10,3.17,26600,3.138081
2012-05-04,3.34,3.42,3.30,3.31,17400,3.276672
2012-05-03,3.46,3.46,3.24,3.34,42000,3.306369
2012-05-02,3.85,3.85,3.53,3.55,35300,3.514255
2012-05-01,3.76,3.94,3.76,3.83,52900,3.791436
2012-04-30,3.43,3.69,3.41,3.69,47000,3.652845
2012-04-27,3.54,3.58,3.46,3.50,49700,3.464758
2012-04-26,3.39,3.56,3.39,3.48,91100,3.44496
2012-04-25,3.32,3.42,3.27,3.39,136500,3.355866
2012-04-24,3.33,3.39,3.29,3.31,57300,3.276672
2012-04-23,3.33,3.42,3.28,3.31,65900,3.276672
2012-04-20,3.42,3.52,3.42,3.43,31900,3.395463
2012-04-19,3.43,3.57,3.36,3.42,88000,3.385564
2012-04-18,3.61,3.61,3.31,3.36,181400,3.326168
2012-04-17,3.75,3.85,3.63,3.64,71900,3.603349
2012-04-16,3.90,3.98,3.80,3.81,31400,3.771637
2012-04-13,4.07,4.12,3.91,3.91,11700,3.87063
2012-04-12,3.89,4.18,3.89,4.06,58300,4.01912
2012-04-11,4.13,4.15,3.95,3.96,23300,3.920127
2012-04-10,3.99,4.09,3.87,4.07,40400,4.029019
2012-04-09,3.90,4.13,3.90,4.01,44000,3.969623
2012-04-05,4.03,4.09,3.91,3.91,56000,3.87063
2012-04-04,3.94,4.08,3.94,3.98,74900,3.939925
2012-04-03,4.41,4.41,4.10,4.13,36300,4.088415
2012-04-02,4.39,4.61,4.39,4.45,58900,4.405193
2012-03-30,4.15,4.44,4.06,4.40,141600,4.355696
2012-03-29,4.06,4.15,3.94,4.07,94600,4.029019
2012-03-28,4.19,4.27,4.08,4.11,18300,4.068616
2012-03-27,4.32,4.40,4.24,4.24,40000,4.197307
2012-03-26,4.27,4.33,4.08,4.32,88000,4.276502
2012-03-23,3.85,4.15,3.85,4.11,57900,4.068616
2012-03-22,3.87,3.87,3.72,3.72,82600,3.682543
2012-03-21,4.04,4.16,3.87,3.89,36300,3.850832
2012-03-20,3.98,4.03,3.90,3.98,38700,3.939925
2012-03-19,4.00,4.21,4.00,4.06,29600,4.01912
2012-03-16,4.24,4.25,4.00,4.00,58900,3.959724
2012-03-15,4.24,4.30,4.06,4.14,89500,4.098314
2012-03-14,4.52,4.52,4.12,4.20,150300,4.15771
2012-03-13,4.55,4.73,4.52,4.52,42500,4.474488
2012-03-12,4.85,4.88,4.45,4.50,84900,4.454689
2012-03-09,4.90,5.15,4.81,4.91,158500,4.860561
2012-03-08,4.76,4.92,4.76,4.85,172100,4.801165
2012-03-07,4.77,4.86,4.72,4.72,153800,4.672474
2012-03-06,4.74,4.83,4.65,4.78,84700,4.73187
2012-03-05,5.07,5.12,4.91,4.96,75800,4.910058
2012-03-02,5.26,5.28,5.03,5.17,52400,5.117943
2012-03-01,5.19,5.50,5.14,5.37,189500,5.315929
2012-02-29,5.61,5.75,5.16,5.18,200200,5.127842
2012-02-28,5.51,5.71,5.51,5.63,83100,5.573312
2012-02-27,5.67,5.67,5.42,5.51,51200,5.45452
2012-02-24,5.74,5.78,5.62,5.63,81700,5.573312
2012-02-23,5.74,5.78,5.65,5.74,124200,5.682204
2012-02-22,5.59,5.73,5.45,5.65,182500,5.59311
2012-02-21,5.00,5.48,5.00,5.42,284400,5.365426
2012-02-17,5.12,5.14,5.00,5.01,45200,4.959554
2012-02-16,4.97,5.10,4.94,5.10,157800,5.048648
2012-02-15,5.06,5.13,4.95,4.96,80300,4.910058
2012-02-14,5.06,5.09,4.95,5.02,96200,4.969454
2012-02-13,5.04,5.15,5.02,5.05,100000,4.999152
2012-02-10,4.99,5.24,4.98,5.07,153600,5.01895
2012-02-09,5.50,5.53,5.27,5.27,176100,5.216936
2012-02-08,5.47,5.66,5.40,5.45,331500,5.395124
2012-02-07,5.55,5.69,5.49,5.55,287200,5.494117
2012-02-06,5.62,5.73,5.54,5.57,273200,5.513916
2012-02-03,5.70,5.73,5.57,5.72,298300,5.662405
2012-02-02,5.60,5.78,5.06,5.68,1324500,5.622808
2012-02-01,5.82,5.85,5.65,5.67,665400,5.612909
2012-01-31,5.88,6.00,5.64,5.90,236100,5.840593
2012-01-30,5.92,5.95,5.81,5.83,324000,5.771298
2012-01-27,5.70,6.02,5.61,6.01,59800,5.949485
2012-01-26,2.71,2.73,2.48,2.58,2734000,2.554022
2012-01-25,2.35,2.65,2.31,2.65,1298400,2.623317
2012-01-24,2.30,2.37,2.19,2.36,754000,2.336237
2012-01-23,2.34,2.43,2.25,2.30,995400,2.276841
2012-01-20,2.15,2.30,2.10,2.26,1141700,2.237244
2012-01-19,2.13,2.20,2.06,2.13,1556800,2.108553
2012-01-18,2.05,2.14,2.02,2.13,1157500,2.108553
2012-01-17,1.97,2.10,1.97,2.05,1823200,2.029358
2012-01-16,1.93,1.97,1.92,1.93,278800,1.910567
2012-01-13,1.83,1.94,1.83,1.91,1092100,1.890768
2012-01-12,1.81,1.90,1.78,1.88,2164700,1.86107
2012-01-11,1.76,1.81,1.71,1.80,1400000,1.781876
2012-01-10,1.73,1.77,1.73,1.74,392300,1.72248
2012-01-09,1.67,1.74,1.65,1.69,361100,1.672983
2012-01-06,1.62,1.68,1.60,1.66,223400,1.643285
2012-01-05,1.62,1.66,1.56,1.64,278500,1.623487
2012-01-04,1.69,1.71,1.58,1.64,319000,1.623487
2012-01-03,1.62,1.69,1.58,1.69,850500,1.672983
2011-12-30,1.54,1.59,1.46,1.53,420300,1.514594
2011-12-29,1.37,1.51,1.36,1.50,400800,1.484896
2011-12-28,1.46,1.46,1.34,1.43,660700,1.415601
2011-12-23,1.43,1.49,1.40,1.46,256100,1.445299
2011-12-22,1.45,1.47,1.38,1.38,813000,1.366105
2011-12-21,1.44,1.46,1.40,1.42,488000,1.405702
2011-12-20,1.39,1.48,1.39,1.44,659300,1.425501
2011-12-19,1.39,1.40,1.33,1.34,671900,1.326508
2011-12-16,1.36,1.44,1.35,1.38,879100,1.366105
2011-12-15,1.43,1.46,1.31,1.31,797000,1.29681
2011-12-14,1.34,1.44,1.33,1.40,1489300,1.385903
2011-12-13,1.57,1.57,1.41,1.46,1200000,1.445299
2011-12-12,1.54,1.60,1.52,1.55,605000,1.534393
2011-12-09,1.61,1.65,1.55,1.64,938000,1.623487
2011-12-08,1.66,1.69,1.58,1.62,637300,1.603688
2011-12-07,1.77,1.77,1.64,1.64,1976900,1.623487
2011-12-06,1.73,1.78,1.67,1.73,979700,1.712581
2011-12-05,1.75,1.78,1.72,1.73,435400,1.712581
2011-12-02,1.82,1.83,1.69,1.75,746600,1.732379
2011-12-01,1.88,1.88,1.75,1.78,660600,1.762077
2011-11-30,1.80,1.88,1.80,1.88,442300,1.86107
2011-11-29,1.80,1.86,1.70,1.70,556900,1.682883
2011-11-28,1.80,1.88,1.80,1.88,562800,1.86107
2011-11-25,1.73,1.79,1.67,1.67,209400,1.653185
2011-11-24,1.75,1.76,1.72,1.76,123000,1.742279
2011-11-23,1.83,1.85,1.74,1.79,439600,1.771976
2011-11-22,1.81,1.91,1.81,1.84,329900,1.821473
2011-11-21,1.85,1.87,1.78,1.82,560100,1.801674
2011-11-18,1.99,2.00,1.91,1.91,311000,1.890768
2011-11-17,2.06,2.11,1.97,1.99,968500,1.969963
2011-11-16,2.07,2.15,2.06,2.11,772000,2.088754
2011-11-15,2.04,2.14,2.04,2.12,424500,2.098654
2011-11-14,2.08,2.10,2.03,2.08,212000,2.059056
2011-11-11,2.02,2.09,2.00,2.08,283500,2.059056
2011-11-10,1.99,2.01,1.86,1.98,566100,1.960063
2011-11-09,2.07,2.13,1.94,1.98,503900,1.960063
2011-11-08,2.12,2.17,2.10,2.15,645700,2.128352
2011-11-07,2.11,2.16,2.09,2.11,530700,2.088754
2011-11-04,2.12,2.14,2.03,2.10,405900,2.078855
2011-11-03,2.10,2.16,1.99,2.14,852200,2.118452
2011-11-02,2.04,2.11,1.98,2.06,731200,2.039258
2011-11-01,1.84,2.01,1.77,1.98,746200,1.960063
2011-10-31,2.00,2.00,1.91,1.91,443700,1.890768
2011-10-28,1.90,2.03,1.87,2.03,714600,2.00956
2011-10-27,1.84,1.94,1.80,1.93,2013600,1.910567
2011-10-26,2.05,2.06,1.80,1.84,1841300,1.821473
2011-10-25,1.91,2.08,1.86,1.99,746600,1.969963
2011-10-24,1.85,1.89,1.78,1.87,359000,1.851171
2011-10-21,1.75,1.81,1.74,1.79,199000,1.771976
2011-10-20,1.70,1.78,1.70,1.73,317900,1.712581
2011-10-19,1.92,1.92,1.75,1.75,423000,1.732379
2011-10-18,1.76,1.94,1.68,1.94,384800,1.920466
2011-10-17,1.95,1.95,1.79,1.81,277000,1.791775
2011-10-14,1.91,1.93,1.87,1.92,325000,1.900667
2011-10-13,1.93,1.93,1.81,1.90,219000,1.880869
2011-10-12,1.88,1.97,1.87,1.91,689000,1.890768
2011-10-11,1.81,1.87,1.80,1.85,526000,1.831372
2011-10-07,1.89,1.90,1.69,1.75,793000,1.732379
2011-10-06,1.80,1.89,1.79,1.82,768000,1.801674
2011-10-05,1.60,1.77,1.60,1.77,1100000,1.752178
2011-10-04,1.68,1.69,1.51,1.59,863000,1.57399
2011-10-03,1.82,1.90,1.74,1.75,435600,1.732379
2011-09-30,1.82,1.93,1.81,1.86,508000,1.841272
2011-09-29,1.87,1.91,1.70,1.84,760700,1.821473
2011-09-28,2.10,2.10,1.81,1.84,827700,1.821473
2011-09-27,2.18,2.18,2.06,2.09,468400,2.068956
2011-09-26,2.00,2.07,1.92,2.07,984200,2.049157
2011-09-23,2.12,2.19,1.92,2.00,1382200,1.979862
2011-09-22,2.34,2.34,2.18,2.23,840200,2.207546
2011-09-21,2.52,2.57,2.43,2.47,673800,2.44513
2011-09-20,2.44,2.59,2.43,2.50,966900,2.474827
2011-09-19,2.46,2.53,2.39,2.41,1252100,2.385734
2011-09-16,2.56,2.66,2.45,2.45,7838800,2.425331
2011-09-15,2.74,2.74,2.56,2.59,934900,2.563921
2011-09-14,2.76,2.78,2.68,2.71,2418100,2.682713
2011-09-13,2.78,2.78,2.67,2.72,1135000,2.692612
2011-09-12,2.83,2.85,2.70,2.76,4597300,2.73221
2011-09-09,2.74,2.74,2.66,2.70,650100,2.672814
2011-09-08,2.66,2.76,2.64,2.74,1115300,2.712411
2011-09-07,2.51,2.65,2.50,2.64,642500,2.613418
2011-09-06,2.55,2.64,2.49,2.59,935900,2.563921
2011-09-02,2.43,2.61,2.43,2.55,1854000,2.524324
2011-09-01,2.31,2.36,2.29,2.31,521500,2.286741
2011-08-31,2.36,2.40,2.32,2.35,380700,2.326338
2011-08-30,2.25,2.39,2.25,2.36,460500,2.336237
2011-08-29,2.27,2.27,2.20,2.25,157800,2.227345
2011-08-26,2.20,2.24,2.17,2.21,233800,2.187748
2011-08-25,2.12,2.22,2.10,2.17,272800,2.14815
2011-08-24,2.22,2.22,2.10,2.15,251200,2.128352
2011-08-23,2.30,2.30,2.19,2.23,320100,2.207546
2011-08-22,2.27,2.31,2.25,2.30,428800,2.276841
2011-08-19,2.24,2.32,2.20,2.20,397000,2.177848
2011-08-18,2.23,2.31,2.13,2.13,345100,2.108553
2011-08-17,2.31,2.38,2.28,2.33,516000,2.306539
2011-08-16,2.40,2.44,2.31,2.34,495300,2.316438
2011-08-15,2.26,2.45,2.24,2.43,1667900,2.405532
2011-08-12,2.25,2.33,2.25,2.30,426000,2.276841
2011-08-11,2.34,2.34,2.23,2.30,718300,2.276841
2011-08-10,2.29,2.34,2.21,2.28,709800,2.257043
2011-08-09,2.03,2.31,2.03,2.20,1001400,2.177848
2011-08-08,1.99,2.15,1.97,1.98,1076900,1.960063
2011-08-05,2.12,2.25,2.03,2.07,769600,2.049157
2011-08-04,2.40,2.45,2.18,2.21,684300,2.187748
2011-08-03,2.43,2.48,2.37,2.42,353000,2.395633
2011-08-02,2.30,2.45,2.30,2.42,1327800,2.395633
2011-07-29,2.35,2.36,2.28,2.31,251600,2.286741
2011-07-28,2.34,2.43,2.33,2.40,615900,2.375834
2011-07-27,2.47,2.54,2.12,2.38,885400,2.356036
2011-07-26,2.47,2.55,2.45,2.50,296200,2.474827
2011-07-25,2.57,2.57,2.46,2.46,465500,2.43523
2011-07-22,2.58,2.58,2.50,2.52,346000,2.494626
2011-07-21,2.58,2.60,2.53,2.58,590900,2.554022
2011-07-20,2.51,2.60,2.45,2.57,289900,2.544123
2011-07-19,2.52,2.58,2.45,2.51,760200,2.484727
2011-07-18,2.42,2.55,2.37,2.52,1160600,2.494626
2011-07-15,2.44,2.48,2.36,2.48,239400,2.455029
2011-07-14,2.50,2.54,2.38,2.39,499800,2.365935
2011-07-13,2.37,2.47,2.36,2.47,666300,2.44513
2011-07-12,2.25,2.30,2.25,2.30,517100,2.276841
2011-07-11,2.39,2.39,2.27,2.27,321500,2.247143
2011-07-08,2.38,2.41,2.34,2.36,244700,2.336237
2011-07-07,2.42,2.44,2.35,2.37,448000,2.346136
2011-07-06,2.45,2.48,2.41,2.44,447600,2.415432
2011-07-05,2.52,2.54,2.43,2.44,315100,2.415432
2011-07-04,2.42,2.55,2.39,2.52,178000,2.494626
2011-06-30,2.45,2.49,2.40,2.49,417600,2.464928
2011-06-29,2.33,2.47,2.31,2.41,521000,2.385734
2011-06-28,2.30,2.37,2.23,2.37,322000,2.346136
2011-06-27,2.34,2.34,2.24,2.29,349500,2.266942
2011-06-24,2.58,2.59,2.34,2.38,591100,2.356036
2011-06-23,2.32,2.58,2.10,2.58,2288900,2.554022
2011-06-22,2.31,2.58,2.27,2.52,1433400,2.494626
2011-06-21,2.15,2.28,2.13,2.27,2068400,2.247143
2011-06-20,2.08,2.15,2.08,2.13,333100,2.108553
2011-06-17,2.15,2.15,2.07,2.15,519600,2.128352
2011-06-16,2.23,2.28,2.07,2.15,537300,2.128352
2011-06-15,2.18,2.30,2.17,2.25,1173500,2.227345
2011-06-14,2.19,2.21,2.13,2.17,1290900,2.14815
2011-06-13,2.25,2.31,2.03,2.05,709400,2.029358
2011-06-10,2.25,2.36,2.21,2.29,565000,2.266942
2011-06-09,2.10,2.29,2.09,2.27,571900,2.247143
2011-06-08,2.15,2.20,2.07,2.11,924300,2.088754
2011-06-07,2.28,2.33,2.11,2.24,665000,2.217445
2011-06-06,2.45,2.45,2.25,2.26,437400,2.237244
2011-06-03,2.41,2.46,2.38,2.40,231000,2.375834
2011-06-02,2.52,2.58,2.37,2.44,444800,2.415432
2011-06-01,2.50,2.57,2.49,2.52,260300,2.494626
2011-05-31,2.53,2.63,2.47,2.54,661700,2.514425
2011-05-30,2.47,2.50,2.43,2.50,241200,2.474827
2011-05-27,2.35,2.42,2.35,2.41,224000,2.385734
2011-05-26,2.38,2.38,2.32,2.37,239900,2.346136
2011-05-25,2.35,2.39,2.28,2.37,404800,2.346136
2011-05-24,2.33,2.33,2.26,2.32,335000,2.29664
2011-05-20,2.35,2.35,2.24,2.32,450500,2.29664
2011-05-19,2.30,2.36,2.29,2.35,281900,2.326338
2011-05-18,2.31,2.38,2.31,2.35,547200,2.326338
2011-05-17,2.26,2.29,2.22,2.26,1145900,2.237244
2011-05-16,2.41,2.43,2.23,2.31,1300000,2.286741
2011-05-13,2.57,2.57,2.41,2.48,581000,2.455029
2011-05-12,2.42,2.53,2.41,2.51,1100000,2.484727
2011-05-11,2.61,2.61,2.45,2.49,477000,2.464928
2011-05-10,2.67,2.67,2.57,2.61,659000,2.58372
2011-05-09,2.75,2.75,2.57,2.65,584700,2.623317
2011-05-06,2.60,2.93,2.60,2.60,1014000,2.57382
2011-05-05,2.63,2.63,2.42,2.51,814600,2.484727
2011-05-04,2.54,2.68,2.45,2.63,1445000,2.603519
2011-05-03,2.49,2.56,2.42,2.45,764600,2.425331
2011-05-02,2.77,2.77,2.56,2.57,1087300,2.544123
2011-04-29,2.85,2.85,2.78,2.80,876000,2.771807
2011-04-28,2.86,2.86,2.77,2.79,1000000,2.761907
2011-04-27,2.78,2.87,2.75,2.81,1600000,2.781706
2011-04-26,2.80,2.95,2.71,2.78,1409800,2.752008
2011-04-25,2.97,2.97,2.81,2.81,1237100,2.781706
2011-04-21,3.11,3.12,2.97,3.07,524900,3.039088
2011-04-20,3.16,3.16,3.07,3.10,618500,3.068786
2011-04-19,3.03,3.05,2.92,3.05,611500,3.019289
2011-04-18,3.10,3.13,2.93,3.03,533200,2.999491
2011-04-15,3.20,3.24,3.13,3.13,287800,3.098484
2011-04-14,3.05,3.16,3.05,3.16,359500,3.128182
2011-04-13,3.12,3.15,3.01,3.08,596600,3.048987
2011-04-12,3.12,3.12,2.90,3.04,694200,3.00939
2011-04-11,3.39,3.39,2.93,3.11,842500,3.078685
2011-04-08,3.32,3.38,3.30,3.34,752900,3.306369
2011-04-07,3.25,3.31,3.18,3.22,740000,3.187578
2011-04-06,3.20,3.35,3.19,3.24,1077800,3.207376
2011-04-05,2.95,3.18,2.91,3.14,1173400,3.108383
2011-04-04,2.99,3.06,2.96,2.99,659400,2.959894
2011-04-01,2.91,2.95,2.88,2.95,296700,2.920296
2011-03-31,2.94,3.00,2.93,2.95,376200,2.920296
2011-03-30,3.00,3.04,2.91,2.92,448200,2.890599
2011-03-29,2.97,2.99,2.89,2.89,614300,2.860901
2011-03-28,2.93,3.06,2.93,2.97,344900,2.940095
2011-03-25,3.00,3.10,2.95,3.00,562800,2.969793
2011-03-24,3.14,3.17,3.00,3.01,1052400,2.979692
2011-03-23,2.94,3.12,2.92,3.08,1280000,3.048987
2011-03-22,3.02,3.02,2.85,2.90,912000,2.8708
2011-03-21,2.85,3.07,2.84,2.99,1723800,2.959894
2011-03-18,2.75,2.86,2.75,2.79,966800,2.761907
2011-03-17,2.40,2.74,2.40,2.69,1786000,2.662914
2011-03-16,2.31,2.40,2.19,2.25,597400,2.227345
2011-03-15,2.30,2.33,2.21,2.28,1071200,2.257043
2011-03-14,2.59,2.60,2.35,2.41,562500,2.385734
2011-03-11,2.32,2.54,2.32,2.54,480900,2.514425
2011-03-10,2.51,2.52,2.26,2.43,850200,2.405532
2011-03-09,2.65,2.67,2.51,2.52,427700,2.494626
2011-03-08,2.69,2.69,2.61,2.65,363000,2.623317
2011-03-07,2.76,2.80,2.65,2.65,564800,2.623317
2011-03-04,2.76,2.81,2.73,2.75,338600,2.72231
2011-03-03,2.80,2.80,2.72,2.74,341700,2.712411
2011-03-02,2.80,2.86,2.80,2.80,447600,2.771807
2011-03-01,2.75,2.85,2.75,2.82,911100,2.791605
2011-02-28,2.65,2.76,2.65,2.73,539000,2.702512
2011-02-25,2.69,2.77,2.63,2.67,563900,2.643116
2011-02-24,2.80,2.83,2.70,2.70,343100,2.672814
2011-02-23,2.73,2.86,2.73,2.80,795900,2.771807
2011-02-22,2.79,2.87,2.71,2.73,591000,2.702512
2011-02-18,2.70,2.84,2.68,2.76,650200,2.73221
2011-02-17,2.69,2.73,2.68,2.71,228300,2.682713
2011-02-16,2.65,2.74,2.65,2.72,345700,2.692612
2011-02-15,2.65,2.69,2.62,2.68,372500,2.653015
2011-02-14,2.65,2.69,2.61,2.65,492600,2.623317
2011-02-11,2.79,2.79,2.66,2.66,379600,2.633217
2011-02-10,2.75,2.78,2.67,2.78,348600,2.752008
2011-02-09,2.83,2.84,2.66,2.75,562300,2.72231
2011-02-08,2.80,2.86,2.79,2.85,776700,2.821303
2011-02-07,2.80,2.80,2.71,2.78,417000,2.752008
2011-02-04,2.82,2.83,2.76,2.78,540300,2.752008
2011-02-03,2.70,2.81,2.63,2.79,742200,2.761907
2011-02-02,2.69,2.72,2.65,2.70,401800,2.672814
2011-02-01,2.54,2.71,2.54,2.71,1010900,2.682713
2011-01-31,2.58,2.58,2.44,2.51,724100,2.484727
2011-01-28,2.37,2.59,2.37,2.59,640000,2.563921
2011-01-27,2.59,2.59,2.40,2.41,525700,2.385734
2011-01-26,2.28,2.51,2.27,2.49,716200,2.464928
2011-01-25,2.30,2.31,2.18,2.29,1204000,2.266942
2011-01-24,2.46,2.47,2.33,2.38,597200,2.356036
2011-01-21,2.46,2.50,2.44,2.47,568800,2.44513
2011-01-20,2.50,2.51,2.36,2.48,1507100,2.455029
2011-01-19,2.49,2.53,2.44,2.51,633800,2.484727
2011-01-18,2.52,2.53,2.42,2.43,923700,2.405532
2011-01-17,2.48,2.52,2.48,2.50,353700,2.474827
2011-01-14,2.49,2.56,2.48,2.50,400900,2.474827
2011-01-13,2.64,2.65,2.50,2.51,926300,2.484727
2011-01-12,2.68,2.68,2.57,2.60,434000,2.57382
2011-01-11,2.65,2.66,2.61,2.64,571800,2.613418
2011-01-10,2.49,2.67,2.47,2.58,1062600,2.554022
2011-01-07,2.41,2.54,2.38,2.48,1620100,2.455029
2011-01-06,2.68,2.68,2.49,2.49,1049500,2.464928
2011-01-05,2.75,2.79,2.66,2.69,479800,2.662914
2011-01-04,2.90,2.90,2.71,2.81,1013700,2.781706
2010-12-31,2.87,2.93,2.83,2.90,474100,2.8708
2010-12-30,2.95,2.95,2.82,2.83,729700,2.801505
2010-12-29,2.98,3.01,2.90,2.93,1350300,2.900498
2010-12-24,2.79,2.88,2.79,2.88,74000,2.851001
2010-12-23,2.84,2.84,2.80,2.80,228000,2.771807
2010-12-22,2.88,2.88,2.81,2.82,232800,2.791605
2010-12-21,2.90,2.90,2.80,2.85,883400,2.821303
2010-12-20,2.97,2.99,2.87,2.90,381500,2.8708
2010-12-17,2.77,2.95,2.77,2.94,991600,2.910397
2010-12-16,2.75,2.79,2.70,2.73,441900,2.702512
2010-12-15,2.70,2.83,2.66,2.78,1112400,2.752008
2010-12-14,2.86,2.87,2.79,2.81,455400,2.781706
2010-12-13,2.82,2.93,2.80,2.86,695400,2.831203
2010-12-10,2.91,2.91,2.70,2.82,1296700,2.791605
2010-12-09,3.00,3.02,2.85,2.91,1079500,2.880699
2010-12-08,3.00,3.03,2.83,2.93,1552400,2.900498
2010-12-07,3.24,3.24,2.88,3.00,1885700,2.969793
2010-12-06,3.12,3.24,3.03,3.13,1769500,3.098484
2010-12-03,3.04,3.16,3.04,3.10,1596000,3.068786
2010-12-02,2.98,3.17,2.82,2.99,2711000,2.959894
2010-12-01,2.96,2.98,2.75,2.93,2953700,2.900498
2010-11-30,2.45,3.00,2.42,3.00,2733900,2.969793
2010-11-29,2.15,2.42,2.09,2.42,1765800,2.395633
2010-11-26,2.08,2.17,2.08,2.15,503000,2.128352
2010-11-25,2.14,2.17,2.10,2.10,513200,2.078855
2010-11-24,2.16,2.21,2.15,2.16,658000,2.138251
2010-11-23,2.18,2.22,2.11,2.16,906700,2.138251
2010-11-22,2.05,2.18,2.05,2.16,1657700,2.138251
2010-11-19,2.04,2.04,1.96,2.04,549600,2.019459
2010-11-18,1.99,2.05,1.99,1.99,737700,1.969963
2010-11-17,1.78,1.97,1.78,1.93,890300,1.910567
2010-11-16,1.85,1.86,1.72,1.81,1017400,1.791775
2010-11-15,1.96,1.98,1.89,1.89,481000,1.87097
2010-11-12,2.01,2.01,1.91,1.96,743600,1.940265
2010-11-11,2.09,2.09,2.00,2.04,465100,2.019459
2010-11-10,2.04,2.07,1.98,2.06,655100,2.039258
2010-11-09,2.23,2.24,2.04,2.04,1786200,2.019459
2010-11-08,1.99,2.17,1.97,2.17,1513300,2.14815
2010-11-05,2.00,2.03,1.99,1.99,686500,1.969963
2010-11-04,2.01,2.05,1.96,2.01,892800,1.989761
2010-11-03,1.90,1.94,1.85,1.94,667800,1.920466
2010-11-02,1.96,1.96,1.86,1.92,613500,1.900667
2010-11-01,1.98,1.99,1.83,1.97,843600,1.950164
2010-10-29,2.00,2.05,1.97,1.97,748700,1.950164
2010-10-28,2.01,2.03,1.98,2.00,527100,1.979862
2010-10-27,1.98,2.01,1.97,1.99,735100,1.969963
2010-10-26,2.07,2.07,1.99,1.99,518700,1.969963
2010-10-25,2.00,2.06,2.00,2.05,436200,2.029358
2010-10-22,1.98,2.02,1.96,1.98,396500,1.960063
2010-10-21,2.07,2.10,1.97,1.98,948500,1.960063
2010-10-20,1.94,2.02,1.94,2.01,1082800,1.989761
2010-10-19,2.01,2.04,1.88,1.93,3184300,1.910567
2010-10-18,2.09,2.12,2.08,2.10,645400,2.078855
2010-10-15,2.20,2.23,2.07,2.14,1142000,2.118452
2010-10-14,2.14,2.24,2.10,2.20,1837700,2.177848
2010-10-13,2.03,2.15,2.03,2.10,1880000,2.078855
2010-10-12,2.04,2.09,1.97,2.01,1837800,1.989761
2010-10-08,2.05,2.09,2.00,2.02,1778400,1.999661
2010-10-07,1.85,2.13,1.84,2.04,6471200,2.019459
2010-10-06,1.75,1.77,1.70,1.76,2347500,1.742279
2010-10-05,1.63,1.71,1.61,1.69,1964000,1.672983
2010-10-04,1.61,1.62,1.53,1.57,952600,1.554192
2010-10-01,1.67,1.69,1.60,1.61,1207900,1.593789
2010-09-30,1.65,1.67,1.51,1.63,3460000,1.613588
2010-09-29,1.46,1.65,1.40,1.59,3142300,1.57399
2010-09-28,1.39,1.45,1.34,1.41,1276600,1.395803
2010-09-27,1.49,1.49,1.37,1.39,1289300,1.376004
2010-09-24,1.53,1.66,1.43,1.46,3183900,1.445299
2010-09-23,1.30,1.50,1.30,1.48,3030800,1.465098
2010-09-22,1.25,1.30,1.23,1.29,736600,1.277011
2010-09-21,1.28,1.28,1.16,1.20,1752700,1.187917
2010-09-20,1.13,1.31,1.12,1.25,4070800,1.237414
2010-09-17,0.95,1.12,0.95,1.11,2697400,1.098823
2010-09-16,0.95,0.98,0.93,0.94,551600,0.930535
2010-09-15,0.95,0.96,0.93,0.95,272800,0.940434
2010-09-14,0.94,0.97,0.93,0.95,617300,0.940434
2010-09-13,0.95,0.95,0.91,0.93,346200,0.920636
2010-09-10,0.93,0.95,0.93,0.94,185100,0.930535
2010-09-09,0.97,0.97,0.92,0.95,389600,0.940434
2010-09-08,1.00,1.01,0.97,0.99,444600,0.980032
2010-09-07,1.03,1.04,0.99,1.01,600900,0.99983
2010-09-03,0.89,0.98,0.88,0.97,1556000,0.960233
2010-09-02,0.86,0.88,0.86,0.86,131700,0.851341
2010-09-01,0.89,0.90,0.87,0.87,94100,0.86124
2010-08-31,0.88,0.90,0.85,0.90,347700,0.890938
2010-08-30,0.89,0.89,0.85,0.87,163200,0.86124
2010-08-27,0.86,0.90,0.86,0.89,160800,0.881039
2010-08-26,0.89,0.89,0.86,0.87,133200,0.86124
2010-08-25,0.83,0.89,0.83,0.87,156800,0.86124
2010-08-24,0.84,0.86,0.83,0.83,90600,0.821643
2010-08-23,0.87,0.88,0.85,0.86,95400,0.851341
2010-08-20,0.90,0.90,0.87,0.88,74500,0.871139
2010-08-19,0.85,0.91,0.85,0.91,454600,0.900837
2010-08-18,0.84,0.84,0.82,0.84,88800,0.831542
2010-08-17,0.85,0.85,0.82,0.83,75300,0.821643
2010-08-16,0.85,0.87,0.83,0.83,151200,0.821643
2010-08-13,0.83,0.85,0.83,0.85,83000,0.841441
2010-08-12,0.84,0.84,0.82,0.82,62800,0.811743
2010-08-11,0.83,0.83,0.81,0.82,51300,0.811743
2010-08-10,0.85,0.85,0.82,0.85,155000,0.841441
2010-08-09,0.87,0.87,0.85,0.85,137600,0.841441
2010-08-06,0.88,0.88,0.86,0.87,137500,0.86124
2010-08-05,0.80,0.87,0.80,0.86,304500,0.851341
2010-08-04,0.79,0.82,0.79,0.79,197300,0.782046
2010-08-03,0.78,0.78,0.76,0.77,95700,0.762247
2010-07-30,0.76,0.77,0.75,0.76,74200,0.752348
2010-07-29,0.75,0.76,0.75,0.75,266800,0.742448
2010-07-28,0.74,0.76,0.74,0.75,118400,0.742448
2010-07-27,0.74,0.75,0.74,0.74,46500,0.732549
2010-07-26,0.77,0.77,0.75,0.75,112700,0.742448
2010-07-23,0.77,0.77,0.76,0.76,103400,0.752348
2010-07-22,0.75,0.76,0.75,0.75,30800,0.742448
2010-07-21,0.76,0.79,0.74,0.75,241200,0.742448
2010-07-20,0.73,0.75,0.72,0.75,70400,0.742448
2010-07-19,0.76,0.76,0.71,0.73,122700,0.72265
2010-07-16,0.76,0.76,0.74,0.75,379300,0.742448
2010-07-15,0.76,0.77,0.75,0.75,129800,0.742448
2010-07-14,0.79,0.79,0.76,0.77,143100,0.762247
2010-07-13,0.78,0.79,0.77,0.77,117700,0.762247
2010-07-12,0.78,0.79,0.76,0.76,110200,0.752348
2010-07-09,0.76,0.78,0.76,0.78,68500,0.772146
2010-07-08,0.78,0.78,0.75,0.76,75600,0.752348
2010-07-07,0.75,0.78,0.74,0.78,111300,0.772146
2010-07-06,0.76,0.77,0.74,0.75,272200,0.742448
2010-07-05,0.79,0.79,0.76,0.76,52100,0.752348
2010-07-02,0.81,0.83,0.78,0.78,183400,0.772146
2010-06-30,0.82,0.88,0.82,0.82,169800,0.811743
2010-06-29,0.85,0.85,0.81,0.83,189200,0.821643
2010-06-28,0.87,0.87,0.84,0.87,162400,0.86124
2010-06-25,0.85,0.87,0.84,0.87,145600,0.86124
2010-06-24,0.87,0.89,0.84,0.84,380200,0.831542
2010-06-23,0.87,0.87,0.85,0.86,52300,0.851341
2010-06-22,0.87,0.87,0.86,0.86,20200,0.851341
2010-06-21,0.89,0.90,0.86,0.86,219900,0.851341
2010-06-18,0.87,0.90,0.87,0.88,352800,0.871139
2010-06-17,0.84,0.87,0.84,0.85,40700,0.841441
2010-06-16,0.86,0.88,0.84,0.84,70000,0.831542
2010-06-15,0.85,0.87,0.85,0.86,43500,0.851341
2010-06-14,0.88,0.89,0.86,0.87,112800,0.86124
2010-06-11,0.83,0.89,0.83,0.88,590300,0.871139
2010-06-10,0.76,0.83,0.76,0.82,237300,0.811743
2010-06-09,0.75,0.80,0.74,0.76,350800,0.752348
2010-06-08,0.81,0.81,0.73,0.75,620100,0.742448
2010-06-07,0.84,0.85,0.76,0.80,520600,0.791945
2010-06-04,0.86,0.87,0.83,0.85,300300,0.841441
2010-06-03,0.87,0.88,0.86,0.87,216600,0.86124
2010-06-02,0.88,0.88,0.86,0.86,186600,0.851341
2010-06-01,0.89,0.90,0.88,0.89,88000,0.881039
2010-05-31,0.89,0.91,0.88,0.88,35000,0.871139
2010-05-28,0.92,0.92,0.90,0.90,170200,0.890938
2010-05-27,0.91,0.96,0.90,0.92,267300,0.910737
2010-05-26,0.92,0.95,0.91,0.91,327500,0.900837
2010-05-25,0.89,0.91,0.86,0.91,468700,0.900837
2010-05-21,0.90,0.92,0.88,0.88,498400,0.871139
2010-05-20,0.91,0.92,0.88,0.90,385000,0.890938
2010-05-19,0.94,0.95,0.90,0.93,334500,0.920636
2010-05-18,0.97,0.98,0.95,0.95,159800,0.940434
2010-05-17,1.01,1.01,0.93,0.97,608600,0.960233
2010-05-14,1.07,1.07,1.00,1.02,284800,1.00973
2010-05-13,1.09,1.09,1.02,1.02,409200,1.00973
2010-05-12,1.08,1.11,1.03,1.07,1025400,1.059226
2010-05-11,0.96,1.02,0.96,1.01,431000,0.99983
2010-05-10,0.99,1.00,0.92,0.95,612000,0.940434
2010-05-07,0.96,0.98,0.91,0.92,307500,0.910737
2010-05-06,0.96,1.05,0.94,0.96,907600,0.950334
2010-05-05,0.95,0.97,0.89,0.95,479000,0.940434
2010-05-04,1.00,1.02,0.97,0.97,342500,0.960233
2010-05-03,1.03,1.04,1.01,1.02,227900,1.00973
2010-04-30,1.06,1.07,1.02,1.05,340600,1.039427
2010-04-29,1.06,1.08,1.05,1.05,243800,1.039427
2010-04-28,1.02,1.08,1.02,1.06,207000,1.049327
2010-04-27,0.93,1.04,0.93,1.04,368600,1.029528
2010-04-26,1.09,1.09,0.97,0.97,377500,0.960233
2010-04-23,0.99,1.07,0.99,1.05,197500,1.039427
2010-04-22,1.00,1.02,0.97,1.00,397800,0.989931
2010-04-21,1.06,1.06,1.00,1.01,289400,0.99983
2010-04-20,1.06,1.06,1.03,1.05,216200,1.039427
2010-04-19,1.09,1.09,1.03,1.05,290000,1.039427
2010-04-16,1.15,1.15,1.05,1.10,641900,1.088924
2010-04-15,1.12,1.20,1.10,1.17,586500,1.158219
2010-04-14,1.11,1.14,1.08,1.11,464500,1.098823
2010-04-13,1.08,1.10,1.04,1.09,375900,1.079025
2010-04-12,1.05,1.11,1.04,1.10,851100,1.088924
2010-04-09,0.97,1.07,0.97,1.02,955400,1.00973
2010-04-08,0.96,0.97,0.95,0.97,156000,0.960233
2010-04-07,0.93,0.98,0.93,0.98,297400,0.970132
2010-04-06,0.95,0.95,0.92,0.95,381100,0.940434
2010-04-05,0.97,0.97,0.93,0.93,208800,0.920636
2010-04-01,0.95,0.97,0.95,0.96,322300,0.950334
2010-03-31,0.96,0.97,0.93,0.93,242400,0.920636
2010-03-30,0.98,0.98,0.94,0.95,351500,0.940434
2010-03-29,0.98,0.99,0.96,0.97,221100,0.960233
2010-03-26,0.99,1.00,0.97,0.97,322200,0.960233
2010-03-25,1.00,1.02,0.98,0.99,880700,0.980032
2010-03-24,1.00,1.00,0.98,1.00,895900,0.989931
2010-03-23,0.96,1.01,0.96,1.00,421400,0.989931
2010-03-22,1.00,1.00,0.96,0.97,296300,0.960233
2010-03-19,1.03,1.03,0.97,1.00,760000,0.989931
2010-03-18,1.01,1.03,0.97,1.00,380500,0.989931
2010-03-17,1.04,1.04,0.95,1.01,1774500,0.99983
2010-03-16,0.94,1.05,0.94,1.02,1670600,1.00973
2010-03-15,0.91,0.96,0.89,0.95,727200,0.940434
2010-03-12,0.92,0.92,0.86,0.92,1123800,0.910737
2010-03-11,0.86,0.90,0.84,0.89,634400,0.881039
2010-03-10,0.85,0.89,0.85,0.87,520600,0.86124
2010-03-09,0.89,0.91,0.85,0.85,1114400,0.841441
2010-03-08,0.86,0.89,0.85,0.89,592100,0.881039
2010-03-05,0.82,0.86,0.82,0.84,428500,0.831542
2010-03-04,0.85,0.85,0.80,0.81,345300,0.801844
2010-03-03,0.81,0.86,0.81,0.85,703600,0.841441
2010-03-02,0.76,0.82,0.75,0.82,1114200,0.811743
2010-03-01,0.78,0.78,0.75,0.76,270500,0.752348
2010-02-26,0.74,0.78,0.74,0.78,171700,0.772146
2010-02-25,0.76,0.76,0.74,0.74,225600,0.732549
2010-02-24,0.77,0.77,0.74,0.74,74600,0.732549
2010-02-23,0.75,0.77,0.75,0.77,192800,0.762247
2010-02-22,0.75,0.75,0.73,0.74,119600,0.732549
2010-02-19,0.73,0.76,0.73,0.75,311000,0.742448
2010-02-18,0.73,0.74,0.73,0.74,42000,0.732549
2010-02-17,0.77,0.77,0.72,0.74,442000,0.732549
2010-02-16,0.72,0.78,0.72,0.78,377200,0.772146
2010-02-12,0.71,0.74,0.71,0.73,80300,0.72265
2010-02-11,0.71,0.74,0.70,0.71,145700,0.702851
2010-02-10,0.72,0.72,0.70,0.70,104700,0.692952
2010-02-09,0.73,0.73,0.71,0.73,131200,0.72265
2010-02-08,0.70,0.74,0.70,0.70,113300,0.692952
2010-02-05,0.69,0.73,0.67,0.70,399000,0.692952
2010-02-04,0.73,0.73,0.69,0.69,307300,0.683052
2010-02-03,0.76,0.77,0.73,0.73,140800,0.72265
2010-02-02,0.77,0.77,0.75,0.75,221100,0.742448
2010-02-01,0.72,0.75,0.70,0.73,381400,0.72265
2010-01-29,0.72,0.72,0.69,0.72,364900,0.71275
2010-01-28,0.75,0.75,0.70,0.72,557500,0.71275
2010-01-27,0.76,0.76,0.74,0.74,161800,0.732549
2010-01-26,0.73,0.77,0.73,0.75,159400,0.742448
2010-01-25,0.77,0.77,0.73,0.75,365100,0.742448
2010-01-22,0.78,0.80,0.77,0.77,298000,0.762247
2010-01-21,0.82,0.83,0.77,0.79,392300,0.782046
2010-01-20,0.85,0.86,0.82,0.83,184400,0.821643
2010-01-19,0.87,0.88,0.85,0.85,278800,0.841441
2010-01-18,0.86,0.88,0.86,0.87,83300,0.86124
2010-01-15,0.86,0.88,0.85,0.87,196100,0.86124
2010-01-14,0.87,0.88,0.87,0.87,194600,0.86124
2010-01-13,0.89,0.89,0.86,0.86,659500,0.851341
2010-01-12,0.90,0.91,0.88,0.88,241100,0.871139
2010-01-11,0.93,0.93,0.90,0.90,262400,0.890938
2010-01-08,0.90,0.91,0.89,0.90,351900,0.890938
2010-01-07,0.89,0.91,0.87,0.87,227600,0.86124
2010-01-06,0.91,0.94,0.89,0.89,715700,0.881039
2010-01-05,0.84,0.90,0.84,0.89,587700,0.881039
2010-01-04,0.83,0.86,0.83,0.84,426100,0.831542
2009-12-31,0.81,0.82,0.80,0.81,190600,0.801844
2009-12-30,0.82,0.82,0.80,0.80,127300,0.791945
2009-12-29,0.82,0.84,0.81,0.81,221900,0.801844
2009-12-24,0.79,0.82,0.79,0.80,77900,0.791945
2009-12-23,0.77,0.80,0.77,0.78,188200,0.772146
2009-12-22,0.78,0.78,0.77,0.77,100300,0.762247
2009-12-21,0.78,0.79,0.77,0.77,216600,0.762247
2009-12-18,0.79,0.80,0.76,0.79,168000,0.782046
2009-12-17,0.82,0.82,0.78,0.79,186200,0.782046
2009-12-16,0.82,0.84,0.80,0.82,288700,0.811743
2009-12-15,0.77,0.80,0.77,0.80,304100,0.791945
2009-12-14,0.81,0.82,0.78,0.78,380200,0.772146
2009-12-11,0.83,0.83,0.81,0.81,397500,0.801844
2009-12-10,0.85,0.85,0.80,0.82,460100,0.811743
2009-12-09,0.86,0.89,0.82,0.83,905400,0.821643
2009-12-08,0.84,0.88,0.84,0.84,861700,0.831542
2009-12-07,0.83,0.86,0.82,0.84,468400,0.831542
2009-12-04,0.85,0.89,0.84,0.87,354900,0.86124
2009-12-03,0.94,0.94,0.88,0.88,897800,0.871139
2009-12-02,0.89,1.00,0.89,0.95,1835200,0.940434
2009-12-01,0.85,0.90,0.84,0.88,1929900,0.871139
2009-11-30,0.78,0.81,0.78,0.81,450100,0.801844
2009-11-27,0.75,0.78,0.72,0.78,428600,0.772146
2009-11-26,0.79,0.79,0.75,0.76,158500,0.752348
2009-11-25,0.75,0.80,0.74,0.80,1044600,0.791945
2009-11-24,0.74,0.74,0.72,0.74,104400,0.732549
2009-11-23,0.74,0.75,0.72,0.73,354800,0.72265
2009-11-20,0.72,0.74,0.71,0.73,296700,0.72265
2009-11-19,0.73,0.73,0.71,0.72,265600,0.71275
2009-11-18,0.70,0.73,0.69,0.73,359200,0.72265
2009-11-17,0.70,0.70,0.68,0.69,442200,0.683052
2009-11-16,0.68,0.69,0.67,0.69,397900,0.683052
2009-11-13,0.67,0.68,0.65,0.66,131000,0.653354
2009-11-12,0.69,0.69,0.66,0.68,235100,0.673153
2009-11-11,0.69,0.70,0.68,0.69,227600,0.683052
2009-11-10,0.69,0.69,0.68,0.69,185500,0.683052
2009-11-09,0.69,0.72,0.68,0.70,663400,0.692952
2009-11-06,0.71,0.72,0.68,0.69,454300,0.683052
2009-11-05,0.72,0.73,0.71,0.71,226500,0.702851
2009-11-04,0.69,0.72,0.69,0.70,342900,0.692952
2009-11-03,0.64,0.68,0.63,0.68,395700,0.673153
2009-11-02,0.64,0.66,0.64,0.66,117500,0.653354
2009-10-30,0.67,0.67,0.63,0.64,248000,0.633556
2009-10-29,0.65,0.68,0.65,0.66,265900,0.653354
2009-10-28,0.67,0.68,0.65,0.65,300500,0.643455
2009-10-27,0.67,0.70,0.67,0.67,182200,0.663254
2009-10-26,0.69,0.70,0.67,0.67,594300,0.663254
2009-10-23,0.70,0.71,0.68,0.70,330000,0.692952
2009-10-22,0.72,0.73,0.70,0.70,151400,0.692952
2009-10-21,0.72,0.73,0.69,0.73,469600,0.72265
2009-10-20,0.73,0.74,0.71,0.71,241500,0.702851
2009-10-19,0.75,0.76,0.72,0.74,303400,0.732549
2009-10-16,0.75,0.75,0.73,0.75,471700,0.742448
2009-10-15,0.72,0.77,0.70,0.77,580900,0.762247
2009-10-14,0.69,0.75,0.68,0.75,1511000,0.742448
2009-10-13,0.71,0.71,0.69,0.70,820200,0.692952
2009-10-09,0.70,0.71,0.67,0.70,1022900,0.692952
2009-10-08,0.70,0.74,0.70,0.70,1217800,0.692952
2009-10-07,0.71,0.72,0.69,0.70,421700,0.692952
2009-10-06,0.71,0.75,0.70,0.70,859500,0.692952
2009-10-05,0.69,0.71,0.68,0.71,445700,0.702851
2009-10-02,0.66,0.69,0.65,0.68,530300,0.673153
2009-10-01,0.68,0.69,0.67,0.67,555900,0.663254
2009-09-30,0.66,0.68,0.65,0.68,328800,0.673153
2009-09-29,0.67,0.67,0.61,0.66,532300,0.653354
2009-09-28,0.68,0.70,0.67,0.67,226400,0.663254
2009-09-25,0.67,0.70,0.66,0.68,245100,0.673153
2009-09-24,0.70,0.71,0.67,0.68,302400,0.673153
2009-09-23,0.74,0.75,0.68,0.70,686200,0.692952
2009-09-22,0.73,0.73,0.72,0.72,289400,0.71275
2009-09-21,0.71,0.72,0.69,0.71,473000,0.702851
2009-09-18,0.73,0.74,0.72,0.72,462100,0.71275
2009-09-17,0.74,0.76,0.71,0.73,518700,0.72265
2009-09-16,0.72,0.74,0.71,0.72,909900,0.71275
2009-09-15,0.69,0.70,0.66,0.69,600800,0.683052
2009-09-14,0.68,0.68,0.66,0.66,271800,0.653354
2009-09-11,0.69,0.71,0.67,0.68,417000,0.673153
2009-09-10,0.66,0.68,0.65,0.68,1517100,0.673153
2009-09-09,0.68,0.69,0.64,0.64,661700,0.633556
2009-09-08,0.73,0.73,0.68,0.70,671300,0.692952
2009-09-04,0.70,0.70,0.68,0.68,847900,0.673153
2009-09-03,0.66,0.70,0.65,0.69,1229000,0.683052
2009-09-02,0.62,0.68,0.60,0.65,697500,0.643455
2009-09-01,0.63,0.63,0.60,0.61,262900,0.603858
2009-08-31,0.66,0.67,0.62,0.63,525000,0.623657
2009-08-28,0.69,0.70,0.65,0.66,412800,0.653354
2009-08-27,0.68,0.69,0.66,0.66,1140500,0.653354
2009-08-26,0.70,0.72,0.68,0.69,999200,0.683052
2009-08-25,0.67,0.71,0.66,0.68,830500,0.673153
2009-08-24,0.66,0.70,0.64,0.66,626000,0.653354
2009-08-21,0.65,0.66,0.65,0.66,420800,0.653354
2009-08-20,0.64,0.65,0.63,0.63,446900,0.623657
2009-08-19,0.65,0.65,0.63,0.64,865200,0.633556
2009-08-18,0.63,0.67,0.61,0.65,507900,0.643455
2009-08-17,0.63,0.63,0.59,0.60,625700,0.593959
2009-08-14,0.67,0.67,0.63,0.64,491300,0.633556
2009-08-13,0.68,0.68,0.64,0.66,788100,0.653354
2009-08-12,0.69,0.69,0.66,0.68,424500,0.673153
2009-08-11,0.70,0.70,0.64,0.68,561100,0.673153
2009-08-10,0.70,0.71,0.69,0.70,334500,0.692952
2009-08-07,0.72,0.73,0.70,0.70,843500,0.692952
2009-08-06,0.72,0.73,0.72,0.72,188700,0.71275
2009-08-05,0.74,0.74,0.72,0.73,212600,0.72265
2009-08-04,0.71,0.75,0.71,0.74,662800,0.732549
2009-07-31,0.71,0.72,0.71,0.71,300700,0.702851
2009-07-30,0.70,0.72,0.69,0.72,170700,0.71275
2009-07-29,0.71,0.71,0.69,0.70,245000,0.692952
2009-07-28,0.73,0.73,0.71,0.71,265600,0.702851
2009-07-27,0.73,0.73,0.70,0.73,260800,0.72265
2009-07-24,0.75,0.75,0.69,0.73,2172400,0.72265
2009-07-23,0.84,0.84,0.81,0.84,161600,0.831542
2009-07-22,0.83,0.85,0.83,0.84,25000,0.831542
2009-07-21,0.86,0.86,0.82,0.85,270000,0.841441
2009-07-20,0.83,0.85,0.80,0.83,161200,0.821643
2009-07-17,0.78,0.81,0.77,0.81,254300,0.801844
2009-07-16,0.80,0.83,0.79,0.79,246700,0.782046
2009-07-15,0.82,0.87,0.81,0.82,216100,0.811743
2009-07-14,0.82,0.84,0.80,0.80,175300,0.791945
2009-07-13,0.80,0.83,0.80,0.83,51800,0.821643
2009-07-10,0.85,0.85,0.81,0.82,145300,0.811743
2009-07-09,0.83,0.87,0.83,0.85,98700,0.841441
2009-07-08,0.86,0.87,0.82,0.83,251500,0.821643
2009-07-07,0.83,0.87,0.80,0.87,232100,0.86124
2009-07-06,0.85,0.85,0.80,0.85,197200,0.841441
2009-07-03,0.87,0.87,0.87,0.87,000,0.86124
2009-07-02,0.84,0.87,0.81,0.87,187600,0.86124
2009-06-30,0.81,0.83,0.80,0.82,252700,0.811743
2009-06-29,0.87,0.88,0.82,0.82,297500,0.811743
2009-06-26,0.90,0.90,0.86,0.86,121900,0.851341
2009-06-25,0.90,0.90,0.88,0.90,112100,0.890938
2009-06-24,0.84,0.98,0.84,0.87,329000,0.86124
2009-06-23,0.83,0.86,0.83,0.83,102000,0.821643
2009-06-22,0.91,0.93,0.84,0.84,215200,0.831542
2009-06-19,0.79,0.97,0.79,0.92,561400,0.910737
2009-06-18,0.80,0.80,0.76,0.78,114500,0.772146
2009-06-17,0.80,0.82,0.79,0.79,159200,0.782046
2009-06-16,0.84,0.84,0.80,0.82,134500,0.811743
2009-06-15,0.82,0.82,0.78,0.81,129500,0.801844
2009-06-12,0.87,0.87,0.82,0.82,180500,0.811743
2009-06-11,0.90,0.90,0.85,0.88,289800,0.871139
2009-06-10,0.98,0.98,0.88,0.91,214400,0.900837
2009-06-09,0.91,0.99,0.90,0.98,617200,0.970132
2009-06-08,0.83,0.93,0.80,0.93,498600,0.920636
2009-06-05,0.81,0.83,0.80,0.81,307900,0.801844
2009-06-04,0.81,0.87,0.81,0.86,61800,0.851341
2009-06-03,0.83,0.85,0.80,0.82,145200,0.811743
2009-06-02,0.81,0.86,0.81,0.86,127600,0.851341
2009-06-01,0.88,0.89,0.79,0.86,187100,0.851341
2009-05-29,0.78,0.89,0.78,0.87,346500,0.86124
2009-05-28,0.71,0.79,0.71,0.78,534600,0.772146
2009-05-27,0.72,0.74,0.70,0.72,259400,0.71275
2009-05-26,0.75,0.75,0.72,0.73,138200,0.72265
2009-05-25,0.72,0.74,0.72,0.72,28500,0.71275
2009-05-22,0.71,0.74,0.70,0.72,180100,0.71275
2009-05-21,0.70,0.72,0.68,0.71,372900,0.702851
2009-05-20,0.70,0.73,0.67,0.68,231600,0.673153
2009-05-19,0.67,0.71,0.67,0.71,145600,0.702851
2009-05-15,0.66,0.70,0.66,0.69,86200,0.683052
2009-05-14,0.69,0.69,0.66,0.67,149900,0.663254
2009-05-13,0.74,0.75,0.69,0.69,182500,0.683052
2009-05-12,0.76,0.76,0.74,0.75,105300,0.742448
2009-05-11,0.74,0.76,0.74,0.74,133500,0.732549
2009-05-08,0.74,0.76,0.72,0.75,359900,0.742448
2009-05-07,0.72,0.74,0.71,0.74,284000,0.732549
2009-05-06,0.73,0.74,0.70,0.72,177100,0.71275
2009-05-05,0.70,0.74,0.66,0.74,383400,0.732549
2009-05-04,0.69,0.71,0.66,0.69,301300,0.683052
2009-05-01,0.65,0.70,0.64,0.68,155800,0.673153
2009-04-30,0.69,0.69,0.64,0.67,258400,0.663254
2009-04-29,0.70,0.70,0.65,0.65,297500,0.643455
2009-04-28,0.68,0.71,0.65,0.70,359000,0.692952
2009-04-27,0.69,0.72,0.67,0.70,283300,0.692952
2009-04-24,0.63,0.72,0.63,0.68,559500,0.673153
2009-04-23,0.59,0.62,0.59,0.61,152700,0.603858
2009-04-22,0.57,0.60,0.57,0.58,165100,0.57416
2009-04-21,0.59,0.60,0.57,0.58,134100,0.57416
2009-04-20,0.59,0.59,0.57,0.57,45600,0.564261
2009-04-17,0.59,0.60,0.57,0.60,82400,0.593959
2009-04-16,0.58,0.59,0.57,0.59,103200,0.584059
2009-04-15,0.60,0.60,0.58,0.59,199100,0.584059
2009-04-14,0.63,0.63,0.61,0.62,190200,0.613757
2009-04-13,0.62,0.65,0.62,0.65,222900,0.643455
2009-04-09,0.63,0.66,0.62,0.63,192700,0.623657
2009-04-08,0.62,0.64,0.61,0.64,148500,0.633556
2009-04-07,0.65,0.65,0.62,0.62,208700,0.613757
2009-04-06,0.63,0.66,0.63,0.65,295800,0.643455
2009-04-03,0.63,0.66,0.63,0.66,180200,0.653354
2009-04-02,0.64,0.65,0.61,0.65,542900,0.643455
2009-04-01,0.72,0.74,0.64,0.65,548700,0.643455
2009-03-31,0.77,0.77,0.70,0.70,174800,0.692952
2009-03-30,0.75,0.75,0.72,0.74,134600,0.732549
2009-03-27,0.74,0.76,0.74,0.76,23900,0.752348
2009-03-26,0.76,0.78,0.75,0.75,87000,0.742448
2009-03-25,0.75,0.78,0.74,0.78,163800,0.772146
2009-03-24,0.76,0.77,0.74,0.74,88700,0.732549
2009-03-23,0.79,0.80,0.76,0.77,141300,0.762247
2009-03-20,0.77,0.79,0.74,0.78,250300,0.772146
2009-03-19,0.75,0.79,0.75,0.75,296800,0.742448
2009-03-18,0.75,0.75,0.67,0.73,215900,0.72265
2009-03-17,0.72,0.75,0.70,0.72,276500,0.71275
2009-03-16,0.66,0.72,0.65,0.72,180900,0.71275
2009-03-13,0.68,0.69,0.63,0.64,90100,0.633556
2009-03-12,0.65,0.67,0.64,0.67,274400,0.663254
2009-03-11,0.57,0.63,0.56,0.63,509200,0.623657
2009-03-10,0.67,0.67,0.55,0.59,318400,0.584059
2009-03-09,0.68,0.68,0.66,0.67,160400,0.663254
2009-03-06,0.70,0.70,0.66,0.66,261500,0.653354
2009-03-05,0.69,0.70,0.68,0.70,141200,0.692952
2009-03-04,0.66,0.72,0.66,0.68,414600,0.673153
2009-03-03,0.65,0.67,0.63,0.64,176800,0.633556
2009-03-02,0.73,0.74,0.61,0.65,404300,0.643455
2009-02-27,0.70,0.74,0.70,0.73,271600,0.72265
2009-02-26,0.66,0.71,0.66,0.68,181800,0.673153
2009-02-25,0.69,0.72,0.65,0.67,312900,0.663254
2009-02-24,0.69,0.75,0.65,0.66,772800,0.653354
2009-02-23,0.70,0.73,0.68,0.73,271400,0.72265
2009-02-20,0.66,0.70,0.65,0.67,591400,0.663254
2009-02-19,0.75,0.75,0.69,0.70,383600,0.692952
2009-02-18,0.71,0.76,0.65,0.75,926900,0.742448
2009-02-17,0.59,0.79,0.59,0.75,1964200,0.742448
2009-02-13,0.50,0.50,0.47,0.48,388100,0.475167
2009-02-12,0.50,0.51,0.48,0.50,441400,0.494965
2009-02-11,0.53,0.54,0.49,0.50,970600,0.494965
2009-02-10,0.52,0.62,0.50,0.54,1994800,0.534563
2009-02-09,0.38,0.49,0.38,0.49,3814000,0.485066
2009-02-06,0.38,0.38,0.36,0.37,163200,0.366274
2009-02-05,0.34,0.37,0.33,0.36,65300,0.356375
2009-02-04,0.34,0.35,0.32,0.33,185800,0.326677
2009-02-03,0.34,0.37,0.32,0.34,359400,0.336577
2009-02-02,0.36,0.37,0.33,0.34,383100,0.336577
2009-01-30,0.38,0.38,0.37,0.37,466000,0.366274
2009-01-29,0.39,0.39,0.38,0.39,296800,0.386073
2009-01-28,0.40,0.40,0.38,0.39,245300,0.386073
2009-01-27,0.39,0.44,0.39,0.40,493700,0.395972
2009-01-26,0.39,0.39,0.38,0.39,578800,0.386073
2009-01-23,0.38,0.38,0.37,0.38,972700,0.376174
2009-01-22,0.38,0.38,0.37,0.38,103000,0.376174
2009-01-21,0.39,0.39,0.37,0.38,138000,0.376174
2009-01-20,0.38,0.39,0.37,0.38,400200,0.376174
2009-01-19,0.39,0.39,0.37,0.38,81300,0.376174
2009-01-16,0.39,0.39,0.37,0.39,558700,0.386073
2009-01-15,0.39,0.40,0.38,0.38,324500,0.376174
2009-01-14,0.40,0.40,0.39,0.39,112500,0.386073
2009-01-13,0.40,0.42,0.39,0.42,138500,0.415771
2009-01-12,0.42,0.43,0.39,0.41,220400,0.405872
2009-01-09,0.42,0.44,0.42,0.43,35200,0.42567
2009-01-08,0.46,0.46,0.42,0.44,45600,0.43557
2009-01-07,0.45,0.46,0.40,0.42,147900,0.415771
2009-01-06,0.43,0.45,0.42,0.45,225000,0.445469
2009-01-05,0.39,0.42,0.39,0.42,175000,0.415771
2009-01-02,0.43,0.48,0.39,0.43,595700,0.42567
2008-12-31,0.44,0.47,0.41,0.47,193600,0.465268
2008-12-30,0.47,0.49,0.43,0.46,198700,0.455368
2008-12-29,0.45,0.50,0.43,0.46,411200,0.455368
2008-12-24,0.42,0.45,0.39,0.40,188400,0.395972
2008-12-23,0.44,0.45,0.41,0.42,172400,0.415771
2008-12-22,0.49,0.49,0.44,0.45,140700,0.445469
2008-12-19,0.55,0.55,0.43,0.49,375700,0.485066
2008-12-18,0.55,0.57,0.53,0.57,224400,0.564261
2008-12-17,0.53,0.57,0.53,0.57,3500,0.564261
2008-12-16,0.56,0.56,0.51,0.52,89000,0.514764
2008-12-15,0.54,0.59,0.54,0.59,102000,0.584059
2008-12-12,0.56,0.57,0.51,0.57,50000,0.564261
2008-12-11,0.57,0.58,0.53,0.57,297200,0.564261
2008-12-10,0.51,0.57,0.49,0.56,265700,0.554361
2008-12-09,0.51,0.51,0.44,0.46,91000,0.455368
2008-12-08,0.48,0.52,0.48,0.49,216000,0.485066
2008-12-05,0.49,0.50,0.45,0.47,363000,0.465268
2008-12-04,0.55,0.55,0.49,0.49,448800,0.485066
2008-12-03,0.53,0.57,0.51,0.53,148200,0.524663
2008-12-02,0.55,0.56,0.53,0.54,57800,0.534563
2008-12-01,0.59,0.59,0.53,0.54,63700,0.534563
2008-11-28,0.67,0.67,0.58,0.58,118200,0.57416
2008-11-27,0.64,0.64,0.62,0.62,47100,0.613757
2008-11-26,0.65,0.68,0.61,0.67,45000,0.663254
2008-11-25,0.71,0.71,0.64,0.64,63200,0.633556
2008-11-24,0.64,0.73,0.63,0.69,207600,0.683052
2008-11-21,0.58,0.64,0.56,0.64,116800,0.633556
2008-11-20,0.56,0.58,0.55,0.55,36400,0.544462
2008-11-19,0.64,0.64,0.55,0.55,65400,0.544462
2008-11-18,0.65,0.65,0.59,0.59,23900,0.584059
2008-11-17,0.64,0.68,0.60,0.64,73700,0.633556
2008-11-14,0.68,0.69,0.58,0.63,190500,0.623657
2008-11-13,0.68,0.71,0.60,0.67,148000,0.663254
2008-11-12,0.70,0.75,0.68,0.69,110400,0.683052
2008-11-11,0.78,0.80,0.67,0.73,132300,0.72265
2008-11-10,0.82,0.85,0.78,0.83,98800,0.821643
2008-11-07,0.80,0.85,0.80,0.81,106300,0.801844
2008-11-06,0.80,0.84,0.79,0.81,104200,0.801844
2008-11-05,0.83,0.84,0.76,0.80,208900,0.791945
2008-11-04,0.72,0.82,0.72,0.82,217200,0.811743
2008-11-03,0.68,0.74,0.66,0.70,133000,0.692952
2008-10-31,0.66,0.72,0.64,0.68,96200,0.673153
2008-10-30,0.66,0.75,0.65,0.66,175900,0.653354
2008-10-29,0.54,0.75,0.53,0.65,194500,0.643455
2008-10-28,0.50,0.55,0.49,0.55,166700,0.544462
2008-10-27,0.52,0.52,0.45,0.50,295900,0.494965
2008-10-24,0.48,0.54,0.45,0.54,352600,0.534563
2008-10-23,0.54,0.55,0.48,0.52,284100,0.514764
2008-10-22,0.61,0.65,0.53,0.56,309500,0.554361
2008-10-21,0.69,0.69,0.59,0.64,429000,0.633556
2008-10-20,0.70,0.75,0.65,0.66,228700,0.653354
2008-10-17,0.72,0.77,0.65,0.69,145400,0.683052
2008-10-16,0.83,0.84,0.67,0.70,297100,0.692952
2008-10-15,0.88,0.90,0.84,0.84,104000,0.831542
2008-10-14,0.92,0.97,0.88,0.95,181900,0.940434
2008-10-10,0.84,0.91,0.74,0.91,629600,0.900837
2008-10-09,0.85,0.89,0.83,0.86,166600,0.851341
2008-10-08,0.83,0.93,0.79,0.86,267200,0.851341
2008-10-07,0.80,0.86,0.80,0.80,184800,0.791945
2008-10-06,0.90,0.97,0.78,0.79,328500,0.782046
2008-10-03,0.96,1.00,0.90,0.95,112900,0.940434
2008-10-02,1.12,1.12,0.95,1.03,260300,1.019629
2008-10-01,1.10,1.17,1.10,1.10,2097600,1.088924
2008-09-30,1.03,1.20,1.01,1.10,139200,1.088924
2008-09-29,1.10,1.10,1.02,1.05,331800,1.039427
2008-09-26,1.12,1.17,1.10,1.10,68600,1.088924
2008-09-25,1.12,1.15,1.08,1.11,74600,1.098823
2008-09-24,1.09,1.14,1.09,1.14,110200,1.128521
2008-09-23,1.11,1.14,1.07,1.09,57500,1.079025
2008-09-22,1.07,1.15,1.06,1.12,185800,1.108723
2008-09-19,1.05,1.09,1.02,1.07,108200,1.059226
2008-09-18,1.07,1.18,1.02,1.07,262300,1.059226
2008-09-17,0.90,1.08,0.90,1.02,229800,1.00973
2008-09-16,0.99,0.99,0.89,0.94,133100,0.930535
2008-09-15,1.02,1.04,0.95,0.99,70900,0.980032
2008-09-12,0.85,0.99,0.85,0.99,114900,0.980032
2008-09-11,0.80,0.90,0.80,0.85,384400,0.841441
2008-09-10,0.86,0.90,0.77,0.81,233400,0.801844
2008-09-09,0.95,1.00,0.80,0.86,542000,0.851341
2008-09-08,1.05,1.07,0.94,0.94,197100,0.930535
2008-09-05,1.03,1.07,1.00,1.03,39200,1.019629
2008-09-04,1.04,1.09,1.00,1.01,198200,0.99983
2008-09-03,1.11,1.16,1.03,1.04,246600,1.029528
2008-09-02,1.20,1.20,1.06,1.10,284600,1.088924
2008-08-29,1.20,1.22,1.16,1.20,101800,1.187917
2008-08-28,1.22,1.22,1.18,1.20,100000,1.187917
2008-08-27,1.18,1.23,1.17,1.21,141000,1.197817
2008-08-26,1.21,1.21,1.14,1.16,42100,1.14832
2008-08-25,1.16,1.21,1.14,1.21,111300,1.197817
2008-08-22,1.17,1.17,1.12,1.14,41800,1.128521
2008-08-21,1.20,1.22,1.13,1.18,85100,1.168119
2008-08-20,1.15,1.18,1.10,1.10,70500,1.088924
2008-08-19,1.07,1.12,1.07,1.12,73300,1.108723
2008-08-18,1.19,1.20,1.00,1.11,234700,1.098823
2008-08-15,1.18,1.21,1.12,1.19,71100,1.178018
2008-08-14,1.22,1.23,1.16,1.18,117500,1.168119
2008-08-13,1.10,1.21,1.07,1.21,133900,1.197817
2008-08-12,1.02,1.10,1.01,1.07,88200,1.059226
2008-08-11,1.05,1.14,0.95,1.01,153000,0.99983
2008-08-08,1.15,1.15,1.00,1.02,242200,1.00973
2008-08-07,1.20,1.21,1.09,1.14,81900,1.128521
2008-08-06,1.15,1.16,1.06,1.10,136300,1.088924
2008-08-05,1.05,1.11,1.00,1.05,55600,1.039427
2008-08-01,1.02,1.18,1.02,1.11,215200,1.098823
2008-07-31,0.95,1.02,0.95,1.00,88900,0.989931
2008-07-30,0.92,0.95,0.89,0.92,271600,0.910737
2008-07-29,0.91,0.95,0.86,0.89,359200,0.881039
2008-07-28,1.05,1.05,0.94,0.95,298400,0.940434
2008-07-25,0.97,1.05,0.93,0.95,371200,0.940434
2008-07-24,1.05,1.05,0.91,0.96,304200,0.950334
2008-07-23,1.08,1.10,1.01,1.02,201800,1.00973
2008-07-22,1.18,1.20,1.06,1.07,286800,1.059226
2008-07-21,1.23,1.23,1.17,1.22,54000,1.207716
2008-07-18,1.19,1.22,1.15,1.20,126400,1.187917
2008-07-17,1.18,1.23,1.16,1.17,297600,1.158219
2008-07-16,1.21,1.21,1.17,1.17,192800,1.158219
2008-07-15,1.23,1.25,1.19,1.20,159900,1.187917
2008-07-14,1.25,1.27,1.18,1.21,364900,1.197817
2008-07-11,1.26,1.27,1.21,1.22,123700,1.207716
2008-07-10,1.27,1.30,1.26,1.27,40000,1.257212
2008-07-09,1.19,1.28,1.17,1.25,65800,1.237414
2008-07-08,1.27,1.27,1.18,1.20,116400,1.187917
2008-07-07,1.32,1.32,1.23,1.24,66500,1.227514
2008-07-04,1.30,1.30,1.30,1.30,700,1.28691
2008-07-03,1.32,1.33,1.30,1.30,10700,1.28691
2008-07-02,1.26,1.35,1.26,1.31,90100,1.29681
2008-06-30,1.33,1.33,1.26,1.27,245800,1.257212
2008-06-27,1.30,1.33,1.28,1.33,117300,1.316608
2008-06-26,1.31,1.33,1.27,1.27,93000,1.257212
2008-06-25,1.34,1.34,1.26,1.30,45800,1.28691
2008-06-24,1.33,1.36,1.28,1.32,150600,1.306709
2008-06-23,1.37,1.37,1.32,1.33,28900,1.316608
2008-06-20,1.32,1.39,1.32,1.38,55800,1.366105
2008-06-19,1.40,1.40,1.31,1.32,186800,1.306709
2008-06-18,1.43,1.43,1.36,1.36,92500,1.346306
2008-06-17,1.38,1.40,1.35,1.40,163400,1.385903
2008-06-16,1.48,1.50,1.38,1.42,189700,1.405702
2008-06-13,1.52,1.52,1.46,1.46,91800,1.445299
2008-06-12,1.49,1.55,1.49,1.55,464200,1.534393
2008-06-11,1.47,1.50,1.45,1.47,86900,1.455199
2008-06-10,1.50,1.50,1.42,1.44,147800,1.425501
2008-06-09,1.51,1.53,1.48,1.52,64300,1.504695
2008-06-06,1.52,1.54,1.47,1.48,87500,1.465098
2008-06-05,1.50,1.55,1.46,1.54,123000,1.524494
2008-06-04,1.42,1.50,1.42,1.50,125400,1.484896
2008-06-03,1.45,1.46,1.41,1.44,262100,1.425501
2008-06-02,1.50,1.58,1.46,1.49,258800,1.474997
2008-05-30,1.57,1.58,1.48,1.49,161000,1.474997
2008-05-29,1.53,1.55,1.46,1.55,176700,1.534393
2008-05-28,1.59,1.59,1.49,1.58,237100,1.564091
2008-05-27,1.49,1.59,1.46,1.59,328700,1.57399
2008-05-26,1.44,1.48,1.41,1.48,117300,1.465098
2008-05-23,1.40,1.41,1.37,1.39,88600,1.376004
2008-05-22,1.35,1.39,1.35,1.36,48500,1.346306
2008-05-21,1.35,1.37,1.34,1.34,133100,1.326508
2008-05-20,1.35,1.38,1.34,1.37,180100,1.356205
2008-05-16,1.38,1.38,1.35,1.36,85400,1.346306
2008-05-15,1.36,1.40,1.34,1.38,92200,1.366105
2008-05-14,1.37,1.40,1.36,1.36,85500,1.346306
2008-05-13,1.35,1.41,1.35,1.40,58500,1.385903
2008-05-12,1.39,1.39,1.36,1.37,49200,1.356205
2008-05-09,1.40,1.40,1.36,1.39,83900,1.376004
2008-05-08,1.27,1.40,1.27,1.40,125300,1.385903
2008-05-07,1.26,1.28,1.25,1.25,48100,1.237414
2008-05-06,1.32,1.33,1.27,1.28,75900,1.267112
2008-05-05,1.28,1.32,1.27,1.32,123200,1.306709
2008-05-02,1.33,1.33,1.25,1.27,107000,1.257212
2008-05-01,1.29,1.32,1.23,1.32,210200,1.306709
2008-04-30,1.33,1.35,1.29,1.33,148200,1.316608
2008-04-29,1.34,1.35,1.32,1.32,104700,1.306709
2008-04-28,1.36,1.37,1.33,1.34,102000,1.326508
2008-04-25,1.35,1.38,1.34,1.36,133200,1.346306
2008-04-24,1.36,1.37,1.32,1.34,221300,1.326508
2008-04-23,1.38,1.40,1.35,1.37,118400,1.356205
2008-04-22,1.39,1.40,1.38,1.38,72500,1.366105
2008-04-21,1.37,1.40,1.37,1.38,73600,1.366105
2008-04-18,1.44,1.47,1.37,1.43,65500,1.415601
2008-04-17,1.44,1.45,1.41,1.42,122000,1.405702
2008-04-16,1.42,1.48,1.41,1.47,189600,1.455199
2008-04-15,1.48,1.48,1.40,1.44,72000,1.425501
2008-04-14,1.42,1.48,1.40,1.41,73000,1.395803
2008-04-11,1.39,1.41,1.37,1.40,14700,1.385903
2008-04-10,1.41,1.44,1.35,1.42,48500,1.405702
2008-04-09,1.47,1.47,1.40,1.42,81000,1.405702
2008-04-08,1.43,1.50,1.43,1.46,47200,1.445299
2008-04-07,1.49,1.49,1.43,1.47,28000,1.455199
2008-04-04,1.45,1.47,1.41,1.43,96900,1.415601
2008-04-03,1.45,1.52,1.42,1.49,43100,1.474997
2008-04-02,1.52,1.54,1.41,1.43,104100,1.415601
2008-04-01,1.47,1.52,1.41,1.48,46400,1.465098
2008-03-31,1.45,1.52,1.41,1.48,92200,1.465098
2008-03-28,1.49,1.50,1.43,1.43,39200,1.415601
2008-03-27,1.60,1.60,1.46,1.50,144500,1.484896
2008-03-26,1.58,1.62,1.55,1.60,93100,1.58389
2008-03-25,1.50,1.60,1.50,1.56,93100,1.544292
2008-03-24,1.42,1.55,1.42,1.50,126200,1.484896
2008-03-20,1.35,1.41,1.27,1.36,162500,1.346306
2008-03-19,1.41,1.45,1.38,1.45,128300,1.4354
2008-03-18,1.50,1.50,1.41,1.43,131100,1.415601
2008-03-17,1.55,1.55,1.48,1.48,65200,1.465098
2008-03-14,1.61,1.66,1.51,1.55,156800,1.534393
2008-03-13,1.59,1.67,1.57,1.61,123300,1.593789
2008-03-12,1.61,1.61,1.54,1.60,79800,1.58389
2008-03-11,1.59,1.62,1.56,1.57,71200,1.554192
2008-03-10,1.65,1.65,1.52,1.52,65200,1.504695
2008-03-07,1.68,1.68,1.59,1.62,53200,1.603688
2008-03-06,1.65,1.66,1.61,1.61,38100,1.593789
2008-03-05,1.64,1.71,1.64,1.66,70400,1.643285
2008-03-04,1.61,1.73,1.51,1.66,138000,1.643285
2008-03-03,1.66,1.75,1.61,1.65,97100,1.633386
2008-02-29,1.78,1.78,1.50,1.65,168000,1.633386
2008-02-28,1.77,1.81,1.75,1.79,50000,1.771976
2008-02-27,1.75,1.79,1.72,1.78,108900,1.762077
2008-02-26,1.77,1.81,1.72,1.80,48600,1.781876
2008-02-25,1.74,1.92,1.73,1.77,132300,1.752178
2008-02-22,1.68,1.73,1.68,1.73,74000,1.712581
2008-02-21,1.60,1.74,1.60,1.67,172200,1.653185
2008-02-20,1.52,1.70,1.52,1.60,277700,1.58389
2008-02-19,1.48,1.57,1.46,1.51,95000,1.494796
2008-02-15,1.41,1.51,1.41,1.48,82800,1.465098
2008-02-14,1.33,1.46,1.33,1.46,159700,1.445299
2008-02-13,1.38,1.40,1.28,1.35,61600,1.336407
2008-02-12,1.38,1.40,1.29,1.35,100400,1.336407
2008-02-11,1.35,1.39,1.35,1.39,56600,1.376004
2008-02-08,1.37,1.38,1.34,1.34,72800,1.326508
2008-02-07,1.39,1.39,1.35,1.37,27900,1.356205
2008-02-06,1.36,1.40,1.34,1.34,25300,1.326508
2008-02-05,1.38,1.42,1.36,1.36,31200,1.346306
2008-02-04,1.37,1.42,1.37,1.38,29200,1.366105
2008-02-01,1.48,1.50,1.36,1.37,74600,1.356205
2008-01-31,1.39,1.48,1.39,1.48,80300,1.465098
2008-01-30,1.40,1.42,1.35,1.41,43300,1.395803
2008-01-29,1.43,1.45,1.36,1.40,150500,1.385903
2008-01-28,1.50,1.50,1.44,1.49,85800,1.474997
2008-01-25,1.48,1.57,1.41,1.45,215400,1.4354
2008-01-24,1.35,1.45,1.32,1.45,220100,1.4354
2008-01-23,1.38,1.38,1.27,1.29,111100,1.277011
2008-01-22,1.31,1.45,1.28,1.40,200400,1.385903
2008-01-21,1.37,1.37,1.15,1.37,208200,1.356205
2008-01-18,1.47,1.49,1.21,1.40,271900,1.385903
2008-01-17,1.52,1.54,1.46,1.47,109000,1.455199
2008-01-16,1.52,1.57,1.41,1.53,292200,1.514594
2008-01-15,1.55,1.59,1.55,1.57,84700,1.554192
2008-01-14,1.57,1.61,1.51,1.58,180500,1.564091
2008-01-11,1.61,1.61,1.56,1.58,109700,1.564091
2008-01-10,1.62,1.62,1.58,1.60,102300,1.58389
2008-01-09,1.66,1.67,1.60,1.65,82500,1.633386
2008-01-08,1.64,1.66,1.60,1.62,77600,1.603688
2008-01-07,1.58,1.66,1.58,1.59,219200,1.57399
2008-01-04,1.61,1.69,1.59,1.61,114500,1.593789
2008-01-03,1.62,1.65,1.58,1.63,226700,1.613588
2008-01-02,1.61,1.68,1.59,1.62,207900,1.603688
2007-12-31,1.54,1.65,1.53,1.57,152100,1.554192
2007-12-28,1.57,1.59,1.53,1.53,48400,1.514594
2007-12-27,1.63,1.65,1.57,1.57,41600,1.554192
2007-12-24,1.65,1.65,1.60,1.60,54400,1.58389
2007-12-21,1.63,1.70,1.60,1.60,81800,1.58389
2007-12-20,1.55,1.63,1.51,1.60,91700,1.58389
2007-12-19,1.57,1.57,1.45,1.55,146900,1.534393
2007-12-18,1.57,1.58,1.50,1.58,140900,1.564091
2007-12-17,1.66,1.68,1.58,1.58,81600,1.564091
2007-12-14,1.70,1.74,1.63,1.66,49900,1.643285
2007-12-13,1.72,1.75,1.63,1.75,118300,1.732379
2007-12-12,1.70,1.73,1.69,1.69,57400,1.672983
2007-12-11,1.72,1.73,1.69,1.69,126400,1.672983
2007-12-10,1.72,1.78,1.70,1.70,181800,1.682883
2007-12-07,1.78,1.78,1.72,1.72,134900,1.702681
2007-12-06,1.81,1.84,1.77,1.78,106900,1.762077
2007-12-05,1.79,1.84,1.79,1.82,83500,1.801674
2007-12-04,1.82,1.87,1.79,1.80,184900,1.781876
2007-12-03,1.77,1.81,1.75,1.75,132800,1.732379
2007-11-30,1.82,1.82,1.76,1.79,134600,1.771976
2007-11-29,1.87,1.87,1.81,1.82,22400,1.801674
2007-11-28,1.90,1.90,1.80,1.84,101700,1.821473
2007-11-27,1.92,2.00,1.85,1.89,164100,1.87097
2007-11-26,1.91,1.92,1.83,1.90,110200,1.880869
2007-11-23,1.78,1.90,1.78,1.82,48600,1.801674
2007-11-22,1.81,1.81,1.75,1.75,35900,1.732379
2007-11-21,1.88,1.90,1.77,1.86,168300,1.841272
2007-11-20,1.86,1.93,1.86,1.90,83700,1.880869
2007-11-19,1.90,1.92,1.82,1.84,64900,1.821473
2007-11-16,1.90,1.92,1.85,1.88,53000,1.86107
2007-11-15,1.88,1.90,1.79,1.88,65600,1.86107
2007-11-14,1.85,1.94,1.82,1.88,122400,1.86107
2007-11-13,1.76,1.85,1.72,1.82,162400,1.801674
2007-11-12,1.85,1.85,1.75,1.76,149100,1.742279
2007-11-09,1.85,1.86,1.81,1.83,133800,1.811574
2007-11-08,1.90,1.90,1.81,1.88,325600,1.86107
2007-11-07,2.05,2.06,1.90,1.91,474500,1.890768
2007-11-06,2.00,2.05,1.97,2.03,169200,2.00956
2007-11-05,2.00,2.00,1.94,1.96,148400,1.940265
2007-11-02,1.94,1.99,1.91,1.97,249200,1.950164
2007-11-01,1.90,1.96,1.90,1.94,102000,1.920466
2007-10-31,1.88,1.94,1.88,1.90,102700,1.880869
2007-10-30,1.90,1.90,1.80,1.88,153900,1.86107
2007-10-29,1.89,1.99,1.86,1.90,150600,1.880869
2007-10-26,1.90,1.92,1.86,1.89,213900,1.87097
2007-10-25,1.98,1.98,1.87,1.90,235700,1.880869
2007-10-24,2.00,2.00,1.90,1.95,144600,1.930365
2007-10-23,1.89,2.00,1.87,2.00,75900,1.979862
2007-10-22,1.85,1.90,1.83,1.87,128100,1.851171
2007-10-19,2.02,2.02,1.91,1.95,100500,1.930365
2007-10-18,1.98,2.00,1.94,1.99,62400,1.969963
2007-10-17,2.02,2.02,1.92,1.98,146500,1.960063
2007-10-16,2.07,2.07,2.00,2.04,53000,2.019459
2007-10-15,2.10,2.12,2.00,2.00,135900,1.979862
2007-10-12,2.05,2.10,2.03,2.07,474900,2.049157
2007-10-11,2.01,2.05,1.99,2.02,574200,1.999661
2007-10-10,1.96,2.05,1.96,2.01,463900,1.989761
2007-10-09,1.94,1.97,1.90,1.93,174400,1.910567
2007-10-05,1.97,1.99,1.95,1.97,90600,1.950164
2007-10-04,1.92,1.99,1.91,1.99,203100,1.969963
2007-10-03,1.97,1.98,1.90,1.91,170900,1.890768
2007-10-02,1.90,1.93,1.84,1.93,211500,1.910567
2007-10-01,1.85,1.94,1.85,1.93,137400,1.910567
2007-09-28,1.83,1.90,1.83,1.85,105200,1.831372
2007-09-27,1.81,1.83,1.78,1.83,170100,1.811574
2007-09-26,1.84,1.84,1.80,1.80,24300,1.781876
2007-09-25,1.87,1.87,1.81,1.83,35400,1.811574
2007-09-24,1.89,1.92,1.85,1.90,48900,1.880869
2007-09-21,1.95,1.95,1.83,1.87,52100,1.851171
2007-09-20,1.90,1.99,1.90,1.93,112300,1.910567
2007-09-19,1.94,1.99,1.87,1.87,282400,1.851171
2007-09-18,1.90,1.95,1.85,1.94,101800,1.920466
2007-09-17,1.80,1.85,1.80,1.85,295000,1.831372
2007-09-14,1.82,1.85,1.80,1.81,116500,1.791775
2007-09-13,1.90,1.90,1.80,1.83,140300,1.811574
2007-09-12,1.96,1.97,1.87,1.94,136500,1.920466
2007-09-11,2.00,2.05,1.86,1.86,167100,1.841272
2007-09-10,2.16,2.16,2.00,2.00,81900,1.979862
2007-09-07,2.05,2.19,2.04,2.11,428500,2.088754
2007-09-06,1.80,1.99,1.73,1.96,767600,1.940265
2007-09-05,1.78,1.79,1.67,1.79,81700,1.771976
2007-09-04,1.78,1.83,1.75,1.80,156600,1.781876
2007-08-31,1.57,1.75,1.57,1.73,259400,1.712581
2007-08-30,1.55,1.57,1.50,1.57,107500,1.554192
2007-08-29,1.40,1.55,1.38,1.50,118700,1.484896
2007-08-28,1.50,1.55,1.45,1.47,98000,1.455199
2007-08-27,1.47,1.50,1.46,1.46,94700,1.445299
2007-08-24,1.55,1.55,1.50,1.52,199100,1.504695
2007-08-23,1.70,1.70,1.52,1.58,84400,1.564091
2007-08-22,1.52,1.69,1.52,1.61,141200,1.593789
2007-08-21,1.52,1.56,1.50,1.54,82300,1.524494
2007-08-20,1.60,1.60,1.50,1.51,117700,1.494796
2007-08-17,1.40,1.55,1.38,1.54,228500,1.524494
2007-08-16,1.25,1.49,1.10,1.42,603200,1.405702
2007-08-15,1.70,1.70,1.56,1.56,218200,1.544292
2007-08-14,1.77,1.83,1.69,1.69,879800,1.672983
2007-08-13,1.79,1.83,1.75,1.81,73000,1.791775
2007-08-10,1.74,1.77,1.62,1.75,104900,1.732379
2007-08-09,1.80,1.80,1.67,1.73,66000,1.712581
2007-08-08,1.74,1.82,1.74,1.80,100300,1.781876
2007-08-07,1.67,1.75,1.65,1.75,111900,1.732379
2007-08-03,1.78,1.82,1.76,1.78,345300,1.762077
2007-08-02,1.75,1.78,1.74,1.78,250800,1.762077
2007-08-01,1.74,1.77,1.72,1.75,222700,1.732379
2007-07-31,1.84,1.88,1.80,1.83,94600,1.811574
2007-07-30,1.75,1.89,1.74,1.87,79000,1.851171
2007-07-27,1.82,1.85,1.74,1.79,184200,1.771976
2007-07-26,1.85,1.87,1.78,1.82,215400,1.801674
2007-07-25,1.90,1.91,1.82,1.86,83400,1.841272
2007-07-24,1.98,1.98,1.89,1.91,166100,1.890768
2007-07-23,2.01,2.03,1.96,1.96,218900,1.940265
2007-07-20,2.05,2.05,2.02,2.03,110900,2.00956
2007-07-19,2.01,2.06,2.01,2.05,169200,2.029358
2007-07-18,2.03,2.06,2.01,2.06,70800,2.039258
2007-07-17,2.05,2.05,2.02,2.04,60100,2.019459
2007-07-16,2.09,2.10,2.02,2.04,96000,2.019459
2007-07-13,2.04,2.07,2.03,2.05,34700,2.029358
2007-07-12,1.99,2.09,1.99,2.09,126500,2.068956
2007-07-11,1.94,2.00,1.88,2.00,83800,1.979862
2007-07-10,2.07,2.07,1.86,1.93,218800,1.910567
2007-07-09,2.09,2.12,2.03,2.03,227800,2.00956
2007-07-06,2.09,2.11,2.04,2.07,85500,2.049157
2007-07-05,2.11,2.12,2.07,2.08,44800,2.059056
2007-07-04,2.11,2.13,2.03,2.12,89200,2.098654
2007-07-03,2.11,2.14,2.10,2.14,98100,2.118452
2007-06-29,2.19,2.19,2.10,2.12,119600,2.098654
2007-06-28,2.15,2.16,2.10,2.12,55200,2.098654
2007-06-27,2.11,2.19,2.11,2.12,49600,2.098654
2007-06-26,2.15,2.16,2.10,2.11,123100,2.088754
2007-06-25,2.16,2.16,2.12,2.15,62300,2.128352
2007-06-22,2.19,2.19,2.12,2.14,99800,2.118452
2007-06-21,2.20,2.20,2.09,2.15,115300,2.128352
2007-06-20,2.22,2.24,2.18,2.22,70500,2.197647
2007-06-19,2.16,2.19,2.09,2.16,286900,2.138251
2007-06-18,2.20,2.25,2.17,2.22,129200,2.197647
2007-06-15,2.15,2.18,2.13,2.15,137000,2.128352
2007-06-14,2.18,2.20,2.14,2.14,108300,2.118452
2007-06-13,2.15,2.25,2.07,2.20,198200,2.177848
2007-06-12,2.21,2.24,2.16,2.17,117600,2.14815
2007-06-11,2.21,2.25,2.20,2.25,65000,2.227345
2007-06-08,2.30,2.30,2.15,2.23,115500,2.207546
2007-06-07,2.38,2.38,2.27,2.35,123000,2.326338
2007-06-06,2.35,2.39,2.35,2.38,88400,2.356036
2007-06-05,2.33,2.34,2.27,2.31,88300,2.286741
2007-06-04,2.33,2.45,2.29,2.35,176800,2.326338
2007-06-01,2.36,2.40,2.35,2.37,97100,2.346136
2007-05-31,2.30,2.41,2.30,2.38,149500,2.356036
2007-05-30,2.37,2.41,2.25,2.26,91400,2.237244
2007-05-29,2.42,2.45,2.38,2.42,155000,2.395633
2007-05-28,2.41,2.45,2.35,2.39,21700,2.365935
2007-05-25,2.45,2.50,2.39,2.47,300200,2.44513
2007-05-24,2.33,2.45,2.30,2.45,370000,2.425331
2007-05-23,2.16,2.38,2.16,2.36,233600,2.336237
2007-05-22,2.24,2.24,2.14,2.16,132700,2.138251
2007-05-18,2.29,2.29,2.19,2.24,122100,2.217445
2007-05-17,2.14,2.29,2.07,2.29,264500,2.266942
2007-05-16,2.25,2.25,2.09,2.17,264800,2.14815
2007-05-15,2.38,2.38,2.21,2.24,230700,2.217445
2007-05-14,2.37,2.41,2.34,2.39,188900,2.365935
2007-05-11,2.35,2.45,2.33,2.39,189800,2.365935
2007-05-10,2.48,2.51,2.36,2.39,406300,2.365935
2007-05-09,2.49,2.60,2.48,2.51,181500,2.484727
2007-05-08,2.43,2.52,2.40,2.49,129800,2.464928
2007-05-07,2.55,2.60,2.44,2.45,195300,2.425331
2007-05-04,2.49,2.64,2.49,2.50,526800,2.474827
2007-05-03,2.20,2.50,2.20,2.50,639800,2.474827
2007-05-02,2.23,2.28,2.23,2.27,123500,2.247143
2007-05-01,2.23,2.27,2.18,2.27,190900,2.247143
2007-04-30,2.21,2.24,2.19,2.23,65100,2.207546
2007-04-27,2.10,2.20,2.08,2.20,96600,2.177848
2007-04-26,2.10,2.12,2.08,2.12,238300,2.098654
2007-04-25,2.20,2.20,2.11,2.12,244500,2.098654
2007-04-24,2.26,2.30,2.20,2.22,201500,2.197647
2007-04-23,2.25,2.36,2.25,2.27,191400,2.247143
2007-04-20,2.33,2.34,2.25,2.27,107900,2.247143
2007-04-19,2.29,2.29,2.19,2.24,236900,2.217445
2007-04-18,2.39,2.39,2.25,2.36,78300,2.336237
2007-04-17,2.44,2.45,2.32,2.39,491100,2.365935
2007-04-16,2.27,2.46,2.27,2.44,480400,2.415432
2007-04-13,2.18,2.30,2.18,2.29,211300,2.266942
2007-04-12,2.21,2.27,2.16,2.20,432300,2.177848
2007-04-11,2.33,2.33,2.15,2.21,321600,2.187748
2007-04-10,2.09,2.30,2.05,2.23,709800,2.207546
2007-04-09,1.97,2.00,1.96,1.97,125700,1.950164
2007-04-05,1.91,1.96,1.90,1.96,86900,1.940265
2007-04-04,1.94,1.94,1.87,1.88,96900,1.86107
2007-04-03,1.88,1.94,1.88,1.91,71300,1.890768
2007-04-02,1.82,1.95,1.82,1.94,54900,1.920466
2007-03-30,1.85,1.88,1.84,1.86,64500,1.841272
2007-03-29,1.90,1.90,1.83,1.84,114000,1.821473
2007-03-28,1.91,1.93,1.90,1.93,41900,1.910567
2007-03-27,1.95,1.95,1.90,1.90,200900,1.880869
2007-03-26,1.91,1.97,1.91,1.95,244900,1.930365
2007-03-23,1.83,1.89,1.83,1.89,41500,1.87097
2007-03-22,1.89,1.89,1.82,1.86,90600,1.841272
2007-03-21,1.86,1.88,1.82,1.86,134600,1.841272
2007-03-20,1.84,1.89,1.82,1.87,78900,1.851171
2007-03-19,1.77,1.81,1.74,1.77,103600,1.752178
2007-03-16,1.84,1.85,1.75,1.76,96800,1.742279
2007-03-15,1.84,1.88,1.80,1.80,96500,1.781876
2007-03-14,1.83,1.86,1.72,1.82,173700,1.801674
2007-03-13,1.93,1.93,1.82,1.83,161600,1.811574
2007-03-12,1.96,1.96,1.87,1.88,60600,1.86107
2007-03-09,2.00,2.00,1.92,1.95,82200,1.930365
2007-03-08,2.00,2.02,1.94,1.96,137000,1.940265
2007-03-07,1.92,1.99,1.90,1.92,106700,1.900667
2007-03-06,1.92,1.99,1.82,1.87,146500,1.851171
2007-03-05,1.75,1.81,1.60,1.79,222300,1.771976
2007-03-02,1.87,1.87,1.75,1.79,208100,1.771976
2007-03-01,1.92,1.94,1.81,1.85,315600,1.831372
2007-02-28,1.80,1.95,1.77,1.92,386000,1.900667
2007-02-27,2.00,2.00,1.76,1.90,514900,1.880869
2007-02-26,2.14,2.14,2.02,2.04,203700,2.019459
2007-02-23,2.10,2.25,2.05,2.05,364400,2.029358
2007-02-22,1.85,2.14,1.85,2.07,744700,2.049157
2007-02-21,1.71,1.84,1.71,1.84,113400,1.821473
2007-02-20,1.74,1.76,1.71,1.72,74100,1.702681
2007-02-19,1.80,1.82,1.75,1.76,109100,1.742279
2007-02-16,1.70,1.78,1.66,1.78,138400,1.762077
2007-02-15,1.68,1.72,1.65,1.70,105400,1.682883
2007-02-14,1.69,1.74,1.69,1.73,145900,1.712581
2007-02-13,1.66,1.68,1.65,1.66,87100,1.643285
2007-02-12,1.72,1.72,1.66,1.70,78700,1.682883
2007-02-09,1.66,1.78,1.66,1.74,301000,1.72248
2007-02-08,1.66,1.68,1.65,1.68,247500,1.663084
2007-02-07,1.65,1.66,1.62,1.65,111400,1.633386
2007-02-06,1.61,1.65,1.61,1.65,60800,1.633386
2007-02-05,1.65,1.68,1.60,1.63,147300,1.613588
2007-02-02,1.66,1.75,1.62,1.63,195700,1.613588
2007-02-01,1.60,1.74,1.60,1.66,456400,1.643285
2007-01-31,1.50,1.57,1.50,1.57,356000,1.554192
2007-01-30,1.49,1.50,1.48,1.50,180400,1.484896
2007-01-29,1.42,1.49,1.42,1.49,90000,1.474997
2007-01-26,1.50,1.51,1.45,1.50,82400,1.484896
2007-01-25,1.45,1.52,1.45,1.46,191000,1.445299
2007-01-24,1.42,1.45,1.39,1.45,97300,1.4354
2007-01-23,1.40,1.45,1.40,1.43,60500,1.415601
2007-01-22,1.38,1.41,1.38,1.40,59100,1.385903
2007-01-19,1.45,1.45,1.37,1.37,124500,1.356205
2007-01-18,1.46,1.49,1.45,1.45,50200,1.4354
2007-01-17,1.45,1.50,1.45,1.48,29500,1.465098
2007-01-16,1.48,1.52,1.47,1.50,165100,1.484896
2007-01-15,1.49,1.49,1.41,1.48,31500,1.465098
2007-01-12,1.44,1.49,1.44,1.47,82000,1.455199
2007-01-11,1.35,1.43,1.35,1.40,53000,1.385903
2007-01-10,1.35,1.37,1.31,1.35,95900,1.336407
2007-01-09,1.35,1.39,1.35,1.36,135300,1.346306
2007-01-08,1.37,1.38,1.34,1.37,84100,1.356205
2007-01-05,1.43,1.45,1.34,1.37,156800,1.356205
2007-01-04,1.51,1.51,1.43,1.43,82500,1.415601
2007-01-03,1.49,1.52,1.47,1.50,210200,1.484896
2007-01-02,1.50,1.50,1.46,1.48,62200,1.465098
2006-12-29,1.50,1.53,1.50,1.52,41200,1.504695
2006-12-28,1.52,1.52,1.49,1.50,50700,1.484896
2006-12-27,1.53,1.53,1.48,1.52,41000,1.504695
2006-12-22,1.50,1.52,1.46,1.51,56700,1.494796
2006-12-21,1.55,1.55,1.46,1.46,76300,1.445299
2006-12-20,1.50,1.52,1.47,1.50,51100,1.484896
2006-12-19,1.48,1.54,1.48,1.53,185200,1.514594
2006-12-18,1.46,1.49,1.43,1.48,116800,1.465098
2006-12-15,1.50,1.53,1.41,1.41,259900,1.395803
2006-12-14,1.52,1.53,1.49,1.51,43000,1.494796
2006-12-13,1.50,1.52,1.48,1.51,88400,1.494796
2006-12-12,1.58,1.58,1.51,1.52,69900,1.504695
2006-12-11,1.55,1.58,1.48,1.58,113900,1.564091
2006-12-08,1.62,1.63,1.54,1.58,135100,1.564091
2006-12-07,1.64,1.65,1.53,1.60,196200,1.58389
2006-12-06,1.66,1.68,1.63,1.66,119800,1.643285
2006-12-05,1.68,1.73,1.65,1.68,167700,1.663084
2006-12-04,1.69,1.74,1.66,1.67,352600,1.653185
2006-12-01,1.56,1.68,1.56,1.67,231100,1.653185
2006-11-30,1.52,1.65,1.52,1.63,208400,1.613588
2006-11-29,1.55,1.57,1.50,1.52,94900,1.504695
2006-11-28,1.48,1.50,1.43,1.50,155400,1.484896
2006-11-27,1.52,1.60,1.46,1.48,214200,1.465098
2006-11-24,1.50,1.60,1.49,1.52,285000,1.504695
2006-11-23,1.46,1.49,1.44,1.49,52400,1.474997
2006-11-22,1.39,1.46,1.39,1.46,336000,1.445299
2006-11-21,1.35,1.39,1.32,1.39,288600,1.376004
2006-11-20,1.30,1.35,1.27,1.35,92100,1.336407
2006-11-17,1.27,1.29,1.24,1.27,114900,1.257212
2006-11-16,1.32,1.33,1.24,1.25,205400,1.237414
2006-11-15,1.30,1.32,1.28,1.31,64500,1.29681
2006-11-14,1.34,1.34,1.28,1.28,32900,1.267112
2006-11-13,1.34,1.35,1.30,1.30,79700,1.28691
2006-11-10,1.34,1.35,1.30,1.34,123600,1.326508
2006-11-09,1.30,1.34,1.30,1.33,176300,1.316608
2006-11-08,1.25,1.29,1.24,1.27,186800,1.257212
2006-11-07,1.28,1.30,1.26,1.30,153500,1.28691
2006-11-06,1.29,1.30,1.26,1.28,148400,1.267112
2006-11-03,1.25,1.28,1.20,1.28,248100,1.267112
2006-11-02,1.14,1.26,1.14,1.25,420200,1.237414
2006-11-01,1.13,1.18,1.12,1.16,147200,1.14832
2006-10-31,1.12,1.14,1.11,1.12,64700,1.108723
2006-10-30,1.14,1.14,1.11,1.14,34300,1.128521
2006-10-27,1.12,1.13,1.10,1.12,27800,1.108723
2006-10-26,1.11,1.15,1.11,1.13,58300,1.118622
2006-10-25,1.10,1.15,1.10,1.14,95300,1.128521
2006-10-24,1.12,1.14,1.10,1.10,51500,1.088924
2006-10-23,1.13,1.16,1.12,1.14,55500,1.128521
2006-10-20,1.15,1.15,1.12,1.14,51600,1.128521
2006-10-19,1.10,1.15,1.10,1.15,132200,1.138421
2006-10-18,1.09,1.14,1.08,1.12,100900,1.108723
2006-10-17,1.10,1.13,1.09,1.12,70100,1.108723
2006-10-16,1.16,1.17,1.10,1.10,154100,1.088924
2006-10-13,1.12,1.17,1.10,1.16,92200,1.14832
2006-10-12,1.12,1.12,1.09,1.09,28000,1.079025
2006-10-11,1.12,1.13,1.08,1.08,54000,1.069126
2006-10-10,1.10,1.13,1.10,1.10,131300,1.088924
2006-10-06,1.13,1.13,1.09,1.09,62800,1.079025
2006-10-05,1.12,1.15,1.11,1.15,116900,1.138421
2006-10-04,1.11,1.14,1.10,1.13,186400,1.118622
2006-10-03,1.12,1.16,1.11,1.14,82500,1.128521
2006-10-02,1.15,1.15,1.14,1.15,66100,1.138421
2006-09-29,1.20,1.20,1.14,1.18,89400,1.168119
2006-09-28,1.18,1.19,1.15,1.18,54800,1.168119
2006-09-27,1.14,1.18,1.14,1.16,23300,1.14832
2006-09-26,1.14,1.18,1.12,1.14,59300,1.128521
2006-09-25,1.20,1.20,1.13,1.14,73500,1.128521
2006-09-22,1.20,1.23,1.18,1.19,59100,1.178018
2006-09-21,1.16,1.20,1.15,1.17,127300,1.158219
2006-09-20,1.21,1.22,1.17,1.17,67300,1.158219
2006-09-19,1.25,1.29,1.18,1.20,113400,1.187917
2006-09-18,1.25,1.30,1.24,1.25,227600,1.237414
2006-09-15,1.25,1.25,1.19,1.22,178000,1.207716
2006-09-14,1.21,1.22,1.14,1.14,227900,1.128521
2006-09-13,1.21,1.24,1.20,1.20,90900,1.187917
2006-09-12,1.21,1.21,1.19,1.20,94000,1.187917
2006-09-11,1.27,1.27,1.13,1.20,343300,1.187917
2006-09-08,1.32,1.34,1.25,1.32,68400,1.306709
2006-09-07,1.40,1.40,1.29,1.33,226600,1.316608
2006-09-06,1.35,1.45,1.34,1.40,597500,1.385903
2006-09-05,1.24,1.34,1.24,1.34,255600,1.326508
2006-09-01,1.25,1.26,1.23,1.23,51500,1.217615
2006-08-31,1.22,1.25,1.21,1.25,138300,1.237414
2006-08-30,1.22,1.23,1.21,1.21,71000,1.197817
2006-08-29,1.25,1.25,1.21,1.24,114600,1.227514
2006-08-28,1.25,1.25,1.22,1.25,166500,1.237414
2006-08-25,1.28,1.29,1.25,1.25,150500,1.237414
2006-08-24,1.25,1.28,1.22,1.25,157600,1.237414
2006-08-23,1.21,1.29,1.21,1.22,118600,1.207716
2006-08-22,1.20,1.25,1.19,1.24,196100,1.227514
2006-08-21,1.19,1.20,1.18,1.20,148500,1.187917
2006-08-18,1.15,1.20,1.15,1.19,322100,1.178018
2006-08-17,1.18,1.18,1.13,1.18,55300,1.168119
2006-08-16,1.12,1.20,1.12,1.20,98300,1.187917
2006-08-15,1.15,1.15,1.12,1.13,107000,1.118622
2006-08-14,1.20,1.21,1.14,1.16,117200,1.14832
2006-08-11,1.22,1.22,1.15,1.18,71300,1.168119
2006-08-10,1.20,1.20,1.17,1.17,102900,1.158219
2006-08-09,1.25,1.25,1.19,1.20,98600,1.187917
2006-08-08,1.25,1.27,1.21,1.21,119600,1.197817
2006-08-04,1.30,1.30,1.25,1.25,83600,1.237414
2006-08-03,1.30,1.30,1.27,1.30,122500,1.28691
2006-08-02,1.30,1.32,1.26,1.30,278200,1.28691
2006-08-01,1.21,1.33,1.20,1.29,574900,1.277011
2006-07-31,1.24,1.24,1.20,1.22,47700,1.207716
2006-07-28,1.22,1.23,1.21,1.22,40200,1.207716
2006-07-27,1.24,1.25,1.20,1.22,70600,1.207716
2006-07-26,1.24,1.24,1.15,1.18,42900,1.168119
2006-07-25,1.17,1.25,1.16,1.18,139300,1.168119
2006-07-24,1.20,1.20,1.12,1.14,73500,1.128521
2006-07-21,1.12,1.16,1.12,1.14,63400,1.128521
2006-07-20,1.16,1.19,1.15,1.18,26100,1.168119
2006-07-19,1.25,1.27,1.16,1.20,312400,1.187917
2006-07-18,1.25,1.25,1.23,1.24,164200,1.227514
2006-07-17,1.29,1.30,1.25,1.25,222500,1.237414
2006-07-14,1.28,1.28,1.23,1.24,302200,1.227514
2006-07-13,1.20,1.29,1.20,1.25,439900,1.237414
2006-07-12,1.22,1.23,1.16,1.17,143500,1.158219
2006-07-11,1.14,1.20,1.12,1.17,95700,1.158219
2006-07-10,1.17,1.17,1.08,1.13,81400,1.118622
2006-07-07,1.17,1.17,1.11,1.13,82600,1.118622
2006-07-06,1.16,1.18,1.14,1.14,73800,1.128521
2006-07-05,1.24,1.24,1.16,1.16,66600,1.14832
2006-07-04,1.25,1.25,1.22,1.23,27700,1.217615
2006-06-30,1.15,1.22,1.15,1.22,83800,1.207716
2006-06-29,1.16,1.17,1.13,1.15,42400,1.138421
2006-06-28,1.20,1.20,1.15,1.16,62100,1.14832
2006-06-27,1.24,1.24,1.16,1.16,96100,1.14832
2006-06-26,1.22,1.26,1.22,1.22,47800,1.207716
2006-06-23,1.27,1.29,1.23,1.26,84000,1.247313
2006-06-22,1.26,1.29,1.23,1.29,84000,1.277011
2006-06-21,1.24,1.24,1.20,1.22,39800,1.207716
2006-06-20,1.20,1.24,1.17,1.24,32800,1.227514
2006-06-19,1.30,1.30,1.20,1.20,88700,1.187917
2006-06-16,1.25,1.30,1.20,1.30,135200,1.28691
2006-06-15,1.13,1.24,1.13,1.22,168300,1.207716
2006-06-14,1.03,1.16,1.03,1.10,222900,1.088924
2006-06-13,1.00,1.02,0.94,1.02,424000,1.00973
2006-06-12,1.17,1.18,1.01,1.01,142000,0.99983
2006-06-09,1.20,1.25,1.17,1.19,88800,1.178018
2006-06-08,1.21,1.21,1.09,1.20,309400,1.187917
2006-06-07,1.18,1.23,1.17,1.22,146500,1.207716
2006-06-06,1.30,1.30,1.19,1.21,181400,1.197817
2006-06-05,1.33,1.34,1.25,1.27,233400,1.257212
2006-06-02,1.39,1.39,1.31,1.35,114600,1.336407
2006-06-01,1.42,1.42,1.33,1.36,76400,1.346306
2006-05-31,1.43,1.43,1.35,1.42,114500,1.405702
2006-05-30,1.43,1.44,1.36,1.36,148600,1.346306
2006-05-29,1.40,1.40,1.36,1.40,89900,1.385903
2006-05-26,1.41,1.45,1.35,1.37,211800,1.356205
2006-05-25,1.46,1.46,1.40,1.41,127100,1.395803
2006-05-24,1.40,1.40,1.32,1.38,306800,1.366105
2006-05-23,1.38,1.52,1.38,1.45,528500,1.4354
2006-05-19,1.27,1.39,1.21,1.36,543700,1.346306
2006-05-18,1.35,1.38,1.25,1.27,678100,1.257212
2006-05-17,1.40,1.54,1.30,1.33,941700,1.316608
2006-05-16,1.38,1.41,1.25,1.38,572800,1.366105
2006-05-15,1.50,1.50,1.28,1.31,499500,1.29681
2006-05-12,1.60,1.60,1.50,1.52,441800,1.504695
2006-05-11,1.75,1.75,1.59,1.60,558100,1.58389
2006-05-10,1.65,1.67,1.53,1.59,569300,1.57399
2006-05-09,1.52,1.66,1.50,1.65,1035000,1.633386
2006-05-08,1.30,1.52,1.30,1.52,982700,1.504695
2006-05-05,1.30,1.32,1.30,1.32,238300,1.306709
2006-05-04,1.30,1.34,1.25,1.30,208300,1.28691
2006-05-03,1.32,1.33,1.25,1.27,276600,1.257212
2006-05-02,1.34,1.37,1.29,1.31,299800,1.29681
2006-05-01,1.35,1.40,1.29,1.33,323900,1.316608
2006-04-28,1.24,1.33,1.20,1.30,630100,1.28691
2006-04-27,1.33,1.34,1.22,1.25,1536000,1.237414
2006-04-26,1.26,1.33,1.25,1.30,557800,1.28691
2006-04-25,1.19,1.26,1.14,1.24,849100,1.227514
2006-04-24,1.19,1.26,1.16,1.16,322900,1.14832
2006-04-21,1.25,1.28,1.21,1.25,216400,1.237414
2006-04-20,1.21,1.26,1.16,1.25,530300,1.237414
2006-04-19,1.28,1.31,1.21,1.22,442900,1.207716
2006-04-18,1.32,1.33,1.25,1.29,224800,1.277011
2006-04-17,1.35,1.35,1.27,1.31,313700,1.29681
2006-04-13,1.28,1.33,1.22,1.27,336000,1.257212
2006-04-12,1.32,1.32,1.24,1.25,455800,1.237414
2006-04-11,1.40,1.40,1.30,1.30,373000,1.28691
2006-04-10,1.39,1.40,1.35,1.35,500000,1.336407
2006-04-07,1.32,1.35,1.30,1.34,341700,1.326508
2006-04-06,1.28,1.36,1.28,1.30,719300,1.28691
2006-04-05,1.37,1.37,1.15,1.27,2012600,1.257212
2006-04-04,1.43,1.43,1.32,1.36,449400,1.346306
2006-04-03,1.53,1.55,1.39,1.40,1335400,1.385903
2006-03-31,1.54,1.59,1.30,1.51,867700,1.494796
2006-03-30,1.60,1.63,1.50,1.53,857300,1.514594
2006-03-29,1.54,1.59,1.50,1.51,1011400,1.494796
2006-03-28,1.44,1.53,1.43,1.47,846900,1.455199
2006-03-27,1.30,1.50,1.29,1.44,985600,1.425501
2006-03-24,1.19,1.28,1.19,1.28,574200,1.267112
2006-03-23,1.22,1.24,1.10,1.15,4600900,1.138421
2006-03-22,1.25,1.27,1.18,1.18,1468700,1.168119
2006-03-21,1.14,1.28,1.14,1.22,1298800,1.207716
2006-03-20,1.15,1.15,1.12,1.13,285100,1.118622
2006-03-17,1.07,1.12,1.07,1.11,460800,1.098823
2006-03-16,1.09,1.09,1.05,1.05,259300,1.039427
2006-03-15,1.10,1.10,1.05,1.07,533300,1.059226
2006-03-14,1.02,1.09,1.01,1.09,336400,1.079025
2006-03-13,0.97,1.03,0.97,1.02,294500,1.00973
2006-03-10,0.95,0.95,0.91,0.95,366800,0.940434
2006-03-09,1.02,1.03,0.94,0.95,305300,0.940434
2006-03-08,1.02,1.03,0.93,0.97,642200,0.960233
2006-03-07,1.10,1.10,0.99,1.03,428100,1.019629
2006-03-06,0.98,1.07,0.98,1.07,896300,1.059226
2006-03-03,0.98,0.98,0.92,0.96,458200,0.950334
2006-03-02,0.92,0.98,0.92,0.98,1295600,0.970132
2006-03-01,0.86,0.89,0.86,0.87,118000,0.86124
2006-02-28,0.87,0.89,0.83,0.88,241000,0.871139
2006-02-27,0.85,0.89,0.84,0.89,214600,0.881039
2006-02-24,0.86,0.88,0.84,0.88,260500,0.871139
2006-02-23,0.86,0.86,0.83,0.83,192100,0.821643
2006-02-22,0.90,0.90,0.80,0.86,284600,0.851341
2006-02-21,0.89,0.91,0.87,0.90,224100,0.890938
2006-02-20,0.87,0.89,0.85,0.89,236400,0.881039
2006-02-17,0.81,0.88,0.81,0.87,287000,0.86124
2006-02-16,0.77,0.81,0.77,0.81,150100,0.801844
2006-02-15,0.86,0.88,0.77,0.78,489400,0.772146
2006-02-14,0.90,0.91,0.82,0.84,331700,0.831542
2006-02-13,0.90,0.95,0.87,0.90,991500,0.890938
2006-02-10,0.87,0.89,0.83,0.88,825200,0.871139
2006-02-09,0.79,0.88,0.77,0.86,1256800,0.851341
2006-02-08,0.75,0.77,0.74,0.77,280300,0.762247
2006-02-07,0.80,0.80,0.73,0.77,346200,0.762247
2006-02-06,0.76,0.80,0.75,0.80,423300,0.791945
2006-02-03,0.73,0.75,0.72,0.75,225100,0.742448
2006-02-02,0.75,0.76,0.72,0.73,345600,0.72265
2006-02-01,0.79,0.79,0.73,0.74,388800,0.732549
2006-01-31,0.81,0.81,0.76,0.78,646000,0.772146
2006-01-30,0.79,0.81,0.77,0.80,640900,0.791945
2006-01-27,0.76,0.79,0.76,0.77,470500,0.762247
2006-01-26,0.75,0.77,0.74,0.75,356800,0.742448
2006-01-25,0.74,0.76,0.74,0.74,340100,0.732549
2006-01-24,0.76,0.76,0.71,0.72,213200,0.71275
2006-01-23,0.75,0.79,0.74,0.76,467700,0.752348
2006-01-20,0.83,0.83,0.76,0.76,661600,0.752348
2006-01-19,0.81,0.83,0.77,0.79,591600,0.782046
2006-01-18,0.81,0.83,0.73,0.80,897700,0.791945
2006-01-17,0.80,0.83,0.79,0.79,360900,0.782046
2006-01-16,0.77,0.84,0.77,0.79,474900,0.782046
2006-01-13,0.78,0.79,0.75,0.75,168600,0.742448
2006-01-12,0.79,0.80,0.74,0.76,346300,0.752348
2006-01-11,0.77,0.80,0.72,0.79,394500,0.782046
2006-01-10,0.80,0.80,0.72,0.75,409900,0.742448
2006-01-09,0.85,0.85,0.80,0.81,520100,0.801844
2006-01-06,0.75,0.83,0.74,0.82,1053900,0.811743
2006-01-05,0.67,0.75,0.66,0.72,1103500,0.71275
2006-01-04,0.65,0.68,0.65,0.67,387500,0.663254
2006-01-03,0.68,0.70,0.64,0.65,403400,0.643455
2005-12-30,0.62,0.67,0.61,0.65,336400,0.643455
2005-12-29,0.65,0.67,0.61,0.63,226700,0.623657
2005-12-28,0.64,0.67,0.64,0.65,1116400,0.643455
2005-12-23,0.55,0.60,0.53,0.60,1395400,0.593959
2005-12-22,0.53,0.59,0.53,0.55,1995700,0.544462
2005-12-21,0.54,0.59,0.51,0.52,2030900,0.514764
2005-12-20,0.48,0.48,0.47,0.47,228200,0.465268
2005-12-19,0.48,0.48,0.44,0.48,245200,0.475167
2005-12-16,0.47,0.47,0.46,0.47,295100,0.465268
2005-12-15,0.44,0.46,0.43,0.46,121200,0.455368
2005-12-14,0.45,0.45,0.43,0.43,69000,0.42567
2005-12-13,0.46,0.46,0.43,0.46,99000,0.455368
2005-12-12,0.43,0.46,0.42,0.46,419400,0.455368
2005-12-09,0.40,0.45,0.39,0.42,424500,0.415771
2005-12-08,0.43,0.43,0.39,0.39,289500,0.386073
2005-12-07,0.42,0.44,0.42,0.43,279200,0.42567
2005-12-06,0.39,0.41,0.38,0.41,270800,0.405872
2005-12-05,0.40,0.41,0.39,0.40,139800,0.395972
2005-12-02,0.40,0.40,0.39,0.39,231300,0.386073
2005-12-01,0.41,0.42,0.40,0.41,228500,0.405872
2005-11-30,0.36,0.40,0.34,0.40,1043400,0.395972
2005-11-29,0.41,0.42,0.37,0.38,410300,0.376174
2005-11-28,0.41,0.43,0.40,0.41,220000,0.405872
2005-11-25,0.43,0.43,0.41,0.41,61500,0.405872
2005-11-24,0.42,0.42,0.42,0.42,4500,0.415771
2005-11-23,0.42,0.42,0.41,0.41,60400,0.405872
2005-11-22,0.43,0.43,0.42,0.42,32500,0.415771
2005-11-21,0.43,0.43,0.42,0.43,115000,0.42567
2005-11-18,0.43,0.43,0.43,0.43,000,0.42567
2005-11-17,0.43,0.43,0.41,0.43,34500,0.42567
2005-11-16,0.40,0.42,0.40,0.42,91000,0.415771
2005-11-15,0.40,0.40,0.40,0.40,53500,0.395972
2005-11-14,0.41,0.43,0.40,0.41,41900,0.405872
2005-11-11,0.43,0.43,0.40,0.40,23400,0.395972
2005-11-10,0.42,0.42,0.42,0.42,000,0.415771
2005-11-09,0.41,0.43,0.41,0.42,66500,0.415771
2005-11-08,0.43,0.43,0.41,0.41,188000,0.405872
2005-11-07,0.40,0.43,0.40,0.42,79000,0.415771
2005-11-04,0.40,0.40,0.40,0.40,11300,0.395972
2005-11-03,0.40,0.40,0.39,0.40,124100,0.395972
2005-11-02,0.40,0.41,0.39,0.40,198700,0.395972
2005-11-01,0.41,0.42,0.40,0.40,123800,0.395972
2005-10-31,0.41,0.43,0.41,0.41,11000,0.405872
2005-10-28,0.42,0.43,0.40,0.41,205600,0.405872
2005-10-27,0.42,0.43,0.42,0.42,127500,0.415771
2005-10-26,0.43,0.43,0.42,0.42,221500,0.415771
2005-10-25,0.45,0.45,0.42,0.42,277300,0.415771
2005-10-24,0.45,0.47,0.42,0.42,396200,0.415771
2005-10-21,0.44,0.44,0.43,0.44,206400,0.43557
2005-10-20,0.50,0.50,0.45,0.45,1041200,0.445469
2005-10-19,0.53,0.53,0.50,0.51,143700,0.504865
2005-10-18,0.52,0.53,0.50,0.53,74000,0.524663
2005-10-17,0.50,0.54,0.50,0.52,320200,0.514764
2005-10-14,0.50,0.51,0.50,0.50,82000,0.494965
2005-10-13,0.50,0.51,0.47,0.51,139000,0.504865
2005-10-12,0.50,0.51,0.50,0.51,97000,0.504865
2005-10-11,0.49,0.50,0.48,0.49,127000,0.485066
2005-10-07,0.48,0.50,0.47,0.48,225200,0.475167
2005-10-06,0.46,0.47,0.44,0.45,138500,0.445469
2005-10-05,0.48,0.48,0.46,0.46,72000,0.455368
2005-10-04,0.49,0.50,0.47,0.49,55800,0.485066
2005-10-03,0.48,0.49,0.48,0.49,212500,0.485066
2005-09-30,0.49,0.51,0.49,0.51,258200,0.504865
2005-09-29,0.49,0.49,0.45,0.49,112100,0.485066
2005-09-28,0.50,0.50,0.46,0.46,51100,0.455368
2005-09-27,0.45,0.48,0.45,0.46,42500,0.455368
2005-09-26,0.50,0.51,0.47,0.48,162900,0.475167
2005-09-23,0.45,0.49,0.45,0.49,211000,0.485066
2005-09-22,0.41,0.44,0.41,0.44,275000,0.43557
2005-09-21,0.44,0.44,0.43,0.44,52000,0.43557
2005-09-20,0.49,0.49,0.43,0.44,223200,0.43557
2005-09-19,0.43,0.47,0.43,0.45,161900,0.445469
2005-09-16,0.43,0.44,0.42,0.43,96000,0.42567
2005-09-15,0.42,0.43,0.42,0.42,82000,0.415771
2005-09-14,0.43,0.43,0.40,0.40,55000,0.395972
2005-09-13,0.43,0.44,0.42,0.42,36500,0.415771
2005-09-12,0.40,0.43,0.40,0.41,73300,0.405872
2005-09-09,0.42,0.42,0.41,0.41,65900,0.405872
2005-09-08,0.40,0.42,0.36,0.42,180500,0.415771
2005-09-07,0.43,0.43,0.40,0.40,106300,0.395972
2005-09-06,0.42,0.44,0.41,0.43,113500,0.42567
2005-09-02,0.40,0.42,0.40,0.42,54500,0.415771
2005-09-01,0.37,0.41,0.37,0.40,159500,0.395972
2005-08-31,0.37,0.38,0.37,0.37,108000,0.366274
2005-08-30,0.38,0.38,0.36,0.38,122300,0.376174
2005-08-29,0.39,0.39,0.38,0.39,41200,0.386073
2005-08-26,0.39,0.41,0.38,0.39,127500,0.386073
2005-08-25,0.38,0.40,0.37,0.39,74000,0.386073
2005-08-24,0.40,0.40,0.38,0.38,124600,0.376174
2005-08-23,0.39,0.40,0.39,0.40,141000,0.395972
2005-08-22,0.40,0.40,0.39,0.40,102000,0.395972
2005-08-19,0.39,0.40,0.39,0.40,96000,0.395972
2005-08-18,0.39,0.40,0.39,0.39,276500,0.386073
2005-08-17,0.41,0.42,0.39,0.39,377300,0.386073
2005-08-16,0.41,0.43,0.41,0.42,178500,0.415771
2005-08-15,0.43,0.43,0.41,0.42,107600,0.415771
2005-08-12,0.44,0.44,0.41,0.42,118000,0.415771
2005-08-11,0.44,0.45,0.43,0.44,121500,0.43557
2005-08-10,0.42,0.44,0.42,0.44,154100,0.43557
2005-08-09,0.42,0.43,0.42,0.42,132500,0.415771
2005-08-08,0.41,0.43,0.41,0.42,186000,0.415771
2005-08-05,0.43,0.43,0.41,0.42,156000,0.415771
2005-08-04,0.42,0.44,0.42,0.42,110000,0.415771
2005-08-03,0.43,0.45,0.43,0.44,144000,0.43557
2005-08-02,0.41,0.45,0.41,0.45,128000,0.445469
2005-07-29,0.42,0.42,0.40,0.41,176800,0.405872
2005-07-28,0.39,0.41,0.39,0.40,216500,0.395972
2005-07-27,0.42,0.42,0.40,0.40,230600,0.395972
2005-07-26,0.44,0.44,0.43,0.43,152400,0.42567
2005-07-25,0.45,0.45,0.44,0.45,104200,0.445469
2005-07-22,0.47,0.47,0.45,0.45,54000,0.445469
2005-07-21,0.44,0.47,0.43,0.47,137800,0.465268
2005-07-20,0.44,0.45,0.44,0.44,96700,0.43557
2005-07-19,0.46,0.46,0.44,0.44,183100,0.43557
2005-07-18,0.46,0.47,0.46,0.46,84100,0.455368
2005-07-15,0.48,0.48,0.46,0.46,187400,0.455368
2005-07-14,0.48,0.48,0.48,0.48,168000,0.475167
2005-07-13,0.49,0.49,0.48,0.48,53300,0.475167
2005-07-12,0.49,0.49,0.47,0.49,150300,0.485066
2005-07-11,0.48,0.48,0.48,0.48,36500,0.475167
2005-07-08,0.50,0.50,0.48,0.48,24000,0.475167
2005-07-07,0.50,0.50,0.50,0.50,84400,0.494965
2005-07-06,0.50,0.50,0.49,0.49,64400,0.485066
2005-07-05,0.50,0.50,0.49,0.50,33000,0.494965
2005-07-04,0.49,0.50,0.49,0.50,69000,0.494965
2005-06-30,0.48,0.50,0.47,0.50,187500,0.494965
2005-06-29,0.52,0.52,0.49,0.51,85800,0.504865
2005-06-28,0.53,0.53,0.50,0.51,184000,0.504865
2005-06-27,0.54,0.54,0.51,0.51,101900,0.504865
2005-06-24,0.55,0.55,0.53,0.54,31000,0.534563
2005-06-23,0.54,0.55,0.54,0.55,197000,0.544462
2005-06-22,0.54,0.55,0.54,0.54,117900,0.534563
2005-06-21,0.52,0.52,0.52,0.52,20200,0.514764
2005-06-20,0.55,0.55,0.53,0.53,108900,0.524663
2005-06-17,0.55,0.56,0.55,0.56,121900,0.554361
2005-06-16,0.55,0.57,0.55,0.56,76400,0.554361
2005-06-15,0.56,0.56,0.55,0.56,127200,0.554361
2005-06-14,0.56,0.57,0.56,0.57,205400,0.564261
2005-06-13,0.55,0.57,0.54,0.56,168000,0.554361
2005-06-10,0.54,0.55,0.54,0.55,13500,0.544462
2005-06-09,0.56,0.57,0.54,0.55,76100,0.544462
2005-06-08,0.54,0.56,0.54,0.55,100900,0.544462
2005-06-07,0.49,0.52,0.49,0.52,94100,0.514764
2005-06-06,0.48,0.51,0.48,0.50,57000,0.494965
2005-06-03,0.50,0.50,0.49,0.49,66000,0.485066
2005-06-02,0.50,0.50,0.49,0.49,68400,0.485066
2005-06-01,0.47,0.50,0.47,0.50,132000,0.494965
2005-05-31,0.49,0.49,0.47,0.47,23400,0.465268
2005-05-30,0.50,0.51,0.50,0.50,178500,0.494965
2005-05-27,0.44,0.50,0.44,0.50,138000,0.494965
2005-05-26,0.46,0.46,0.46,0.46,12200,0.455368
2005-05-25,0.45,0.47,0.44,0.46,74300,0.455368
2005-05-24,0.46,0.46,0.45,0.45,14700,0.445469
2005-05-20,0.45,0.45,0.45,0.45,2000,0.445469
2005-05-19,0.45,0.46,0.45,0.46,35500,0.455368
2005-05-18,0.47,0.47,0.45,0.47,58900,0.465268
2005-05-17,0.47,0.47,0.47,0.47,10000,0.465268
2005-05-16,0.46,0.47,0.45,0.47,73600,0.465268
2005-05-13,0.48,0.48,0.46,0.46,57600,0.455368
2005-05-12,0.50,0.50,0.47,0.48,175700,0.475167
2005-05-11,0.49,0.50,0.49,0.50,98300,0.494965
2005-05-10,0.49,0.49,0.49,0.49,17500,0.485066
2005-05-09,0.49,0.50,0.49,0.49,100500,0.485066
2005-05-06,0.48,0.49,0.48,0.49,100500,0.485066
2005-05-05,0.47,0.48,0.47,0.48,243100,0.475167
2005-05-04,0.47,0.47,0.47,0.47,602600,0.465268
2005-05-03,0.47,0.48,0.47,0.48,233900,0.475167
2005-05-02,0.46,0.48,0.46,0.47,189800,0.465268
2005-04-29,0.46,0.48,0.45,0.46,471700,0.455368
2005-04-28,0.44,0.44,0.42,0.44,123600,0.43557
2005-04-27,0.44,0.46,0.44,0.45,76200,0.445469
2005-04-26,0.44,0.45,0.44,0.44,53100,0.43557
2005-04-25,0.44,0.45,0.44,0.44,26100,0.43557
2005-04-22,0.44,0.45,0.44,0.45,100000,0.445469
2005-04-21,0.45,0.45,0.44,0.44,26000,0.43557
2005-04-20,0.45,0.46,0.44,0.46,51000,0.455368
2005-04-19,0.46,0.46,0.44,0.44,68800,0.43557
2005-04-18,0.46,0.46,0.44,0.45,186700,0.445469
2005-04-15,0.44,0.46,0.44,0.44,285700,0.43557
2005-04-14,0.47,0.47,0.44,0.46,548300,0.455368
2005-04-13,0.50,0.50,0.46,0.47,127600,0.465268
2005-04-12,0.51,0.51,0.48,0.51,186300,0.504865
2005-04-11,0.52,0.52,0.50,0.50,129200,0.494965
2005-04-08,0.51,0.52,0.49,0.52,395100,0.514764
2005-04-07,0.50,0.52,0.50,0.51,224600,0.504865
2005-04-06,0.48,0.50,0.48,0.50,184500,0.494965
2005-04-05,0.48,0.50,0.48,0.50,280700,0.494965
2005-04-04,0.47,0.49,0.47,0.49,50100,0.485066
2005-04-01,0.47,0.49,0.46,0.48,279800,0.475167
2005-03-31,0.46,0.47,0.46,0.47,108500,0.465268
2005-03-30,0.48,0.48,0.46,0.46,335300,0.455368
2005-03-29,0.50,0.50,0.48,0.49,230400,0.485066
2005-03-28,0.49,0.50,0.49,0.50,53500,0.494965
2005-03-24,0.49,0.50,0.49,0.50,268800,0.494965
2005-03-23,0.52,0.52,0.48,0.49,403000,0.485066
2005-03-22,0.53,0.55,0.53,0.53,26500,0.524663
2005-03-21,0.55,0.57,0.52,0.53,186400,0.524663
2005-03-18,0.54,0.56,0.53,0.53,41700,0.524663
2005-03-17,0.57,0.57,0.55,0.55,68300,0.544462
2005-03-16,0.57,0.57,0.56,0.57,135900,0.564261
2005-03-15,0.58,0.58,0.58,0.58,28500,0.57416
2005-03-14,0.57,0.58,0.56,0.58,80500,0.57416
2005-03-11,0.56,0.59,0.56,0.57,99100,0.564261
2005-03-10,0.56,0.58,0.56,0.57,55100,0.564261
2005-03-09,0.59,0.62,0.56,0.56,388800,0.554361
2005-03-08,0.56,0.60,0.56,0.59,120800,0.584059
2005-03-07,0.57,0.59,0.57,0.59,98000,0.584059
2005-03-04,0.55,0.58,0.55,0.58,180000,0.57416
2005-03-03,0.56,0.56,0.54,0.55,206500,0.544462
2005-03-02,0.57,0.58,0.56,0.56,239800,0.554361
2005-03-01,0.59,0.60,0.58,0.59,231900,0.584059
2005-02-28,0.57,0.60,0.52,0.59,478500,0.584059
2005-02-25,0.63,0.63,0.60,0.60,191700,0.593959
2005-02-24,0.63,0.63,0.59,0.61,463000,0.603858
2005-02-23,0.65,0.65,0.62,0.63,149000,0.623657
2005-02-22,0.64,0.66,0.63,0.65,441200,0.643455
2005-02-21,0.67,0.67,0.65,0.65,72600,0.643455
2005-02-18,0.62,0.67,0.62,0.67,200700,0.663254
2005-02-17,0.65,0.65,0.62,0.62,21300,0.613757
2005-02-16,0.61,0.63,0.60,0.63,76500,0.623657
2005-02-15,0.63,0.63,0.60,0.62,65000,0.613757
2005-02-14,0.62,0.63,0.61,0.63,130600,0.623657
2005-02-11,0.60,0.63,0.60,0.62,220100,0.613757
2005-02-10,0.62,0.62,0.58,0.60,360700,0.593959
2005-02-09,0.60,0.63,0.60,0.62,118300,0.613757
2005-02-08,0.64,0.64,0.61,0.61,101500,0.603858
2005-02-07,0.65,0.66,0.63,0.63,36700,0.623657
2005-02-04,0.67,0.69,0.66,0.66,274500,0.653354
2005-02-03,0.62,0.66,0.62,0.66,34700,0.653354
2005-02-02,0.61,0.64,0.61,0.64,14400,0.633556
2005-02-01,0.63,0.63,0.60,0.62,136400,0.613757
2005-01-31,0.64,0.66,0.64,0.65,103000,0.643455
2005-01-28,0.63,0.64,0.62,0.62,46200,0.613757
2005-01-27,0.65,0.65,0.62,0.63,42600,0.623657
2005-01-26,0.64,0.65,0.63,0.63,10500,0.623657
2005-01-25,0.66,0.67,0.65,0.65,35900,0.643455
2005-01-24,0.62,0.68,0.62,0.65,22100,0.643455
2005-01-21,0.62,0.64,0.61,0.64,98000,0.633556
2005-01-20,0.64,0.64,0.61,0.61,68000,0.603858
2005-01-19,0.65,0.66,0.63,0.66,97500,0.653354
2005-01-18,0.65,0.65,0.63,0.65,61200,0.643455
2005-01-17,0.65,0.65,0.62,0.62,137600,0.613757
2005-01-14,0.65,0.65,0.64,0.64,15000,0.633556
2005-01-13,0.68,0.68,0.65,0.65,36500,0.643455
2005-01-12,0.65,0.68,0.65,0.68,46300,0.673153
2005-01-11,0.69,0.69,0.65,0.65,51800,0.643455
2005-01-10,0.69,0.70,0.67,0.69,91700,0.683052
2005-01-07,0.70,0.72,0.69,0.69,104500,0.683052
2005-01-06,0.67,0.69,0.67,0.69,33900,0.683052
2005-01-05,0.70,0.70,0.67,0.67,62000,0.663254
2005-01-04,0.69,0.70,0.68,0.69,44700,0.683052
2004-12-31,0.69,0.70,0.67,0.70,190100,0.692952
2004-12-30,0.68,0.68,0.65,0.68,26600,0.673153
2004-12-29,0.68,0.71,0.65,0.68,366700,0.673153
2004-12-24,0.62,0.66,0.62,0.66,13300,0.653354
2004-12-23,0.65,0.65,0.60,0.60,87600,0.593959
2004-12-22,0.65,0.66,0.63,0.64,195000,0.633556
2004-12-21,0.67,0.69,0.64,0.67,131800,0.663254
2004-12-20,0.69,0.71,0.65,0.65,111100,0.643455
2004-12-17,0.71,0.71,0.67,0.67,132900,0.663254
2004-12-16,0.68,0.70,0.68,0.69,91100,0.683052
2004-12-15,0.69,0.71,0.67,0.67,124300,0.663254
2004-12-14,0.66,0.71,0.65,0.69,508400,0.683052
2004-12-13,0.63,0.63,0.61,0.61,14200,0.603858
2004-12-10,0.59,0.64,0.59,0.63,46000,0.623657
2004-12-09,0.61,0.62,0.60,0.61,39500,0.603858
2004-12-08,0.61,0.63,0.60,0.62,76500,0.613757
2004-12-07,0.67,0.68,0.62,0.62,129500,0.613757
2004-12-06,0.68,0.68,0.66,0.66,28700,0.653354
2004-12-03,0.63,0.67,0.63,0.65,125100,0.643455
2004-12-02,0.62,0.69,0.62,0.65,68600,0.643455
2004-12-01,0.65,0.67,0.63,0.67,51000,0.663254
2004-11-30,0.69,0.69,0.64,0.65,84300,0.643455
2004-11-29,0.69,0.69,0.68,0.68,62600,0.673153
2004-11-26,0.65,0.69,0.65,0.69,90100,0.683052
2004-11-25,0.66,0.66,0.63,0.63,21400,0.623657
2004-11-24,0.67,0.68,0.63,0.66,120000,0.653354
2004-11-23,0.64,0.64,0.62,0.62,95000,0.613757
2004-11-22,0.65,0.65,0.63,0.63,87800,0.623657
2004-11-19,0.65,0.66,0.64,0.65,72500,0.643455
2004-11-18,0.68,0.68,0.65,0.66,39700,0.653354
2004-11-17,0.64,0.67,0.64,0.67,193300,0.663254
2004-11-16,0.64,0.65,0.62,0.64,115000,0.633556
2004-11-15,0.64,0.64,0.62,0.64,109200,0.633556
2004-11-12,0.62,0.64,0.61,0.64,140600,0.633556
2004-11-11,0.63,0.63,0.59,0.62,294900,0.613757
2004-11-10,0.66,0.67,0.62,0.63,197800,0.623657
2004-11-09,0.71,0.71,0.67,0.67,62500,0.663254
2004-11-08,0.70,0.71,0.69,0.70,91500,0.692952
2004-11-05,0.70,0.71,0.68,0.69,99200,0.683052
2004-11-04,0.71,0.72,0.69,0.70,149500,0.692952
2004-11-03,0.69,0.71,0.68,0.69,95000,0.683052
2004-11-02,0.70,0.70,0.67,0.67,63600,0.663254
2004-11-01,0.71,0.71,0.68,0.68,76300,0.673153
2004-10-29,0.71,0.71,0.68,0.70,79200,0.692952
2004-10-28,0.74,0.74,0.71,0.71,48500,0.702851
2004-10-27,0.73,0.74,0.70,0.74,60500,0.732549
2004-10-26,0.70,0.74,0.69,0.71,80500,0.702851
2004-10-25,0.68,0.72,0.68,0.70,114000,0.692952
2004-10-22,0.73,0.73,0.67,0.67,120700,0.663254
2004-10-21,0.71,0.73,0.70,0.73,110100,0.72265
2004-10-20,0.75,0.75,0.73,0.74,174400,0.732549
2004-10-19,0.78,0.78,0.75,0.75,117600,0.742448
2004-10-18,0.78,0.78,0.72,0.77,63900,0.762247
2004-10-15,0.78,0.79,0.76,0.78,182200,0.772146
2004-10-14,0.72,0.78,0.70,0.78,157700,0.772146
2004-10-13,0.69,0.72,0.69,0.72,90600,0.71275
2004-10-12,0.72,0.72,0.69,0.69,229800,0.683052
2004-10-08,0.75,0.78,0.73,0.75,198400,0.742448
2004-10-07,0.79,0.81,0.71,0.75,322600,0.742448
2004-10-06,0.79,0.81,0.77,0.79,594000,0.782046
2004-10-05,0.70,0.79,0.70,0.79,733500,0.782046
2004-10-04,0.66,0.70,0.65,0.70,321000,0.692952
2004-10-01,0.65,0.68,0.65,0.66,225300,0.653354
2004-09-30,0.65,0.66,0.63,0.63,284900,0.623657
2004-09-29,0.63,0.65,0.62,0.65,296500,0.643455
2004-09-28,0.61,0.64,0.61,0.63,141100,0.623657
2004-09-27,0.61,0.61,0.60,0.60,109300,0.593959
2004-09-24,0.60,0.62,0.58,0.61,106400,0.603858
2004-09-23,0.60,0.61,0.59,0.60,74500,0.593959
2004-09-22,0.60,0.60,0.58,0.60,85500,0.593959
2004-09-21,0.60,0.60,0.58,0.60,62600,0.593959
2004-09-20,0.60,0.60,0.57,0.60,237900,0.593959
2004-09-17,0.59,0.59,0.57,0.59,105000,0.584059
2004-09-16,0.61,0.61,0.58,0.60,78300,0.593959
2004-09-15,0.63,0.64,0.60,0.60,178100,0.593959
2004-09-14,0.64,0.65,0.61,0.61,261600,0.603858
2004-09-13,0.59,0.64,0.58,0.64,280700,0.633556
2004-09-10,0.55,0.61,0.55,0.60,642300,0.593959
2004-09-09,0.55,0.56,0.53,0.55,119100,0.544462
2004-09-08,0.55,0.55,0.52,0.54,124400,0.534563
2004-09-07,0.54,0.54,0.52,0.53,299100,0.524663
2004-09-03,0.48,0.55,0.48,0.53,145600,0.524663
2004-09-02,0.48,0.50,0.48,0.50,49700,0.494965
2004-09-01,0.48,0.48,0.48,0.48,65500,0.475167
2004-08-31,0.49,0.49,0.48,0.49,61000,0.485066
2004-08-30,0.48,0.48,0.47,0.47,60000,0.465268
2004-08-27,0.49,0.49,0.48,0.48,30600,0.475167
2004-08-26,0.48,0.48,0.47,0.48,50700,0.475167
2004-08-25,0.45,0.47,0.45,0.47,39600,0.465268
2004-08-24,0.46,0.46,0.45,0.46,67100,0.455368
2004-08-23,0.47,0.47,0.45,0.45,102200,0.445469
2004-08-20,0.45,0.46,0.45,0.46,313200,0.455368
2004-08-19,0.44,0.45,0.43,0.45,143400,0.445469
2004-08-18,0.43,0.44,0.43,0.44,105000,0.43557
2004-08-17,0.44,0.44,0.42,0.43,80200,0.42567
2004-08-16,0.43,0.44,0.43,0.44,82600,0.43557
2004-08-13,0.47,0.47,0.42,0.43,714900,0.42567
2004-08-12,0.45,0.47,0.45,0.46,75500,0.455368
2004-08-11,0.45,0.47,0.44,0.46,144600,0.455368
2004-08-10,0.44,0.46,0.43,0.44,215500,0.43557
2004-08-09,0.42,0.45,0.42,0.45,240600,0.445469
2004-08-06,0.41,0.45,0.41,0.41,205300,0.405872
2004-08-05,0.40,0.42,0.39,0.40,222100,0.395972
2004-08-04,0.38,0.39,0.38,0.39,52400,0.386073
2004-08-03,0.38,0.38,0.37,0.38,60000,0.376174
2004-07-30,0.38,0.38,0.37,0.38,87000,0.376174
2004-07-29,0.38,0.39,0.38,0.38,131400,0.376174
2004-07-28,0.38,0.38,0.37,0.38,172300,0.376174
2004-07-27,0.40,0.40,0.39,0.39,111000,0.386073
2004-07-26,0.40,0.41,0.40,0.41,87000,0.405872
2004-07-23,0.40,0.40,0.39,0.40,51600,0.395972
2004-07-22,0.41,0.41,0.39,0.40,144200,0.395972
2004-07-21,0.41,0.41,0.40,0.40,138800,0.395972
2004-07-20,0.42,0.43,0.41,0.42,304400,0.415771
2004-07-19,0.42,0.42,0.41,0.42,226900,0.415771
2004-07-16,0.42,0.43,0.41,0.42,194900,0.415771
2004-07-15,0.41,0.43,0.41,0.43,289000,0.42567
2004-07-14,0.40,0.42,0.40,0.42,560900,0.415771
2004-07-13,0.43,0.43,0.39,0.39,922100,0.386073
2004-07-12,0.39,0.43,0.38,0.42,360800,0.415771
2004-07-09,0.39,0.40,0.38,0.39,435200,0.386073
2004-07-08,0.36,0.40,0.36,0.40,142900,0.395972
2004-07-07,0.38,0.38,0.36,0.36,243500,0.356375
2004-07-06,0.39,0.39,0.37,0.38,117900,0.376174
2004-07-05,0.39,0.39,0.37,0.37,85200,0.366274
2004-07-02,0.40,0.40,0.39,0.39,48000,0.386073
2004-06-30,0.39,0.39,0.38,0.38,99500,0.376174
2004-06-29,0.38,0.40,0.38,0.38,69400,0.376174
2004-06-28,0.39,0.39,0.38,0.39,56300,0.386073
2004-06-25,0.39,0.40,0.39,0.39,45000,0.386073
2004-06-24,0.41,0.41,0.39,0.39,227500,0.386073
2004-06-23,0.40,0.42,0.40,0.40,70600,0.395972
2004-06-22,0.41,0.43,0.41,0.41,85300,0.405872
2004-06-21,0.43,0.43,0.40,0.40,120500,0.395972
2004-06-18,0.43,0.43,0.41,0.42,159000,0.415771
2004-06-17,0.42,0.43,0.40,0.42,20000,0.415771
2004-06-16,0.42,0.42,0.41,0.41,38100,0.405872
2004-06-15,0.43,0.44,0.43,0.43,158400,0.42567
2004-06-14,0.43,0.43,0.43,0.43,96000,0.42567
2004-06-11,0.43,0.43,0.42,0.42,38000,0.415771
2004-06-10,0.45,0.45,0.43,0.43,107000,0.42567
2004-06-09,0.44,0.45,0.44,0.45,84000,0.445469
2004-06-08,0.47,0.47,0.43,0.44,75300,0.43557
2004-06-07,0.47,0.47,0.47,0.47,86000,0.465268
2004-06-04,0.47,0.48,0.47,0.47,118700,0.465268
2004-06-03,0.49,0.49,0.47,0.48,130600,0.475167
2004-06-02,0.50,0.50,0.46,0.46,24000,0.455368
2004-06-01,0.50,0.52,0.49,0.51,109200,0.504865
2004-05-31,0.49,0.50,0.49,0.50,90500,0.494965
2004-05-28,0.49,0.50,0.46,0.49,112500,0.485066
2004-05-27,0.47,0.49,0.47,0.49,255500,0.485066
2004-05-26,0.45,0.47,0.45,0.46,149400,0.455368
2004-05-25,0.44,0.45,0.44,0.45,367500,0.445469
2004-05-21,0.44,0.45,0.43,0.43,274500,0.42567
2004-05-20,0.43,0.44,0.42,0.43,47800,0.42567
2004-05-19,0.43,0.46,0.43,0.45,191500,0.445469
2004-05-18,0.42,0.45,0.42,0.42,55900,0.415771
2004-05-17,0.45,0.45,0.44,0.45,163800,0.445469
2004-05-14,0.47,0.47,0.43,0.44,55400,0.43557
2004-05-13,0.45,0.45,0.45,0.45,29400,0.445469
2004-05-12,0.48,0.48,0.45,0.45,99000,0.445469
2004-05-11,0.47,0.48,0.47,0.48,29000,0.475167
2004-05-10,0.45,0.47,0.45,0.47,112700,0.465268
2004-05-07,0.49,0.50,0.45,0.48,142100,0.475167
2004-05-06,0.48,0.53,0.47,0.50,110500,0.494965
2004-05-05,0.52,0.52,0.50,0.50,54400,0.494965
2004-05-04,0.51,0.53,0.51,0.52,311200,0.514764
2004-05-03,0.52,0.52,0.48,0.48,48100,0.475167
2004-04-30,0.52,0.53,0.48,0.49,158200,0.485066
2004-04-29,0.47,0.51,0.46,0.51,230600,0.504865
2004-04-28,0.50,0.52,0.47,0.47,262800,0.465268
2004-04-27,0.53,0.53,0.50,0.52,296900,0.514764
2004-04-26,0.49,0.53,0.48,0.53,222200,0.524663
2004-04-23,0.45,0.49,0.44,0.49,126100,0.485066
2004-04-22,0.44,0.48,0.44,0.46,283400,0.455368
2004-04-21,0.48,0.48,0.44,0.44,199600,0.43557
2004-04-20,0.51,0.52,0.49,0.51,134200,0.504865
2004-04-19,0.54,0.54,0.50,0.50,118900,0.494965
2004-04-16,0.49,0.54,0.47,0.52,129000,0.514764
2004-04-15,0.48,0.51,0.48,0.50,47000,0.494965
2004-04-14,0.51,0.51,0.49,0.51,202800,0.504865
2004-04-13,0.55,0.55,0.52,0.53,664700,0.524663
2004-04-12,0.55,0.56,0.55,0.55,167500,0.544462
2004-04-08,0.57,0.57,0.55,0.55,141000,0.544462
2004-04-07,0.57,0.61,0.55,0.57,949200,0.564261
2004-04-06,0.56,0.56,0.54,0.55,268300,0.544462
2004-04-05,0.55,0.57,0.55,0.56,195000,0.554361
2004-04-02,0.59,0.59,0.55,0.56,229000,0.554361
2004-04-01,0.58,0.59,0.57,0.58,176100,0.57416
2004-03-31,0.60,0.61,0.58,0.58,195700,0.57416
2004-03-30,0.62,0.63,0.55,0.60,908700,0.593959
2004-03-29,0.51,0.62,0.50,0.60,1950000,0.593959
2004-03-26,0.50,0.53,0.50,0.50,1822700,0.494965
2004-03-25,0.50,0.50,0.49,0.50,221100,0.494965
2004-03-24,0.51,0.51,0.49,0.51,320700,0.504865
2004-03-23,0.48,0.51,0.47,0.51,725000,0.504865
2004-03-22,0.49,0.49,0.47,0.48,363100,0.475167
2004-03-19,0.48,0.49,0.47,0.47,283500,0.465268
2004-03-18,0.50,0.51,0.48,0.48,227100,0.475167
2004-03-17,0.48,0.50,0.45,0.49,708500,0.485066
2004-03-16,0.48,0.49,0.46,0.48,1390300,0.475167
2004-03-15,0.53,0.53,0.45,0.47,1678400,0.465268
2004-03-12,0.55,0.55,0.51,0.53,338000,0.524663
2004-03-11,0.57,0.57,0.51,0.55,615500,0.544462
2004-03-10,0.64,0.64,0.57,0.57,357400,0.564261
2004-03-09,0.62,0.64,0.60,0.64,763400,0.633556
2004-03-08,0.60,0.62,0.56,0.62,770300,0.613757
2004-03-05,0.61,0.61,0.58,0.58,314300,0.57416
2004-03-04,0.58,0.61,0.57,0.61,191700,0.603858
2004-03-03,0.62,0.62,0.60,0.60,92500,0.593959
2004-03-02,0.61,0.63,0.60,0.62,598900,0.613757
2004-03-01,0.61,0.63,0.60,0.61,381300,0.603858
2004-02-27,0.60,0.61,0.58,0.61,1097600,0.603858
2004-02-26,0.60,0.62,0.59,0.62,540100,0.613757
2004-02-25,0.63,0.63,0.60,0.60,77200,0.593959
2004-02-24,0.63,0.65,0.62,0.64,228000,0.633556
2004-02-23,0.73,0.73,0.62,0.63,156500,0.623657
2004-02-20,0.75,0.77,0.69,0.75,247000,0.742448
2004-02-19,0.84,0.89,0.77,0.77,344900,0.762247
2004-02-18,0.73,0.84,0.73,0.84,745900,0.831542
2004-02-17,0.70,0.74,0.70,0.74,393700,0.732549
2004-02-16,0.77,0.77,0.71,0.71,110800,0.702851
2004-02-13,0.64,0.75,0.64,0.73,546000,0.72265
2004-02-12,0.60,0.64,0.60,0.64,247500,0.633556
2004-02-11,0.55,0.61,0.55,0.60,68600,0.593959
2004-02-10,0.58,0.58,0.56,0.58,28100,0.57416
2004-02-09,0.58,0.59,0.55,0.59,85000,0.584059
2004-02-06,0.58,0.59,0.54,0.59,99300,0.584059
2004-02-05,0.59,0.60,0.58,0.59,123300,0.584059
2004-02-04,0.58,0.59,0.57,0.59,35500,0.584059
2004-02-03,0.55,0.59,0.55,0.55,12000,0.544462
2004-02-02,0.58,0.58,0.54,0.54,70200,0.534563
2004-01-30,0.54,0.58,0.54,0.57,26300,0.564261
2004-01-29,0.58,0.58,0.53,0.55,58500,0.544462
2004-01-28,0.58,0.60,0.58,0.60,64500,0.593959
2004-01-27,0.54,0.60,0.54,0.56,93000,0.554361
2004-01-26,0.55,0.55,0.54,0.54,65500,0.534563
2004-01-23,0.53,0.55,0.53,0.54,4000,0.534563
2004-01-22,0.57,0.59,0.53,0.55,52000,0.544462
2004-01-21,0.58,0.59,0.55,0.56,124400,0.554361
2004-01-20,0.56,0.61,0.56,0.58,196900,0.57416
2004-01-19,0.60,0.60,0.60,0.60,000,0.593959
2004-01-16,0.58,0.60,0.55,0.60,45500,0.593959
2004-01-15,0.55,0.56,0.54,0.54,22200,0.534563
2004-01-14,0.56,0.59,0.53,0.58,153500,0.57416
2004-01-13,0.59,0.60,0.57,0.58,161000,0.57416
2004-01-12,0.63,0.63,0.59,0.60,88500,0.593959
2004-01-09,0.58,0.60,0.58,0.60,97700,0.593959
2004-01-08,0.56,0.57,0.56,0.57,27000,0.564261
2004-01-07,0.58,0.59,0.57,0.57,143200,0.564261
2004-01-06,0.60,0.60,0.56,0.57,135400,0.564261
2004-01-05,0.57,0.60,0.55,0.60,190000,0.593959
2004-01-02,0.53,0.55,0.53,0.55,138800,0.544462
2003-12-31,0.50,0.53,0.50,0.53,48500,0.524663
2003-12-30,0.50,0.51,0.50,0.51,39200,0.504865
2003-12-29,0.52,0.52,0.50,0.50,41300,0.494965
2003-12-26,0.52,0.52,0.52,0.52,000,0.514764
2003-12-24,0.52,0.52,0.52,0.52,10000,0.514764
2003-12-23,0.49,0.49,0.49,0.49,6000,0.485066
2003-12-22,0.50,0.53,0.50,0.53,20000,0.524663
2003-12-19,0.48,0.48,0.48,0.48,1000,0.475167
2003-12-18,0.47,0.47,0.47,0.47,8300,0.465268
2003-12-17,0.52,0.52,0.52,0.52,000,0.514764
2003-12-16,0.52,0.52,0.52,0.52,3000,0.514764
2003-12-15,0.50,0.54,0.48,0.52,48600,0.514764
2003-12-12,0.53,0.53,0.50,0.50,6200,0.494965
2003-12-11,0.50,0.54,0.46,0.51,68000,0.504865
2003-12-10,0.58,0.58,0.53,0.53,78200,0.524663
2003-12-09,0.57,0.59,0.54,0.57,46000,0.564261
2003-12-08,0.58,0.59,0.57,0.57,61800,0.564261
2003-12-05,0.62,0.63,0.58,0.59,41500,0.584059
2003-12-04,0.60,0.65,0.57,0.65,158600,0.643455
2003-12-03,0.63,0.65,0.61,0.62,79500,0.613757
2003-12-02,0.62,0.63,0.60,0.63,66000,0.623657
2003-12-01,0.60,0.64,0.60,0.61,177500,0.603858
2003-11-28,0.64,0.64,0.60,0.61,141200,0.603858
2003-11-27,0.60,0.63,0.60,0.60,56900,0.593959
2003-11-26,0.57,0.61,0.57,0.60,231700,0.593959
2003-11-25,0.53,0.59,0.53,0.58,272900,0.57416
2003-11-24,0.51,0.55,0.50,0.55,69000,0.544462
2003-11-21,0.49,0.55,0.49,0.55,95600,0.544462
2003-11-20,0.50,0.51,0.49,0.51,18000,0.504865
2003-11-19,0.49,0.51,0.47,0.49,202400,0.485066
2003-11-18,0.47,0.57,0.47,0.55,323700,0.544462
2003-11-17,0.48,0.48,0.47,0.47,134000,0.465268
2003-11-14,0.46,0.48,0.46,0.47,168500,0.465268
2003-11-13,0.46,0.46,0.46,0.46,13300,0.455368
2003-11-12,0.44,0.47,0.44,0.44,140200,0.43557
2003-11-11,0.43,0.44,0.43,0.44,20100,0.43557
2003-11-10,0.41,0.45,0.41,0.45,44000,0.445469
2003-11-07,0.43,0.44,0.43,0.44,14600,0.43557
2003-11-06,0.47,0.47,0.40,0.45,74000,0.445469
2003-11-05,0.47,0.47,0.42,0.46,18100,0.455368
2003-11-04,0.46,0.46,0.45,0.45,97000,0.445469
2003-11-03,0.43,0.46,0.43,0.44,57200,0.43557
2003-10-31,0.44,0.47,0.42,0.47,87400,0.465268
2003-10-30,0.44,0.45,0.44,0.44,59000,0.43557
2003-10-29,0.42,0.45,0.42,0.43,105000,0.42567
2003-10-28,0.43,0.43,0.40,0.40,124000,0.395972
2003-10-27,0.44,0.45,0.41,0.43,167000,0.42567
2003-10-24,0.43,0.46,0.42,0.45,239600,0.445469
2003-10-23,0.36,0.39,0.36,0.39,119000,0.386073
2003-10-22,0.37,0.38,0.35,0.36,127500,0.356375
2003-10-21,0.34,0.37,0.34,0.36,19000,0.356375
2003-10-20,0.34,0.34,0.33,0.33,48500,0.326677
2003-10-17,0.36,0.36,0.36,0.36,5500,0.356375
2003-10-16,0.34,0.35,0.34,0.35,55000,0.346476
2003-10-15,0.37,0.38,0.34,0.35,68300,0.346476
2003-10-14,0.31,0.36,0.31,0.36,77100,0.356375
2003-10-10,0.32,0.32,0.32,0.32,5100,0.316778
2003-10-09,0.32,0.34,0.31,0.32,18700,0.316778
2003-10-08,0.32,0.33,0.32,0.32,43500,0.316778
2003-10-07,0.32,0.34,0.32,0.32,41000,0.316778
2003-10-06,0.33,0.33,0.31,0.31,80500,0.306879
2003-10-03,0.35,0.35,0.31,0.32,64000,0.316778
2003-10-02,0.33,0.38,0.33,0.35,55000,0.346476
2003-10-01,0.37,0.37,0.31,0.31,39000,0.306879
2003-09-30,0.36,0.36,0.31,0.33,50200,0.326677
2003-09-29,0.36,0.37,0.35,0.37,59000,0.366274
2003-09-26,0.36,0.36,0.31,0.31,41600,0.306879
2003-09-25,0.33,0.36,0.33,0.34,95300,0.336577
2003-09-24,0.35,0.35,0.32,0.32,135800,0.316778
2003-09-23,0.37,0.37,0.35,0.35,51000,0.346476
2003-09-22,0.38,0.38,0.36,0.37,54000,0.366274
2003-09-19,0.38,0.38,0.36,0.37,52000,0.366274
2003-09-18,0.38,0.38,0.37,0.38,44500,0.376174
2003-09-17,0.37,0.38,0.36,0.36,10000,0.356375
2003-09-16,0.38,0.38,0.35,0.36,80600,0.356375
2003-09-15,0.37,0.38,0.37,0.38,18200,0.376174
2003-09-12,0.39,0.39,0.37,0.37,66500,0.366274
2003-09-11,0.40,0.40,0.38,0.40,87000,0.395972
2003-09-10,0.43,0.43,0.40,0.40,106700,0.395972
2003-09-09,0.40,0.45,0.40,0.43,67000,0.42567
2003-09-08,0.40,0.42,0.38,0.42,156000,0.415771
2003-09-05,0.38,0.40,0.38,0.38,35500,0.376174
2003-09-04,0.38,0.40,0.37,0.40,52100,0.395972
2003-09-03,0.37,0.39,0.37,0.39,73300,0.386073
2003-09-02,0.40,0.40,0.40,0.40,27300,0.395972
2003-08-29,0.39,0.39,0.37,0.37,6600,0.366274
2003-08-28,0.38,0.40,0.38,0.40,61000,0.395972
2003-08-27,0.37,0.39,0.36,0.38,126500,0.376174
2003-08-26,0.35,0.36,0.34,0.36,105000,0.356375
2003-08-25,0.34,0.35,0.34,0.34,74400,0.336577
2003-08-22,0.37,0.37,0.34,0.34,90600,0.336577
2003-08-21,0.36,0.36,0.36,0.36,26500,0.356375
2003-08-20,0.33,0.39,0.33,0.37,107500,0.366274
2003-08-19,0.31,0.33,0.31,0.32,68500,0.316778
2003-08-18,0.30,0.31,0.30,0.31,73000,0.306879
2003-08-15,0.30,0.30,0.30,0.30,38000,0.296979
2003-08-14,0.30,0.31,0.30,0.31,94000,0.306879
2003-08-13,0.30,0.32,0.30,0.31,28200,0.306879
2003-08-12,0.30,0.30,0.30,0.30,95000,0.296979
2003-08-11,0.30,0.31,0.30,0.31,16000,0.306879
2003-08-08,0.30,0.30,0.28,0.30,74200,0.296979
2003-08-07,0.28,0.30,0.28,0.30,166000,0.296979
2003-08-06,0.27,0.27,0.27,0.27,000,0.267281
2003-08-05,0.29,0.29,0.27,0.27,42200,0.267281
2003-08-01,0.27,0.30,0.27,0.30,17500,0.296979
2003-07-31,0.32,0.32,0.30,0.30,91000,0.296979
2003-07-30,0.30,0.30,0.30,0.30,67000,0.296979
2003-07-29,0.30,0.30,0.30,0.30,99400,0.296979
2003-07-28,0.31,0.31,0.31,0.31,000,0.306879
2003-07-25,0.30,0.32,0.30,0.31,144400,0.306879
2003-07-24,0.31,0.31,0.30,0.31,19500,0.306879
2003-07-23,0.30,0.31,0.30,0.30,38000,0.296979
2003-07-22,0.29,0.31,0.29,0.30,209700,0.296979
2003-07-21,0.28,0.28,0.28,0.28,10000,0.277181
2003-07-18,0.29,0.29,0.28,0.28,30000,0.277181
2003-07-17,0.28,0.29,0.28,0.28,165500,0.277181
2003-07-16,0.26,0.26,0.26,0.26,39500,0.257382
2003-07-15,0.27,0.27,0.25,0.25,95000,0.247483
2003-07-14,0.25,0.25,0.25,0.25,50000,0.247483
2003-07-11,0.25,0.25,0.25,0.25,000,0.247483
2003-07-10,0.24,0.25,0.24,0.25,26100,0.247483
2003-07-09,0.24,0.24,0.24,0.24,000,0.237583
2003-07-08,0.24,0.26,0.24,0.24,28000,0.237583
2003-07-07,0.25,0.25,0.25,0.25,000,0.247483
2003-07-04,0.25,0.25,0.25,0.25,3000,0.247483
2003-07-03,0.25,0.25,0.25,0.25,15000,0.247483
2003-07-02,0.28,0.28,0.26,0.26,10500,0.257382
2003-06-30,0.25,0.25,0.25,0.25,16000,0.247483
2003-06-27,0.26,0.26,0.25,0.25,44100,0.247483
2003-06-26,0.27,0.27,0.25,0.25,13500,0.247483
2003-06-25,0.27,0.27,0.27,0.27,500,0.267281
2003-06-24,0.27,0.27,0.27,0.27,29500,0.267281
2003-06-23,0.26,0.26,0.26,0.26,10000,0.257382
2003-06-20,0.27,0.27,0.26,0.26,11200,0.257382
2003-06-19,0.28,0.28,0.28,0.28,11500,0.277181
2003-06-18,0.27,0.30,0.27,0.28,46000,0.277181
2003-06-17,0.28,0.28,0.28,0.28,37000,0.277181
2003-06-16,0.26,0.28,0.26,0.26,10000,0.257382
2003-06-13,0.28,0.28,0.26,0.26,203000,0.257382
2003-06-12,0.28,0.28,0.28,0.28,18600,0.277181
2003-06-11,0.28,0.28,0.28,0.28,30000,0.277181
2003-06-10,0.27,0.27,0.27,0.27,6600,0.267281
2003-06-09,0.27,0.29,0.27,0.27,220500,0.267281
2003-06-06,0.28,0.29,0.28,0.29,65000,0.28708
2003-06-05,0.28,0.28,0.28,0.28,7000,0.277181
2003-06-04,0.28,0.28,0.28,0.28,6500,0.277181
2003-06-03,0.27,0.28,0.26,0.26,51000,0.257382
2003-06-02,0.26,0.28,0.26,0.28,24900,0.277181
2003-05-30,0.26,0.26,0.26,0.26,1000,0.257382
2003-05-29,0.25,0.27,0.25,0.26,77100,0.257382
2003-05-28,0.26,0.26,0.25,0.26,26300,0.257382
2003-05-27,0.27,0.27,0.26,0.26,13000,0.257382
2003-05-26,0.26,0.26,0.26,0.26,10000,0.257382
2003-05-23,0.26,0.28,0.26,0.28,5200,0.277181
2003-05-22,0.28,0.28,0.26,0.26,60000,0.257382
2003-05-21,0.31,0.31,0.27,0.27,139500,0.267281
2003-05-20,0.34,0.34,0.31,0.31,77800,0.306879
2003-05-16,0.31,0.35,0.31,0.31,307800,0.306879
2003-05-15,0.28,0.30,0.28,0.30,45000,0.296979
2003-05-14,0.25,0.25,0.25,0.25,5000,0.247483
2003-05-13,0.25,0.26,0.25,0.25,77700,0.247483
2003-05-12,0.25,0.27,0.25,0.26,11000,0.257382
2003-05-09,0.25,0.25,0.25,0.25,5000,0.247483
2003-05-08,0.28,0.28,0.25,0.25,5500,0.247483
2003-05-07,0.29,0.29,0.28,0.28,59400,0.277181
2003-05-06,0.28,0.28,0.28,0.28,15100,0.277181
2003-05-05,0.27,0.27,0.27,0.27,4000,0.267281
2003-05-02,0.27,0.27,0.25,0.25,16000,0.247483
2003-05-01,0.27,0.27,0.27,0.27,000,0.267281
2003-04-30,0.29,0.29,0.27,0.27,17000,0.267281
2003-04-29,0.28,0.28,0.28,0.28,8500,0.277181
2003-04-28,0.29,0.29,0.29,0.29,6300,0.28708
2003-04-25,0.30,0.30,0.28,0.28,60700,0.277181
2003-04-24,0.30,0.30,0.30,0.30,40300,0.296979
2003-04-23,0.30,0.30,0.28,0.30,26000,0.296979
2003-04-22,0.28,0.28,0.28,0.28,000,0.277181
2003-04-21,0.28,0.28,0.28,0.28,000,0.277181
2003-04-17,0.29,0.29,0.28,0.28,66500,0.277181
2003-04-16,0.30,0.30,0.28,0.30,10900,0.296979
2003-04-15,0.28,0.31,0.28,0.28,23300,0.277181
2003-04-14,0.31,0.31,0.31,0.31,000,0.306879
2003-04-11,0.28,0.31,0.28,0.31,17000,0.306879
2003-04-10,0.30,0.30,0.30,0.30,000,0.296979
2003-04-09,0.30,0.30,0.30,0.30,000,0.296979
2003-04-08,0.30,0.30,0.30,0.30,22500,0.296979
2003-04-07,0.27,0.30,0.27,0.29,36600,0.28708
2003-04-04,0.26,0.26,0.26,0.26,000,0.257382
2003-04-03,0.25,0.26,0.25,0.26,39500,0.257382
2003-04-02,0.27,0.28,0.25,0.25,17000,0.247483
2003-04-01,0.29,0.29,0.28,0.28,7000,0.277181
2003-03-31,0.28,0.29,0.28,0.29,10400,0.28708
2003-03-28,0.25,0.28,0.25,0.28,65600,0.277181
2003-03-27,0.27,0.27,0.27,0.27,40000,0.267281
2003-03-26,0.29,0.30,0.29,0.30,22300,0.296979
2003-03-25,0.28,0.28,0.27,0.27,38000,0.267281
2003-03-24,0.29,0.29,0.29,0.29,30000,0.28708
2003-03-21,0.31,0.32,0.30,0.30,16000,0.296979
2003-03-20,0.30,0.32,0.30,0.31,13500,0.306879
2003-03-19,0.29,0.32,0.29,0.30,123400,0.296979
2003-03-18,0.29,0.29,0.28,0.28,21000,0.277181
2003-03-17,0.28,0.28,0.28,0.28,52500,0.277181
2003-03-14,0.26,0.30,0.26,0.30,35000,0.296979
2003-03-13,0.27,0.28,0.25,0.25,117300,0.247483
2003-03-12,0.28,0.29,0.27,0.27,24000,0.267281
2003-03-11,0.30,0.30,0.29,0.30,22500,0.296979
2003-03-10,0.32,0.32,0.31,0.31,8000,0.306879
2003-03-07,0.35,0.35,0.31,0.33,91900,0.326677
2003-03-06,0.35,0.37,0.35,0.37,23500,0.366274
2003-03-05,0.35,0.36,0.35,0.36,69000,0.356375
2003-03-04,0.33,0.36,0.33,0.36,6500,0.356375
2003-03-03,0.35,0.35,0.35,0.35,3000,0.346476
2003-02-28,0.35,0.35,0.35,0.35,10000,0.346476
2003-02-27,0.33,0.34,0.33,0.34,15000,0.336577
2003-02-26,0.36,0.37,0.35,0.35,82500,0.346476
2003-02-25,0.38,0.38,0.37,0.38,48500,0.376174
2003-02-24,0.37,0.39,0.37,0.39,58500,0.386073
2003-02-21,0.36,0.37,0.36,0.36,53000,0.356375
2003-02-20,0.35,0.36,0.35,0.36,39000,0.356375
2003-02-19,0.35,0.36,0.35,0.36,15000,0.356375
2003-02-18,0.35,0.37,0.34,0.34,55000,0.336577
2003-02-17,0.35,0.36,0.35,0.36,19500,0.356375
2003-02-14,0.37,0.37,0.37,0.37,5200,0.366274
2003-02-13,0.36,0.36,0.36,0.36,000,0.356375
2003-02-12,0.43,0.43,0.36,0.36,41100,0.356375
2003-02-11,0.35,0.37,0.33,0.37,51500,0.366274
2003-02-10,0.37,0.37,0.34,0.35,136600,0.346476
2003-02-07,0.41,0.43,0.36,0.38,135300,0.376174
2003-02-06,0.43,0.43,0.43,0.43,35000,0.42567
2003-02-05,0.47,0.47,0.44,0.44,41000,0.43557
2003-02-04,0.50,0.50,0.46,0.46,43500,0.455368
2003-02-03,0.47,0.50,0.47,0.50,66500,0.494965
2003-01-31,0.47,0.49,0.47,0.47,22500,0.465268
2003-01-30,0.47,0.47,0.46,0.46,12500,0.455368
2003-01-29,0.48,0.48,0.46,0.47,35500,0.465268
2003-01-28,0.49,0.50,0.47,0.50,5500,0.494965
2003-01-27,0.52,0.52,0.47,0.47,22500,0.465268
2003-01-24,0.53,0.55,0.50,0.52,136500,0.514764
2003-01-23,0.54,0.55,0.52,0.53,136000,0.524663
2003-01-22,0.54,0.58,0.52,0.55,356100,0.544462
2003-01-21,0.47,0.54,0.47,0.51,254100,0.504865
2003-01-20,0.47,0.47,0.47,0.47,7500,0.465268
2003-01-17,0.47,0.48,0.47,0.47,44200,0.465268
2003-01-16,0.42,0.46,0.42,0.46,23800,0.455368
2003-01-15,0.43,0.45,0.42,0.42,57500,0.415771
2003-01-14,0.45,0.45,0.42,0.42,33000,0.415771
2003-01-13,0.42,0.45,0.40,0.45,53300,0.445469
2003-01-10,0.44,0.44,0.41,0.41,78000,0.405872
2003-01-09,0.45,0.45,0.43,0.44,64400,0.43557
2003-01-08,0.45,0.46,0.44,0.45,97000,0.445469
2003-01-07,0.46,0.46,0.44,0.44,34000,0.43557
2003-01-06,0.46,0.47,0.45,0.47,92000,0.465268
2003-01-03,0.44,0.46,0.44,0.45,37600,0.445469
2003-01-02,0.44,0.45,0.43,0.44,118000,0.43557
2002-12-31,0.40,0.44,0.40,0.42,33500,0.415771
2002-12-30,0.44,0.45,0.41,0.41,62500,0.405872
2002-12-27,0.43,0.44,0.43,0.44,13500,0.43557
2002-12-24,0.44,0.44,0.42,0.43,40500,0.42567
2002-12-23,0.41,0.43,0.41,0.42,18200,0.415771
2002-12-20,0.42,0.42,0.40,0.41,11200,0.405872
2002-12-19,0.40,0.43,0.40,0.43,38500,0.42567
2002-12-18,0.40,0.41,0.39,0.40,30000,0.395972
2002-12-17,0.40,0.40,0.37,0.39,16500,0.386073
2002-12-16,0.40,0.40,0.39,0.40,32500,0.395972
2002-12-13,0.38,0.41,0.38,0.40,34500,0.395972
2002-12-12,0.37,0.37,0.37,0.37,1000,0.366274
2002-12-11,0.39,0.40,0.35,0.40,29800,0.395972
2002-12-10,0.40,0.41,0.39,0.40,36200,0.395972
2002-12-09,0.40,0.42,0.40,0.40,21000,0.395972
2002-12-06,0.38,0.40,0.38,0.40,34800,0.395972
2002-12-05,0.35,0.35,0.35,0.35,1800,0.346476
2002-12-04,0.33,0.33,0.33,0.33,000,0.326677
2002-12-03,0.33,0.33,0.33,0.33,000,0.326677
2002-12-02,0.33,0.33,0.33,0.33,1000,0.326677
2002-11-29,0.38,0.38,0.38,0.38,10000,0.376174
2002-11-28,0.38,0.38,0.38,0.38,40000,0.376174
2002-11-27,0.38,0.38,0.38,0.38,5500,0.376174
2002-11-26,0.38,0.40,0.38,0.40,6300,0.395972
2002-11-25,0.38,0.38,0.38,0.38,5000,0.376174
2002-11-22,0.36,0.39,0.36,0.37,20200,0.366274
2002-11-21,0.39,0.39,0.39,0.39,5000,0.386073
2002-11-20,0.37,0.37,0.36,0.36,4000,0.356375
2002-11-19,0.37,0.37,0.37,0.37,26500,0.366274
2002-11-18,0.37,0.37,0.37,0.37,25000,0.366274
2002-11-15,0.39,0.40,0.38,0.40,26000,0.395972
2002-11-14,0.39,0.40,0.39,0.40,13000,0.395972
2002-11-13,0.39,0.39,0.35,0.37,57600,0.366274
2002-11-12,0.35,0.35,0.35,0.35,000,0.346476
2002-11-11,0.35,0.35,0.35,0.35,3500,0.346476
2002-11-08,0.38,0.40,0.38,0.40,34000,0.395972
2002-11-07,0.40,0.40,0.38,0.38,16200,0.376174
2002-11-06,0.39,0.41,0.39,0.41,36000,0.405872
2002-11-05,0.39,0.39,0.39,0.39,3500,0.386073
2002-11-04,0.34,0.34,0.30,0.30,191000,0.296979
2002-11-01,0.30,0.37,0.30,0.37,10500,0.366274
2002-10-31,0.33,0.33,0.32,0.32,27000,0.316778
2002-10-30,0.31,0.33,0.31,0.33,115200,0.326677
2002-10-29,0.35,0.35,0.30,0.32,36500,0.316778
2002-10-28,0.28,0.30,0.28,0.30,8500,0.296979
2002-10-25,0.30,0.30,0.30,0.30,11000,0.296979
2002-10-24,0.31,0.31,0.25,0.25,33100,0.247483
2002-10-23,0.33,0.33,0.33,0.33,1000,0.326677
2002-10-22,0.35,0.35,0.35,0.35,5000,0.346476
2002-10-21,0.31,0.31,0.31,0.31,1500,0.306879
2002-10-18,0.30,0.30,0.30,0.30,000,0.296979
2002-10-17,0.30,0.30,0.30,0.30,8500,0.296979
2002-10-16,0.32,0.32,0.30,0.30,15000,0.296979
2002-10-15,0.33,0.33,0.32,0.32,26500,0.316778
2002-10-11,0.32,0.32,0.32,0.32,000,0.316778
2002-10-10,0.35,0.35,0.32,0.32,16000,0.316778
2002-10-09,0.33,0.33,0.33,0.33,000,0.326677
2002-10-08,0.35,0.35,0.33,0.33,21000,0.326677
2002-10-07,0.37,0.38,0.33,0.38,24000,0.376174
2002-10-04,0.37,0.37,0.37,0.37,000,0.366274
2002-10-03,0.37,0.37,0.37,0.37,10000,0.366274
2002-10-02,0.40,0.40,0.40,0.40,1000,0.395972
2002-10-01,0.40,0.40,0.40,0.40,000,0.395972
2002-09-30,0.40,0.40,0.40,0.40,3500,0.395972
2002-09-27,0.40,0.40,0.40,0.40,5700,0.395972
2002-09-26,0.42,0.43,0.42,0.43,16000,0.42567
2002-09-25,0.40,0.40,0.40,0.40,13000,0.395972
2002-09-24,0.43,0.43,0.43,0.43,5000,0.42567
2002-09-23,0.45,0.45,0.42,0.45,13500,0.445469
2002-09-20,0.45,0.45,0.45,0.45,20000,0.445469
2002-09-19,0.45,0.45,0.45,0.45,21400,0.445469
2002-09-18,0.47,0.47,0.44,0.44,31500,0.43557
2002-09-17,0.45,0.48,0.45,0.48,48500,0.475167
2002-09-16,0.48,0.48,0.48,0.48,10000,0.475167
2002-09-13,0.48,0.50,0.46,0.46,42500,0.455368
2002-09-12,0.48,0.48,0.46,0.46,7300,0.455368
2002-09-11,0.44,0.49,0.44,0.47,54500,0.465268
2002-09-10,0.44,0.47,0.44,0.47,31000,0.465268
2002-09-09,0.45,0.45,0.45,0.45,13000,0.445469
2002-09-06,0.46,0.47,0.45,0.47,16000,0.465268
2002-09-05,0.45,0.48,0.45,0.48,105000,0.475167
2002-09-04,0.43,0.45,0.42,0.43,48000,0.42567
2002-09-03,0.38,0.42,0.38,0.42,27500,0.415771
2002-08-30,0.36,0.40,0.36,0.38,26000,0.376174
2002-08-29,0.34,0.37,0.34,0.37,23500,0.366274
2002-08-28,0.34,0.34,0.34,0.34,000,0.336577
2002-08-27,0.35,0.35,0.34,0.34,10000,0.336577
2002-08-26,0.36,0.36,0.36,0.36,000,0.356375
2002-08-23,0.32,0.36,0.32,0.36,12500,0.356375
2002-08-22,0.33,0.33,0.32,0.32,24500,0.316778
2002-08-21,0.33,0.33,0.33,0.33,000,0.326677
2002-08-20,0.33,0.33,0.33,0.33,12000,0.326677
2002-08-19,0.35,0.35,0.35,0.35,000,0.346476
2002-08-16,0.35,0.35,0.35,0.35,18000,0.346476
2002-08-15,0.35,0.35,0.35,0.35,33000,0.346476
2002-08-14,0.33,0.33,0.33,0.33,5300,0.326677
2002-08-13,0.39,0.39,0.33,0.33,13000,0.326677
2002-08-12,0.39,0.39,0.36,0.39,16000,0.386073
2002-08-09,0.33,0.33,0.33,0.33,000,0.326677
2002-08-08,0.39,0.39,0.33,0.33,2000,0.326677
2002-08-07,0.33,0.33,0.33,0.33,000,0.326677
2002-08-06,0.32,0.33,0.32,0.33,10000,0.326677
2002-08-02,0.35,0.35,0.32,0.32,5000,0.316778
2002-08-01,0.33,0.33,0.32,0.32,6000,0.316778
2002-07-31,0.35,0.35,0.32,0.32,28000,0.316778
2002-07-30,0.31,0.31,0.31,0.31,30000,0.306879
2002-07-29,0.33,0.33,0.33,0.33,5000,0.326677
2002-07-26,0.33,0.33,0.29,0.29,34000,0.28708
2002-07-25,0.34,0.34,0.33,0.33,15000,0.326677
2002-07-24,0.33,0.33,0.32,0.32,8000,0.316778
2002-07-23,0.37,0.37,0.34,0.37,38100,0.366274
2002-07-22,0.41,0.41,0.37,0.37,48500,0.366274
2002-07-19,0.42,0.43,0.40,0.43,46500,0.42567
2002-07-18,0.44,0.45,0.41,0.43,185000,0.42567
2002-07-17,0.38,0.38,0.38,0.38,5000,0.376174
2002-07-16,0.40,0.40,0.40,0.40,000,0.395972
2002-07-15,0.42,0.42,0.38,0.40,32000,0.395972
2002-07-12,0.39,0.40,0.36,0.36,26000,0.356375
2002-07-11,0.36,0.36,0.36,0.36,3000,0.356375
2002-07-10,0.36,0.36,0.36,0.36,4100,0.356375
2002-07-09,0.38,0.38,0.38,0.38,4000,0.376174
2002-07-08,0.36,0.36,0.36,0.36,4500,0.356375
2002-07-05,0.36,0.40,0.36,0.40,32000,0.395972
2002-07-04,0.36,0.36,0.35,0.35,5000,0.346476
2002-07-03,0.39,0.39,0.39,0.39,000,0.386073
2002-07-02,0.37,0.39,0.37,0.39,5000,0.386073
2002-06-28,0.41,0.44,0.38,0.44,38000,0.43557
2002-06-27,0.42,0.42,0.42,0.42,5000,0.415771
2002-06-26,0.44,0.44,0.40,0.40,21200,0.395972
2002-06-25,0.42,0.44,0.39,0.44,113000,0.43557
2002-06-24,0.41,0.42,0.41,0.42,18000,0.415771
2002-06-21,0.41,0.41,0.41,0.41,40000,0.405872
2002-06-20,0.42,0.44,0.38,0.38,28700,0.376174
2002-06-19,0.41,0.43,0.40,0.43,20400,0.42567
2002-06-18,0.39,0.41,0.39,0.40,28000,0.395972
2002-06-17,0.38,0.41,0.38,0.41,65000,0.405872
2002-06-14,0.38,0.39,0.37,0.38,109500,0.376174
2002-06-13,0.38,0.38,0.38,0.38,5000,0.376174
2002-06-12,0.39,0.42,0.38,0.38,108000,0.376174
2002-06-11,0.38,0.38,0.37,0.37,25000,0.366274
2002-06-10,0.40,0.40,0.35,0.36,42600,0.356375
2002-06-07,0.46,0.50,0.40,0.42,110000,0.415771
2002-06-06,0.35,0.45,0.35,0.44,158500,0.43557
2002-06-05,0.36,0.36,0.36,0.36,16000,0.356375
2002-06-04,0.33,0.36,0.32,0.36,29000,0.356375
2002-06-03,0.35,0.35,0.33,0.35,37500,0.346476
2002-05-31,0.36,0.36,0.35,0.35,103000,0.346476
2002-05-30,0.39,0.39,0.35,0.36,96000,0.356375
2002-05-29,0.39,0.40,0.35,0.36,61000,0.356375
2002-05-28,0.36,0.38,0.33,0.38,74200,0.376174
2002-05-27,0.34,0.35,0.33,0.35,71600,0.346476
2002-05-24,0.35,0.36,0.32,0.36,93000,0.356375
2002-05-23,0.32,0.36,0.30,0.36,84700,0.356375
2002-05-22,0.33,0.34,0.32,0.34,117000,0.336577
2002-05-21,0.30,0.34,0.30,0.33,104500,0.326677
2002-05-17,0.26,0.30,0.26,0.30,35500,0.296979
2002-05-16,0.26,0.28,0.26,0.28,75000,0.277181
2002-05-15,0.25,0.27,0.25,0.27,2000,0.267281
2002-05-14,0.27,0.28,0.25,0.27,39600,0.267281
2002-05-13,0.29,0.29,0.29,0.29,15000,0.28708
2002-05-10,0.32,0.33,0.30,0.30,94600,0.296979
2002-05-09,0.28,0.31,0.28,0.30,118500,0.296979
2002-05-08,0.24,0.30,0.24,0.29,187200,0.28708
2002-05-07,0.27,0.28,0.22,0.24,186500,0.237583
2002-05-06,0.17,0.22,0.16,0.22,412600,0.217785
2002-05-03,0.16,0.17,0.16,0.17,20500,0.168288
2002-05-02,0.15,0.17,0.15,0.17,49400,0.168288
2002-05-01,0.16,0.16,0.16,0.16,50000,0.158389
2002-04-30,0.16,0.17,0.16,0.16,26400,0.158389
2002-04-29,0.16,0.16,0.16,0.16,000,0.158389
2002-04-26,0.16,0.16,0.15,0.16,15300,0.158389
2002-04-25,0.15,0.16,0.15,0.15,30600,0.14849
2002-04-24,0.15,0.15,0.15,0.15,30000,0.14849
2002-04-23,0.15,0.15,0.15,0.15,69000,0.14849
2002-04-22,0.15,0.17,0.15,0.17,27900,0.168288
2002-04-19,0.15,0.15,0.15,0.15,15000,0.14849
2002-04-18,0.13,0.15,0.13,0.15,22500,0.14849
2002-04-17,0.14,0.14,0.13,0.14,86000,0.13859
2002-04-16,0.13,0.15,0.13,0.15,77000,0.14849
2002-04-15,0.14,0.16,0.14,0.15,21100,0.14849
2002-04-12,0.16,0.16,0.16,0.16,15000,0.158389
2002-04-11,0.17,0.17,0.16,0.16,8500,0.158389
2002-04-10,0.15,0.15,0.15,0.15,2000,0.14849
2002-04-09,0.17,0.17,0.15,0.15,32500,0.14849
2002-04-08,0.15,0.15,0.15,0.15,000,0.14849
2002-04-05,0.15,0.15,0.15,0.15,12000,0.14849
2002-04-04,0.15,0.16,0.14,0.14,72000,0.13859
2002-04-03,0.15,0.15,0.14,0.15,115000,0.14849
2002-04-02,0.13,0.15,0.13,0.13,197900,0.128691
2002-04-01,0.16,0.16,0.13,0.15,83000,0.14849
2002-03-28,0.15,0.16,0.15,0.16,64300,0.158389
2002-03-27,0.14,0.15,0.14,0.14,48000,0.13859
2002-03-26,0.13,0.15,0.13,0.13,31000,0.128691
2002-03-25,0.14,0.14,0.14,0.14,7000,0.13859
2002-03-22,0.14,0.14,0.14,0.14,17000,0.13859
2002-03-21,0.14,0.14,0.14,0.14,000,0.13859
2002-03-20,0.14,0.14,0.14,0.14,000,0.13859
2002-03-19,0.14,0.14,0.14,0.14,22000,0.13859
2002-03-18,0.12,0.12,0.12,0.12,000,0.118792
2002-03-15,0.12,0.12,0.12,0.12,500,0.118792
2002-03-14,0.13,0.13,0.13,0.13,10000,0.128691
2002-03-13,0.15,0.15,0.14,0.15,38000,0.14849
2002-03-12,0.15,0.15,0.15,0.15,50000,0.14849
2002-03-11,0.15,0.15,0.14,0.14,63500,0.13859
2002-03-08,0.13,0.15,0.13,0.15,72000,0.14849
2002-03-07,0.12,0.12,0.12,0.12,000,0.118792
2002-03-06,0.12,0.12,0.12,0.12,000,0.118792
2002-03-05,0.12,0.12,0.12,0.12,000,0.118792
2002-03-04,0.12,0.12,0.12,0.12,000,0.118792
2002-03-01,0.13,0.13,0.12,0.12,8000,0.118792
2002-02-28,0.14,0.15,0.13,0.13,36000,0.128691
2002-02-27,0.14,0.14,0.14,0.14,21000,0.13859
2002-02-26,0.13,0.13,0.13,0.13,000,0.128691
2002-02-25,0.13,0.13,0.13,0.13,10000,0.128691
2002-02-22,0.13,0.13,0.13,0.13,7500,0.128691
2002-02-21,0.13,0.13,0.13,0.13,23500,0.128691
2002-02-20,0.13,0.13,0.12,0.12,122900,0.118792
2002-02-19,0.15,0.15,0.13,0.13,23000,0.128691
2002-02-18,0.15,0.15,0.15,0.15,000,0.14849
2002-02-15,0.15,0.15,0.13,0.15,52500,0.14849
2002-02-14,0.12,0.15,0.12,0.15,30500,0.14849
2002-02-13,0.14,0.14,0.14,0.14,26400,0.13859
2002-02-12,0.14,0.15,0.13,0.14,81200,0.13859
2002-02-11,0.15,0.15,0.15,0.15,54000,0.14849
2002-02-08,0.13,0.17,0.12,0.16,107000,0.158389
2002-02-07,0.11,0.13,0.11,0.13,105000,0.128691
2002-02-06,0.10,0.11,0.10,0.11,332000,0.108892
2002-02-05,0.08,0.08,0.08,0.08,5000,0.079194
2002-02-04,0.09,0.09,0.09,0.09,70000,0.089094
2002-02-01,0.08,0.08,0.08,0.08,000,0.079194
2002-01-31,0.09,0.09,0.08,0.08,62000,0.079194
2002-01-30,0.09,0.09,0.09,0.09,10000,0.089094
2002-01-29,0.09,0.09,0.09,0.09,10000,0.089094
2002-01-28,0.09,0.09,0.09,0.09,000,0.089094
2002-01-25,0.09,0.09,0.09,0.09,50000,0.089094
2002-01-24,0.09,0.09,0.09,0.09,5400,0.089094
2002-01-23,0.08,0.08,0.08,0.08,000,0.079194
2002-01-22,0.08,0.08,0.08,0.08,2000,0.079194
2002-01-21,0.10,0.11,0.10,0.11,47000,0.108892
2002-01-18,0.10,0.10,0.10,0.10,000,0.098993
2002-01-17,0.10,0.10,0.10,0.10,23000,0.098993
2002-01-16,0.08,0.08,0.08,0.08,5000,0.079194
2002-01-15,0.09,0.09,0.09,0.09,2000,0.089094
2002-01-14,0.10,0.10,0.10,0.10,3000,0.098993
2002-01-11,0.10,0.10,0.10,0.10,1600,0.098993
2002-01-10,0.11,0.11,0.11,0.11,75000,0.108892
2002-01-09,0.12,0.12,0.12,0.12,10000,0.118792
2002-01-08,0.10,0.10,0.10,0.10,000,0.098993
2002-01-07,0.10,0.10,0.10,0.10,000,0.098993
2002-01-04,0.10,0.10,0.10,0.10,16500,0.098993
2002-01-03,0.10,0.10,0.10,0.10,20000,0.098993
2002-01-02,0.10,0.10,0.10,0.10,40000,0.098993
2001-12-31,0.07,0.12,0.07,0.12,86300,0.118792
2001-12-28,0.07,0.07,0.07,0.07,3000,0.069295
2001-12-27,0.06,0.10,0.06,0.10,72100,0.098993
2001-12-24,0.06,0.07,0.05,0.07,90600,0.069295
2001-12-21,0.07,0.07,0.07,0.07,000,0.069295
2001-12-20,0.07,0.07,0.07,0.07,000,0.069295
2001-12-19,0.07,0.07,0.07,0.07,000,0.069295
2001-12-18,0.07,0.07,0.07,0.07,000,0.069295
2001-12-17,0.07,0.07,0.07,0.07,7000,0.069295
2001-12-14,0.07,0.07,0.07,0.07,4000,0.069295
2001-12-13,0.07,0.07,0.07,0.07,000,0.069295
2001-12-12,0.07,0.07,0.07,0.07,12000,0.069295
2001-12-11,0.07,0.07,0.07,0.07,12500,0.069295
2001-12-10,0.07,0.07,0.07,0.07,1000,0.069295
2001-12-07,0.07,0.07,0.07,0.07,1500,0.069295
2001-12-06,0.07,0.07,0.07,0.07,40000,0.069295
2001-12-05,0.08,0.08,0.05,0.08,2603000,0.079194
2001-12-04,0.08,0.08,0.07,0.07,54700,0.069295
2001-12-03,0.07,0.07,0.07,0.07,15000,0.069295
2001-11-30,0.07,0.07,0.07,0.07,3000,0.069295
2001-11-29,0.08,0.08,0.08,0.08,33000,0.079194
2001-11-28,0.08,0.08,0.08,0.08,1000,0.079194
2001-11-27,0.08,0.08,0.08,0.08,1000,0.079194
2001-11-26,0.06,0.07,0.06,0.07,8000,0.069295
2001-11-23,0.06,0.06,0.06,0.06,000,0.059396
2001-11-22,0.06,0.06,0.06,0.06,000,0.059396
2001-11-21,0.07,0.07,0.06,0.06,20000,0.059396
2001-11-20,0.08,0.10,0.08,0.10,20000,0.098993
2001-11-19,0.07,0.08,0.06,0.06,52000,0.059396
2001-11-16,0.07,0.07,0.07,0.07,2500,0.069295
2001-11-15,0.08,0.08,0.08,0.08,000,0.079194
2001-11-14,0.08,0.08,0.08,0.08,21000,0.079194
2001-11-13,0.07,0.07,0.07,0.07,000,0.069295
2001-11-12,0.07,0.07,0.07,0.07,000,0.069295
2001-11-09,0.07,0.07,0.07,0.07,11000,0.069295
2001-11-08,0.07,0.07,0.07,0.07,000,0.069295
2001-11-07,0.07,0.07,0.07,0.07,7000,0.069295
2001-11-06,0.10,0.10,0.10,0.10,10000,0.098993
2001-11-05,0.10,0.10,0.10,0.10,000,0.098993
2001-11-02,0.10,0.10,0.10,0.10,000,0.098993
2001-11-01,0.10,0.10,0.10,0.10,000,0.098993
2001-10-31,0.10,0.10,0.10,0.10,000,0.098993
2001-10-30,0.09,0.10,0.09,0.10,20500,0.098993
2001-10-29,0.08,0.08,0.08,0.08,1000,0.079194
2001-10-26,0.08,0.08,0.08,0.08,1000,0.079194
2001-10-25,0.08,0.08,0.08,0.08,4700,0.079194
2001-10-24,0.09,0.09,0.09,0.09,000,0.089094
2001-10-23,0.09,0.09,0.09,0.09,000,0.089094
2001-10-22,0.07,0.09,0.07,0.09,6000,0.089094
2001-10-19,0.09,0.09,0.09,0.09,2500,0.089094
2001-10-18,0.10,0.10,0.10,0.10,000,0.098993
2001-10-17,0.10,0.10,0.10,0.10,000,0.098993
2001-10-16,0.10,0.10,0.10,0.10,000,0.098993
2001-10-15,0.10,0.10,0.10,0.10,000,0.098993
2001-10-12,0.09,0.10,0.09,0.10,41500,0.098993
2001-10-11,0.07,0.10,0.06,0.10,10500,0.098993
2001-10-10,0.09,0.09,0.09,0.09,3000,0.089094
2001-10-09,0.07,0.07,0.07,0.07,000,0.069295
2001-10-05,0.08,0.08,0.07,0.07,6000,0.069295
2001-10-04,0.11,0.11,0.11,0.11,000,0.108892
2001-10-03,0.11,0.11,0.11,0.11,000,0.108892
2001-10-02,0.11,0.11,0.11,0.11,000,0.108892
2001-10-01,0.11,0.11,0.11,0.11,8500,0.108892
2001-09-28,0.09,0.10,0.09,0.10,55000,0.098993
2001-09-27,0.07,0.07,0.07,0.07,000,0.069295
2001-09-26,0.09,0.09,0.07,0.07,4800,0.069295
2001-09-25,0.09,0.09,0.09,0.09,5000,0.089094
2001-09-24,0.07,0.07,0.07,0.07,9000,0.069295
2001-09-21,0.09,0.10,0.09,0.10,10000,0.098993
2001-09-20,0.09,0.09,0.09,0.09,000,0.089094
2001-09-19,0.09,0.09,0.09,0.09,7000,0.089094
2001-09-18,0.09,0.09,0.09,0.09,27000,0.089094
2001-09-17,0.09,0.09,0.09,0.09,22000,0.089094
2001-09-14,0.09,0.09,0.09,0.09,30000,0.089094
2001-09-13,0.08,0.09,0.08,0.09,44000,0.089094
2001-09-10,0.09,0.10,0.07,0.07,15000,0.069295
2001-09-07,0.07,0.09,0.07,0.09,23000,0.089094
2001-09-06,0.09,0.09,0.08,0.08,25000,0.079194
2001-09-05,0.08,0.08,0.08,0.08,000,0.079194
2001-09-04,0.08,0.08,0.08,0.08,23500,0.079194
2001-08-31,0.08,0.08,0.08,0.08,000,0.079194
2001-08-30,0.09,0.09,0.08,0.08,25000,0.079194
2001-08-29,0.08,0.09,0.08,0.09,21500,0.089094
2001-08-28,0.08,0.08,0.08,0.08,50000,0.079194
2001-08-27,0.08,0.08,0.08,0.08,22500,0.079194
2001-08-24,0.08,0.08,0.08,0.08,1000,0.079194
2001-08-23,0.09,0.09,0.09,0.09,10000,0.089094
2001-08-22,0.09,0.09,0.09,0.09,103000,0.089094
2001-08-21,0.10,0.10,0.09,0.10,67000,0.098993
2001-08-20,0.10,0.10,0.10,0.10,000,0.098993
2001-08-17,0.10,0.10,0.10,0.10,14000,0.098993
2001-08-16,0.11,0.11,0.11,0.11,8000,0.108892
2001-08-15,0.11,0.11,0.11,0.11,10000,0.108892
2001-08-14,0.13,0.13,0.13,0.13,000,0.128691
2001-08-13,0.13,0.13,0.13,0.13,10000,0.128691
2001-08-10,0.13,0.13,0.13,0.13,000,0.128691
2001-08-09,0.13,0.13,0.13,0.13,000,0.128691
2001-08-08,0.13,0.13,0.13,0.13,5000,0.128691
2001-08-07,0.10,0.10,0.10,0.10,000,0.098993
2001-08-03,0.10,0.10,0.10,0.10,000,0.098993
2001-08-02,0.11,0.11,0.10,0.10,10000,0.098993
2001-08-01,0.11,0.11,0.10,0.10,15000,0.098993
2001-07-31,0.10,0.10,0.10,0.10,000,0.098993
2001-07-30,0.10,0.10,0.10,0.10,000,0.098993
2001-07-27,0.10,0.10,0.10,0.10,4500,0.098993
2001-07-26,0.11,0.11,0.11,0.11,000,0.108892
2001-07-25,0.11,0.11,0.11,0.11,6000,0.108892
2001-07-24,0.10,0.10,0.10,0.10,000,0.098993
2001-07-23,0.10,0.10,0.10,0.10,000,0.098993
2001-07-20,0.10,0.10,0.10,0.10,500,0.098993
2001-07-19,0.13,0.13,0.13,0.13,000,0.128691
2001-07-18,0.12,0.13,0.12,0.13,7000,0.128691
2001-07-17,0.10,0.10,0.10,0.10,000,0.098993
2001-07-16,0.10,0.10,0.10,0.10,000,0.098993
2001-07-13,0.10,0.10,0.10,0.10,20000,0.098993
2001-07-12,0.10,0.10,0.10,0.10,000,0.098993
2001-07-11,0.10,0.10,0.10,0.10,3000,0.098993
2001-07-10,0.11,0.11,0.11,0.11,000,0.108892
2001-07-09,0.11,0.11,0.11,0.11,48000,0.108892
2001-07-06,0.10,0.10,0.10,0.10,000,0.098993
2001-07-05,0.10,0.10,0.10,0.10,000,0.098993
2001-07-04,0.11,0.11,0.10,0.10,99000,0.098993
2001-07-03,0.13,0.13,0.13,0.13,000,0.128691
2001-06-29,0.13,0.13,0.13,0.13,1000,0.128691
2001-06-28,0.13,0.13,0.13,0.13,000,0.128691
2001-06-27,0.13,0.13,0.13,0.13,000,0.128691
2001-06-26,0.13,0.13,0.13,0.13,000,0.128691
2001-06-25,0.13,0.13,0.13,0.13,000,0.128691
2001-06-22,0.12,0.13,0.12,0.13,41500,0.128691
2001-06-21,0.11,0.11,0.11,0.11,1700,0.108892
2001-06-20,0.11,0.11,0.11,0.11,000,0.108892
2001-06-19,0.13,0.13,0.11,0.11,53400,0.108892
2001-06-18,0.11,0.11,0.11,0.11,000,0.108892
2001-06-15,0.13,0.13,0.11,0.11,22000,0.108892
2001-06-14,0.10,0.10,0.10,0.10,000,0.098993
2001-06-13,0.11,0.11,0.10,0.10,48000,0.098993
2001-06-12,0.12,0.13,0.11,0.11,48500,0.108892
2001-06-11,0.11,0.13,0.11,0.13,20000,0.128691
2001-06-08,0.12,0.13,0.12,0.13,97700,0.128691
2001-06-07,0.12,0.12,0.11,0.11,23500,0.108892
2001-06-06,0.12,0.12,0.12,0.12,000,0.118792
2001-06-05,0.12,0.12,0.12,0.12,17500,0.118792
2001-06-04,0.11,0.11,0.11,0.11,000,0.108892
2001-06-01,0.11,0.11,0.11,0.11,1000,0.108892
2001-05-31,0.11,0.12,0.11,0.12,12000,0.118792
2001-05-30,0.11,0.12,0.11,0.12,24100,0.118792
2001-05-29,0.12,0.12,0.12,0.12,6000,0.118792
2001-05-28,0.11,0.11,0.11,0.11,6000,0.108892
2001-05-25,0.13,0.13,0.13,0.13,12500,0.128691
2001-05-24,0.13,0.13,0.13,0.13,17500,0.128691
2001-05-23,0.11,0.11,0.11,0.11,000,0.108892
2001-05-22,0.11,0.11,0.11,0.11,2000,0.108892
2001-05-18,0.13,0.13,0.13,0.13,85600,0.128691
2001-05-17,0.13,0.13,0.13,0.13,2500,0.128691
2001-05-16,0.13,0.13,0.13,0.13,000,0.128691
2001-05-15,0.10,0.13,0.10,0.13,22000,0.128691
2001-05-14,0.13,0.13,0.12,0.12,44000,0.118792
2001-05-11,0.13,0.13,0.12,0.12,13000,0.118792
2001-05-10,0.13,0.13,0.13,0.13,000,0.128691
2001-05-09,0.13,0.13,0.13,0.13,5000,0.128691
2001-05-08,0.13,0.13,0.11,0.11,45500,0.108892
2001-05-07,0.19,0.19,0.14,0.14,16000,0.13859
2001-05-04,0.11,0.15,0.11,0.15,141000,0.14849
2001-05-03,0.10,0.10,0.10,0.10,1000,0.098993
2001-05-02,0.11,0.11,0.09,0.09,15400,0.089094
2001-05-01,0.11,0.11,0.11,0.11,15000,0.108892
2001-04-30,0.10,0.10,0.10,0.10,1000,0.098993
2001-04-27,0.11,0.12,0.11,0.12,11500,0.118792
2001-04-26,0.12,0.12,0.12,0.12,000,0.118792
2001-04-25,0.12,0.12,0.12,0.12,000,0.118792
2001-04-24,0.12,0.12,0.12,0.12,1000,0.118792
2001-04-23,0.12,0.12,0.12,0.12,1000,0.118792
2001-04-20,0.10,0.10,0.10,0.10,1000,0.098993
2001-04-19,0.09,0.09,0.09,0.09,6600,0.089094
2001-04-18,0.09,0.09,0.09,0.09,10000,0.089094
2001-04-17,0.09,0.09,0.09,0.09,000,0.089094
2001-04-16,0.09,0.09,0.09,0.09,000,0.089094
2001-04-12,0.09,0.09,0.09,0.09,000,0.089094
2001-04-11,0.11,0.11,0.09,0.09,14500,0.089094
2001-04-10,0.12,0.12,0.12,0.12,2000,0.118792
2001-04-09,0.10,0.10,0.10,0.10,7000,0.098993
2001-04-06,0.09,0.09,0.09,0.09,1300,0.089094
2001-04-05,0.10,0.10,0.09,0.09,49500,0.089094
2001-04-04,0.09,0.10,0.09,0.10,50000,0.098993
2001-04-03,0.11,0.11,0.11,0.11,1500,0.108892
2001-04-02,0.09,0.09,0.09,0.09,000,0.089094
2001-03-30,0.10,0.11,0.09,0.09,46200,0.089094
2001-03-29,0.10,0.10,0.10,0.10,3000,0.098993
2001-03-28,0.10,0.12,0.10,0.12,36500,0.118792
2001-03-27,0.11,0.11,0.11,0.11,10000,0.108892
2001-03-26,0.10,0.10,0.10,0.10,25500,0.098993
2001-03-23,0.10,0.10,0.10,0.10,4000,0.098993
2001-03-22,0.11,0.11,0.11,0.11,000,0.108892
2001-03-21,0.11,0.11,0.09,0.11,99000,0.108892
2001-03-20,0.11,0.11,0.11,0.11,000,0.108892
2001-03-19,0.12,0.12,0.11,0.11,11500,0.108892
2001-03-16,0.12,0.12,0.12,0.12,000,0.118792
2001-03-15,0.12,0.12,0.12,0.12,000,0.118792
2001-03-14,0.12,0.12,0.12,0.12,000,0.118792
2001-03-13,0.12,0.12,0.12,0.12,000,0.118792
2001-03-12,0.12,0.12,0.12,0.12,36000,0.118792
2001-03-09,0.12,0.12,0.12,0.12,16000,0.118792
2001-03-08,0.11,0.11,0.11,0.11,000,0.108892
2001-03-07,0.11,0.11,0.11,0.11,10500,0.108892
2001-03-06,0.10,0.10,0.10,0.10,000,0.098993
2001-03-05,0.10,0.10,0.10,0.10,000,0.098993
2001-03-02,0.10,0.10,0.10,0.10,19800,0.098993
2001-03-01,0.10,0.10,0.09,0.09,26000,0.089094
2001-02-28,0.13,0.13,0.10,0.11,136000,0.108892
2001-02-27,0.12,0.12,0.11,0.11,93000,0.108892
2001-02-26,0.13,0.13,0.13,0.13,000,0.128691
2001-02-23,0.13,0.13,0.13,0.13,25500,0.128691
2001-02-22,0.15,0.15,0.15,0.15,000,0.14849
2001-02-21,0.14,0.15,0.14,0.15,8500,0.14849
2001-02-20,0.11,0.12,0.11,0.12,14500,0.118792
2001-02-19,0.10,0.10,0.10,0.10,1400,0.098993
2001-02-16,0.11,0.12,0.11,0.11,21600,0.108892
2001-02-15,0.11,0.11,0.11,0.11,3000,0.108892
2001-02-14,0.09,0.09,0.09,0.09,000,0.089094
2001-02-13,0.09,0.09,0.09,0.09,1000,0.089094
2001-02-12,0.11,0.11,0.11,0.11,000,0.108892
2001-02-09,0.09,0.11,0.09,0.11,85500,0.108892
2001-02-08,0.09,0.09,0.09,0.09,6800,0.089094
2001-02-07,0.09,0.09,0.09,0.09,4800,0.089094
2001-02-06,0.10,0.10,0.10,0.10,25000,0.098993
2001-02-05,0.11,0.11,0.11,0.11,000,0.108892
2001-02-02,0.11,0.11,0.11,0.11,000,0.108892
2001-02-01,0.11,0.11,0.11,0.11,15000,0.108892
2001-01-31,0.09,0.09,0.09,0.09,000,0.089094
2001-01-30,0.12,0.12,0.09,0.09,11000,0.089094
2001-01-29,0.12,0.12,0.12,0.12,7000,0.118792
2001-01-26,0.12,0.12,0.12,0.12,000,0.118792
2001-01-25,0.11,0.12,0.11,0.12,19000,0.118792
2001-01-24,0.12,0.12,0.12,0.12,5000,0.118792
2001-01-23,0.11,0.11,0.11,0.11,5000,0.108892
2001-01-22,0.10,0.10,0.10,0.10,000,0.098993
2001-01-19,0.10,0.10,0.10,0.10,11000,0.098993
2001-01-18,0.10,0.10,0.10,0.10,000,0.098993
2001-01-17,0.11,0.11,0.10,0.10,15500,0.098993
2001-01-16,0.11,0.11,0.10,0.10,24900,0.098993
2001-01-15,0.11,0.11,0.11,0.11,000,0.108892
2001-01-12,0.11,0.11,0.10,0.11,24000,0.108892
2001-01-11,0.11,0.11,0.10,0.10,10000,0.098993
2001-01-10,0.11,0.11,0.11,0.11,1000,0.108892
2001-01-09,0.11,0.11,0.11,0.11,000,0.108892
2001-01-08,0.11,0.11,0.11,0.11,1300,0.108892
2001-01-05,0.12,0.12,0.11,0.11,22200,0.108892
2001-01-04,0.11,0.11,0.11,0.11,000,0.108892
2001-01-03,0.11,0.11,0.11,0.11,000,0.108892
2001-01-02,0.11,0.11,0.11,0.11,000,0.108892
2000-12-29,0.12,0.12,0.11,0.11,10200,0.108892
2000-12-28,0.12,0.12,0.11,0.11,33000,0.108892
2000-12-27,0.11,0.11,0.11,0.11,5500,0.108892
2000-12-22,0.11,0.14,0.11,0.13,30000,0.128691
2000-12-21,0.12,0.12,0.11,0.11,121200,0.108892
2000-12-20,0.12,0.13,0.12,0.13,36100,0.128691
2000-12-19,0.12,0.12,0.11,0.12,55400,0.118792
2000-12-18,0.11,0.13,0.11,0.13,44600,0.128691
2000-12-15,0.11,0.12,0.11,0.11,19500,0.108892
2000-12-14,0.11,0.11,0.11,0.11,2000,0.108892
2000-12-13,0.12,0.13,0.11,0.13,49500,0.128691
2000-12-12,0.12,0.12,0.12,0.12,4000,0.118792
2000-12-11,0.10,0.11,0.10,0.11,16700,0.108892
2000-12-08,0.10,0.10,0.09,0.09,19000,0.089094
2000-12-07,0.12,0.12,0.12,0.12,000,0.118792
2000-12-06,0.11,0.12,0.10,0.12,45500,0.118792
2000-12-05,0.12,0.12,0.10,0.10,12500,0.098993
2000-12-04,0.10,0.10,0.10,0.10,1000,0.098993
2000-12-01,0.10,0.11,0.10,0.11,62200,0.108892
2000-11-30,0.11,0.11,0.10,0.10,5000,0.098993
2000-11-29,0.11,0.11,0.11,0.11,000,0.108892
2000-11-28,0.12,0.12,0.11,0.11,15500,0.108892
2000-11-27,0.11,0.12,0.11,0.12,2200,0.118792
2000-11-24,0.11,0.11,0.11,0.11,000,0.108892
2000-11-23,0.11,0.11,0.11,0.11,000,0.108892
2000-11-22,0.11,0.11,0.11,0.11,9500,0.108892
2000-11-21,0.11,0.11,0.11,0.11,8000,0.108892
2000-11-20,0.11,0.11,0.11,0.11,000,0.108892
2000-11-17,0.11,0.11,0.11,0.11,19600,0.108892
2000-11-16,0.11,0.11,0.11,0.11,3500,0.108892
2000-11-15,0.11,0.11,0.11,0.11,3000,0.108892
2000-11-14,0.11,0.11,0.11,0.11,2900,0.108892
2000-11-13,0.11,0.11,0.11,0.11,000,0.108892
2000-11-10,0.11,0.11,0.11,0.11,700,0.108892
2000-11-09,0.12,0.12,0.12,0.12,20000,0.118792
2000-11-08,0.11,0.11,0.11,0.11,9000,0.108892
2000-11-07,0.12,0.12,0.11,0.11,20200,0.108892
2000-11-06,0.12,0.12,0.12,0.12,000,0.118792
2000-11-03,0.12,0.12,0.12,0.12,5000,0.118792
2000-11-02,0.12,0.12,0.12,0.12,1000,0.118792
2000-11-01,0.15,0.15,0.12,0.12,13700,0.118792
2000-10-31,0.13,0.13,0.13,0.13,000,0.128691
2000-10-30,0.13,0.13,0.12,0.13,112500,0.128691
2000-10-27,0.13,0.13,0.12,0.13,26500,0.128691
2000-10-26,0.13,0.13,0.13,0.13,000,0.128691
2000-10-25,0.13,0.13,0.13,0.13,1500,0.128691
2000-10-24,0.13,0.13,0.13,0.13,1600,0.128691
2000-10-23,0.15,0.15,0.15,0.15,000,0.14849
2000-10-20,0.12,0.15,0.12,0.15,5500,0.14849
2000-10-19,0.12,0.15,0.12,0.15,4000,0.14849
2000-10-18,0.12,0.12,0.12,0.12,600,0.118792
2000-10-17,0.12,0.15,0.12,0.15,16000,0.14849
2000-10-16,0.13,0.15,0.13,0.13,12000,0.128691
2000-10-13,0.10,0.12,0.10,0.12,74000,0.118792
2000-10-12,0.11,0.13,0.11,0.12,93000,0.118792
2000-10-11,0.12,0.13,0.11,0.13,16500,0.128691
2000-10-10,0.13,0.13,0.13,0.13,10000,0.128691
2000-10-06,0.13,0.15,0.12,0.15,190000,0.14849
2000-10-05,0.13,0.13,0.13,0.13,30000,0.128691
2000-10-04,0.13,0.14,0.12,0.13,78000,0.128691
2000-10-03,0.14,0.14,0.13,0.13,25000,0.128691
2000-10-02,0.17,0.17,0.15,0.15,15000,0.14849
2000-09-29,0.15,0.15,0.15,0.15,5000,0.14849
2000-09-28,0.15,0.15,0.15,0.15,000,0.14849
2000-09-27,0.16,0.16,0.15,0.15,13000,0.14849
2000-09-26,0.16,0.16,0.16,0.16,19500,0.158389
2000-09-25,0.15,0.15,0.13,0.13,22500,0.128691
2000-09-22,0.15,0.15,0.15,0.15,4100,0.14849
2000-09-21,0.16,0.16,0.16,0.16,4500,0.158389
2000-09-20,0.16,0.16,0.15,0.16,81500,0.158389
2000-09-19,0.16,0.16,0.15,0.15,11000,0.14849
2000-09-18,0.16,0.16,0.15,0.15,20900,0.14849
2000-09-15,0.16,0.16,0.16,0.16,16300,0.158389
2000-09-14,0.16,0.16,0.16,0.16,33300,0.158389
2000-09-13,0.18,0.19,0.18,0.18,26000,0.178188
2000-09-12,0.18,0.20,0.18,0.18,21500,0.178188
2000-09-11,0.20,0.20,0.16,0.18,65000,0.178188
2000-09-08,0.19,0.20,0.19,0.20,8000,0.197986
2000-09-07,0.19,0.19,0.19,0.19,4000,0.188087
2000-09-06,0.19,0.19,0.19,0.19,000,0.188087
2000-09-05,0.19,0.19,0.19,0.19,000,0.188087
2000-09-01,0.18,0.19,0.18,0.19,25000,0.188087
2000-08-31,0.17,0.17,0.16,0.16,23500,0.158389
2000-08-30,0.17,0.17,0.16,0.17,53000,0.168288
2000-08-29,0.18,0.18,0.18,0.18,9500,0.178188
2000-08-28,0.18,0.19,0.17,0.19,32500,0.188087
2000-08-25,0.18,0.18,0.17,0.17,29200,0.168288
2000-08-24,0.17,0.17,0.17,0.17,39000,0.168288
2000-08-23,0.18,0.18,0.18,0.18,31500,0.178188
2000-08-22,0.18,0.18,0.17,0.17,4000,0.168288
2000-08-21,0.16,0.16,0.16,0.16,12000,0.158389
2000-08-18,0.15,0.15,0.15,0.15,300500,0.14849
2000-08-17,0.15,0.15,0.15,0.15,55000,0.14849
2000-08-16,0.15,0.15,0.15,0.15,15000,0.14849
2000-08-15,0.15,0.15,0.14,0.14,11000,0.13859
2000-08-14,0.15,0.15,0.15,0.15,50200,0.14849
2000-08-11,0.15,0.15,0.15,0.15,15000,0.14849
2000-08-10,0.14,0.14,0.14,0.14,3000,0.13859
2000-08-09,0.14,0.15,0.14,0.15,20000,0.14849
2000-08-08,0.15,0.15,0.14,0.14,38000,0.13859
2000-08-04,0.15,0.15,0.15,0.15,49500,0.14849
2000-08-03,0.14,0.15,0.14,0.15,6000,0.14849
2000-08-02,0.15,0.15,0.15,0.15,20000,0.14849
2000-08-01,0.15,0.15,0.15,0.15,100000,0.14849
2000-07-31,0.15,0.15,0.14,0.14,155500,0.13859
2000-07-28,0.14,0.15,0.14,0.15,51000,0.14849
2000-07-27,0.14,0.15,0.14,0.15,58000,0.14849
2000-07-26,0.14,0.15,0.14,0.14,42000,0.13859
2000-07-25,0.15,0.15,0.14,0.14,113400,0.13859
2000-07-24,0.15,0.15,0.15,0.15,26000,0.14849
2000-07-21,0.15,0.15,0.14,0.14,25500,0.13859
2000-07-20,0.15,0.15,0.15,0.15,40000,0.14849
2000-07-19,0.15,0.15,0.14,0.15,25000,0.14849
2000-07-18,0.15,0.15,0.15,0.15,000,0.14849
2000-07-17,0.15,0.15,0.15,0.15,11500,0.14849
2000-07-14,0.15,0.15,0.14,0.14,7000,0.13859
2000-07-13,0.16,0.16,0.15,0.16,29000,0.158389
2000-07-12,0.16,0.16,0.16,0.16,000,0.158389
2000-07-11,0.16,0.17,0.15,0.16,73700,0.158389
2000-07-10,0.15,0.15,0.15,0.15,9000,0.14849
2000-07-07,0.15,0.15,0.15,0.15,3000,0.14849
2000-07-06,0.17,0.17,0.16,0.16,38000,0.158389
2000-07-05,0.17,0.18,0.17,0.17,21000,0.168288
2000-07-04,0.17,0.17,0.17,0.17,21000,0.168288
2000-06-30,0.15,0.16,0.15,0.16,12900,0.158389
2000-06-29,0.16,0.16,0.16,0.16,10000,0.158389
2000-06-28,0.15,0.15,0.15,0.15,20300,0.14849
2000-06-27,0.16,0.16,0.15,0.15,5000,0.14849
2000-06-26,0.18,0.18,0.18,0.18,000,0.178188
2000-06-23,0.16,0.18,0.16,0.18,18500,0.178188
2000-06-22,0.16,0.17,0.15,0.16,30500,0.158389
2000-06-21,0.17,0.18,0.17,0.18,7000,0.178188
2000-06-20,0.17,0.17,0.15,0.17,10000,0.168288
2000-06-19,0.16,0.17,0.15,0.15,38500,0.14849
2000-06-16,0.17,0.17,0.16,0.17,428700,0.168288
2000-06-15,0.19,0.20,0.17,0.20,15100,0.197986
2000-06-14,0.20,0.20,0.20,0.20,1200,0.197986
2000-06-13,0.19,0.19,0.19,0.19,4000,0.188087
2000-06-12,0.19,0.19,0.19,0.19,22000,0.188087
2000-06-09,0.19,0.19,0.18,0.18,48000,0.178188
2000-06-08,0.17,0.19,0.17,0.18,18500,0.178188
2000-06-07,0.15,0.16,0.15,0.16,41600,0.158389
2000-06-06,0.17,0.18,0.15,0.16,63500,0.158389
2000-06-05,0.18,0.18,0.16,0.17,78000,0.168288
2000-06-02,0.16,0.17,0.14,0.17,133000,0.168288
2000-06-01,0.18,0.18,0.15,0.15,240000,0.14849
2000-05-31,0.18,0.18,0.16,0.16,34000,0.158389
2000-05-30,0.20,0.20,0.17,0.18,35500,0.178188
2000-05-29,0.20,0.21,0.20,0.21,6000,0.207886
2000-05-26,0.21,0.21,0.20,0.20,36000,0.197986
2000-05-25,0.19,0.21,0.19,0.20,72000,0.197986
2000-05-24,0.19,0.19,0.19,0.19,19500,0.188087
2000-05-23,0.20,0.21,0.18,0.18,31500,0.178188
2000-05-19,0.18,0.20,0.18,0.20,6000,0.197986
2000-05-18,0.18,0.18,0.18,0.18,13000,0.178188
2000-05-17,0.19,0.19,0.19,0.19,10000,0.188087
2000-05-16,0.20,0.21,0.18,0.21,50700,0.207886
2000-05-15,0.17,0.23,0.17,0.23,57200,0.227684
2000-05-12,0.20,0.20,0.20,0.20,1000,0.197986
2000-05-11,0.23,0.23,0.22,0.23,14000,0.227684
2000-05-10,0.22,0.24,0.22,0.24,5500,0.237583
2000-05-09,0.21,0.23,0.21,0.23,30400,0.227684
2000-05-08,0.22,0.22,0.20,0.20,28900,0.197986
2000-05-05,0.22,0.22,0.22,0.22,9700,0.217785
2000-05-04,0.23,0.24,0.21,0.22,42500,0.217785
2000-05-03,0.22,0.24,0.22,0.24,5700,0.237583
2000-05-02,0.23,0.25,0.23,0.25,48000,0.247483
2000-05-01,0.22,0.22,0.22,0.22,3500,0.217785
2000-04-28,0.22,0.25,0.22,0.23,43500,0.227684
2000-04-27,0.22,0.22,0.22,0.22,5000,0.217785
2000-04-26,0.22,0.22,0.21,0.21,13000,0.207886
2000-04-25,0.24,0.24,0.21,0.22,16900,0.217785
2000-04-24,0.23,0.23,0.23,0.23,25500,0.227684
2000-04-20,0.20,0.23,0.19,0.22,101500,0.217785
2000-04-19,0.18,0.20,0.18,0.20,10000,0.197986
2000-04-18,0.20,0.22,0.18,0.18,57000,0.178188
2000-04-17,0.22,0.22,0.19,0.22,55400,0.217785
2000-04-14,0.22,0.22,0.21,0.21,36000,0.207886
2000-04-13,0.21,0.22,0.20,0.22,97700,0.217785
2000-04-12,0.23,0.23,0.21,0.21,63000,0.207886
2000-04-11,0.23,0.23,0.21,0.22,69200,0.217785
2000-04-10,0.23,0.24,0.21,0.21,28500,0.207886
2000-04-07,0.23,0.23,0.21,0.21,25000,0.207886
2000-04-06,0.23,0.23,0.21,0.21,53000,0.207886
2000-04-05,0.21,0.23,0.20,0.23,87000,0.227684
2000-04-04,0.20,0.21,0.19,0.21,130000,0.207886
2000-04-03,0.21,0.23,0.18,0.19,124000,0.188087
2000-03-31,0.22,0.24,0.20,0.23,67500,0.227684
2000-03-30,0.24,0.24,0.23,0.23,43000,0.227684
2000-03-29,0.23,0.26,0.23,0.24,26300,0.237583
2000-03-28,0.22,0.25,0.22,0.24,61500,0.237583
2000-03-27,0.25,0.25,0.22,0.24,104000,0.237583
2000-03-24,0.27,0.27,0.25,0.27,70500,0.267281
2000-03-23,0.25,0.27,0.24,0.25,81500,0.247483
2000-03-22,0.25,0.25,0.23,0.24,119400,0.237583
2000-03-21,0.28,0.28,0.25,0.27,182000,0.267281
2000-03-20,0.30,0.31,0.30,0.30,22000,0.296979
2000-03-17,0.30,0.30,0.30,0.30,39500,0.296979
2000-03-16,0.27,0.31,0.27,0.31,33500,0.306879
2000-03-15,0.31,0.31,0.26,0.30,180500,0.296979
2000-03-14,0.31,0.31,0.28,0.30,55800,0.296979
2000-03-13,0.32,0.32,0.30,0.32,68900,0.316778
2000-03-10,0.34,0.34,0.30,0.33,143800,0.326677
2000-03-09,0.33,0.36,0.31,0.34,256000,0.336577
2000-03-08,0.32,0.34,0.30,0.30,119400,0.296979
2000-03-07,0.33,0.36,0.28,0.32,215000,0.316778
2000-03-06,0.30,0.32,0.28,0.32,293700,0.316778
2000-03-03,0.30,0.33,0.29,0.31,337700,0.306879
2000-03-02,0.35,0.35,0.31,0.33,55900,0.326677
2000-03-01,0.35,0.37,0.31,0.35,241500,0.346476
2000-02-29,0.37,0.38,0.33,0.34,231500,0.336577
2000-02-28,0.38,0.40,0.32,0.34,537800,0.336577
2000-02-25,0.31,0.35,0.30,0.33,157500,0.326677
2000-02-24,0.31,0.31,0.27,0.30,222700,0.296979
2000-02-23,0.36,0.44,0.25,0.32,948600,0.316778
2000-02-22,0.65,0.65,0.50,0.50,119400,0.494965
2000-02-21,0.62,0.70,0.60,0.65,58500,0.643455
2000-02-18,0.68,0.70,0.60,0.60,143600,0.593959
2000-02-17,0.75,0.77,0.61,0.65,93000,0.643455
2000-02-16,0.80,0.80,0.70,0.75,82000,0.742448
2000-02-15,0.70,0.80,0.70,0.80,153200,0.791945
2000-02-14,0.85,0.85,0.65,0.70,144500,0.692952
2000-02-11,0.67,0.85,0.65,0.80,205100,0.791945
2000-02-10,0.65,0.70,0.62,0.65,87900,0.643455
2000-02-09,0.70,0.75,0.62,0.65,90400,0.643455
2000-02-08,0.75,0.80,0.70,0.70,40100,0.692952
2000-02-07,0.73,1.00,0.73,0.80,124500,0.791945
2000-02-04,0.75,0.77,0.70,0.75,20200,0.742448
2000-02-03,0.75,0.75,0.65,0.73,83900,0.72265
2000-02-02,1.00,1.00,0.75,0.75,70500,0.742448
2000-02-01,1.01,1.04,0.95,1.00,96300,0.989931
2000-01-31,1.00,1.28,1.00,1.00,211800,0.989931
2000-01-28,0.56,0.91,0.56,0.91,261300,0.900837
2000-01-27,0.60,0.70,0.55,0.61,43100,0.603858
2000-01-26,0.62,0.62,0.60,0.60,48000,0.593959
2000-01-25,0.50,0.64,0.50,0.64,63000,0.633556
2000-01-24,0.57,0.57,0.45,0.45,36500,0.445469
2000-01-21,0.61,0.61,0.50,0.54,166200,0.534563
2000-01-20,0.46,0.75,0.46,0.67,320500,0.663254
2000-01-19,0.43,0.45,0.40,0.44,233000,0.43557
2000-01-18,0.35,0.40,0.35,0.36,130100,0.356375
2000-01-17,0.30,0.33,0.30,0.32,41000,0.316778
2000-01-14,0.27,0.28,0.25,0.28,71200,0.277181
2000-01-13,0.34,0.34,0.24,0.26,220500,0.257382
2000-01-12,0.21,0.28,0.21,0.25,244800,0.247483
2000-01-11,0.20,0.23,0.19,0.19,119000,0.188087
2000-01-10,0.20,0.20,0.19,0.20,205000,0.197986
2000-01-07,0.20,0.20,0.20,0.20,7500,0.197986
2000-01-06,0.19,0.19,0.19,0.19,5200,0.188087
2000-01-05,0.16,0.16,0.16,0.16,4000,0.158389
2000-01-04,0.20,0.20,0.20,0.20,22000,0.197986
