Date,Open,High,Low,Close,Volume,Adj_Close
2016-04-01,49.209999,49.50,48.419998,48.900002,173300,48.900002
2016-03-31,48.959999,50.66,48.959999,49.560001,193700,49.560001
2016-03-30,48.50,49.849998,48.150002,48.959999,145200,48.959999
2016-03-29,46.419998,48.919998,45.790001,48.41,129900,48.41
2016-03-28,47.189999,47.189999,46.029999,46.599998,89900,46.599998
2016-03-24,46.580002,47.150002,45.900002,47.02,120400,47.02
2016-03-23,47.48,47.720001,46.700001,47.02,133400,47.02
2016-03-22,47.049999,48.009998,46.73,47.549999,99900,47.549999
2016-03-21,47.02,47.900002,46.529999,47.509998,135500,47.509998
2016-03-18,47.099998,47.439999,46.439999,47.110001,207500,47.110001
2016-03-17,45.389999,47.529999,45.240002,46.790001,186600,46.790001
2016-03-16,44.310001,45.860001,43.950001,45.259998,123800,45.259998
2016-03-15,45.529999,45.529999,44.200001,44.650002,153800,44.650002
2016-03-14,46.98,47.50,45.490002,45.880001,101400,45.880001
2016-03-11,45.990002,47.299999,45.990002,47.189999,91700,47.189999
2016-03-10,45.57,45.689999,44.470001,45.400002,84800,45.400002
2016-03-09,44.77,45.490002,44.25,45.369999,96100,45.369999
2016-03-08,45.23,45.400002,44.060001,44.619999,113300,44.619999
2016-03-07,44.93,45.939999,44.200001,45.48,106200,45.48
2016-03-04,45.23,45.98,44.98,45.400002,118000,45.400002
2016-03-03,45.060001,46.169998,44.959999,45.110001,111300,45.110001
2016-03-02,44.330002,45.169998,43.959999,45.049999,147300,45.049999
2016-03-01,42.639999,44.77,42.50,44.400002,163500,44.400002
2016-02-29,42.099998,43.18,41.75,42.349998,260800,42.349998
2016-02-26,41.130001,42.990002,41.02,42.040001,171900,42.040001
2016-02-25,40.360001,41.110001,39.610001,40.93,98000,40.93
2016-02-24,39.68,40.389999,38.00,40.189999,159100,40.189999
2016-02-23,41.060001,41.540001,40.00,40.290001,136000,40.290001
2016-02-22,42.099998,42.59,41.040001,41.259998,130100,41.259998
2016-02-19,41.580002,42.209999,40.470001,41.490002,94300,41.490002
2016-02-18,42.099998,42.25,41.099998,41.869999,93600,41.869999
2016-02-17,42.00,43.139999,41.689999,41.950001,152800,41.950001
2016-02-16,40.599998,41.950001,40.00,41.580002,142300,41.580002
2016-02-12,40.310001,40.900002,39.439999,40.110001,182100,40.110001
2016-02-11,39.849998,40.66,38.779999,39.419998,153800,39.419998
2016-02-10,40.43,41.93,39.919998,40.84,217900,40.84
2016-02-09,37.880001,40.459999,36.82,39.799999,149200,39.799999
2016-02-08,38.43,38.939999,37.639999,38.50,139900,38.50
2016-02-05,38.43,40.419998,37.959999,38.360001,213600,38.360001
2016-02-04,34.610001,39.779999,34.610001,38.080002,469800,38.080002
2016-02-03,32.959999,33.200001,31.940001,32.849998,129200,32.849998
2016-02-02,33.18,33.18,32.209999,32.639999,103600,32.639999
2016-02-01,33.73,34.040001,33.080002,33.740002,92800,33.740002
2016-01-29,33.240002,34.119999,33.16,34.00,124900,34.00
2016-01-28,34.09,34.189999,33.009998,33.169998,68800,33.169998
2016-01-27,33.759998,34.73,33.599998,33.720001,94200,33.720001
2016-01-26,33.240002,34.099998,32.990002,34.00,116800,34.00
2016-01-25,33.540001,33.549999,32.759998,32.919998,84800,32.919998
2016-01-22,33.279999,34.189999,33.240002,33.790001,121300,33.790001
2016-01-21,32.689999,33.700001,32.369999,32.790001,131400,32.790001
2016-01-20,32.849998,33.59,31.66,33.139999,217100,33.139999
2016-01-19,33.689999,34.259998,33.32,33.73,145300,33.73
2016-01-15,33.110001,34.040001,33.07,33.919998,135700,33.919998
2016-01-14,34.009998,34.549999,33.23,34.290001,117400,34.290001
2016-01-13,35.34,35.450001,33.41,33.880001,150200,33.880001
2016-01-12,36.00,36.00,34.700001,35.34,126600,35.34
2016-01-11,35.50,36.02,34.900002,35.669998,110500,35.669998
2016-01-08,36.439999,36.439999,34.98,35.130001,192400,35.130001
2016-01-07,36.82,36.82,36.029999,36.040001,177500,36.040001
2016-01-06,38.48,38.740002,37.25,37.639999,177600,37.639999
2016-01-05,39.68,39.700001,38.209999,39.150002,154000,39.150002
2016-01-04,39.380001,40.310001,38.50,39.700001,186800,39.700001
2015-12-31,40.529999,40.740002,40.27,40.400002,86400,40.400002
2015-12-30,41.310001,41.50,40.689999,40.720001,68600,40.720001
2015-12-29,41.00,41.529999,40.68,41.48,70900,41.48
2015-12-28,41.009998,41.009998,40.16,40.66,58300,40.66
2015-12-24,40.689999,41.720001,40.689999,41.25,46700,41.25
2015-12-23,40.82,40.919998,40.41,40.810001,60900,40.810001
2015-12-22,39.77,40.630001,39.41,40.360001,59000,40.360001
2015-12-21,39.549999,40.07,39.32,39.52,138000,39.52
2015-12-18,39.869999,39.869999,39.09,39.380001,309900,39.380001
2015-12-17,41.02,41.189999,40.139999,40.200001,142900,40.200001
2015-12-16,40.259998,41.240002,40.119999,40.950001,117300,40.950001
2015-12-15,38.830002,39.950001,38.830002,39.830002,92700,39.830002
2015-12-14,38.939999,39.150002,38.139999,38.380001,157700,38.380001
2015-12-11,40.639999,41.07,38.310001,38.799999,247800,38.799999
2015-12-10,41.07,42.34,40.889999,41.900002,138700,41.900002
2015-12-09,41.689999,42.32,41.00,41.16,205400,41.16
2015-12-08,41.669998,42.00,41.189999,41.709999,113300,41.709999
2015-12-07,42.639999,42.639999,41.84,42.139999,188600,42.139999
2015-12-04,42.080002,42.950001,41.619999,42.810001,137800,42.810001
2015-12-03,41.990002,42.490002,41.439999,41.830002,183300,41.830002
2015-12-02,42.029999,42.330002,41.639999,41.66,133600,41.66
2015-12-01,40.849998,42.209999,40.82,41.970001,134900,41.970001
2015-11-30,40.990002,41.18,40.450001,40.529999,197700,40.529999
2015-11-27,39.990002,40.740002,39.970001,40.700001,94600,40.700001
2015-11-25,39.470001,39.990002,39.330002,39.869999,114100,39.869999
2015-11-24,38.41,39.830002,38.41,39.48,124600,39.48
2015-11-23,39.02,39.869999,38.610001,38.619999,155100,38.619999
2015-11-20,38.450001,40.290001,38.450001,38.959999,185300,38.959999
2015-11-19,36.25,38.639999,36.110001,38.189999,314500,38.189999
2015-11-18,34.950001,35.849998,34.32,35.790001,344300,35.790001
2015-11-17,36.349998,36.349998,34.34,34.529999,179100,34.529999
2015-11-16,36.209999,36.669998,35.200001,35.860001,116000,35.860001
2015-11-13,35.349998,36.470001,35.240002,36.310001,143600,36.310001
2015-11-12,35.41,35.709999,34.759998,35.450001,80600,35.450001
2015-11-11,36.029999,36.150002,35.32,35.689999,58700,35.689999
2015-11-10,37.700001,37.700001,35.700001,35.779999,131700,35.779999
2015-11-09,38.16,38.400002,37.889999,37.889999,299300,37.889999
2015-11-06,37.779999,38.50,37.09,38.139999,121700,38.139999
2015-11-05,37.34,37.400002,36.619999,37.369999,77500,37.369999
2015-11-04,37.25,37.790001,37.07,37.369999,124000,37.369999
2015-11-03,36.950001,37.619999,36.709999,37.209999,127100,37.209999
2015-11-02,35.77,37.59,35.720001,37.189999,227200,37.189999
2015-10-30,34.790001,36.189999,34.75,35.57,301800,35.57
2015-10-29,38.540001,38.540001,33.279999,34.400002,606800,34.400002
2015-10-28,36.700001,38.889999,36.700001,38.849998,185200,38.849998
2015-10-27,37.299999,37.299999,36.470001,36.700001,99700,36.700001
2015-10-26,37.310001,37.580002,37.209999,37.549999,50700,37.549999
2015-10-23,36.700001,37.700001,36.299999,37.459999,90700,37.459999
2015-10-22,36.259998,37.240002,36.130001,36.23,124900,36.23
2015-10-21,37.630001,37.630001,35.98,36.009998,55400,36.009998
2015-10-20,37.889999,38.00,37.34,37.549999,63900,37.549999
2015-10-19,37.57,38.68,37.549999,37.84,171900,37.84
2015-10-16,37.52,38.169998,37.029999,37.950001,109500,37.950001
2015-10-15,35.59,37.50,35.540001,37.369999,95200,37.369999
2015-10-14,36.209999,36.310001,35.099998,35.32,90700,35.32
2015-10-13,35.740002,36.50,35.740002,36.279999,86000,36.279999
2015-10-12,36.310001,36.630001,35.439999,35.959999,93400,35.959999
2015-10-09,37.43,37.439999,36.34,36.66,112900,36.66
2015-10-08,37.419998,37.689999,37.060001,37.27,128700,37.27
2015-10-07,36.029999,38.07,36.029999,37.759998,201200,37.759998
2015-10-06,36.049999,36.139999,35.360001,36.02,127500,36.02
2015-10-05,35.130001,36.220001,35.130001,36.099998,132700,36.099998
2015-10-02,33.970001,34.830002,33.169998,34.82,105800,34.82
2015-10-01,36.009998,36.07,34.27,34.68,211500,34.68
2015-09-30,37.029999,37.080002,35.91,36.169998,149300,36.169998
2015-09-29,36.299999,36.82,35.860001,36.709999,149400,36.709999
2015-09-28,37.119999,37.119999,36.09,36.279999,140400,36.279999
2015-09-25,37.259998,37.709999,36.779999,37.389999,65300,37.389999
2015-09-24,36.799999,36.919998,36.25,36.77,166200,36.77
2015-09-23,37.200001,37.540001,36.599998,37.009998,85900,37.009998
2015-09-22,37.389999,38.389999,36.970001,37.189999,160800,37.189999
2015-09-21,37.490002,38.560001,37.490002,37.689999,128700,37.689999
2015-09-18,37.73,38.189999,37.049999,37.150002,186600,37.150002
2015-09-17,38.580002,39.25,38.27,38.419998,92800,38.419998
2015-09-16,38.029999,38.970001,38.029999,38.73,74900,38.73
2015-09-15,37.259998,38.189999,37.110001,38.060001,70700,38.060001
2015-09-14,38.060001,38.060001,37.240002,37.240002,68600,37.240002
2015-09-11,38.00,38.220001,37.57,38.07,47000,38.07
2015-09-10,37.91,38.73,37.77,38.290001,48800,38.290001
2015-09-09,38.950001,39.110001,37.869999,38.049999,109800,38.049999
2015-09-08,38.18,38.580002,37.77,38.459999,131600,38.459999
2015-09-04,38.209999,38.299999,37.360001,37.669998,66900,37.669998
2015-09-03,38.689999,39.32,38.419998,38.700001,75500,38.700001
2015-09-02,39.23,39.389999,38.150002,38.73,93800,38.73
2015-09-01,40.689999,41.509998,38.549999,38.619999,169100,38.619999
2015-08-31,40.599998,42.099998,40.560001,41.860001,224200,41.860001
2015-08-28,40.529999,41.23,40.200001,40.869999,121300,40.869999
2015-08-27,40.290001,41.119999,39.82,40.77,156900,40.77
2015-08-26,39.16,40.00,38.080002,39.889999,174900,39.889999
2015-08-25,40.57,40.93,38.27,38.380001,280100,38.380001
2015-08-24,39.720001,41.470001,39.560001,39.560001,189800,39.560001
2015-08-21,41.66,42.509998,41.290001,41.360001,134900,41.360001
2015-08-20,42.169998,43.02,41.52,42.369999,171000,42.369999
2015-08-19,42.50,42.939999,42.119999,42.57,132200,42.57
2015-08-18,43.02,43.119999,42.279999,42.669998,120200,42.669998
2015-08-17,43.189999,43.389999,42.720001,43.02,75500,43.02
2015-08-14,42.709999,43.540001,42.709999,43.349998,158700,43.349998
2015-08-13,42.810001,43.139999,42.25,42.900002,82800,42.900002
2015-08-12,43.189999,43.25,42.09,42.709999,93000,42.709999
2015-08-11,44.68,44.68,43.509998,43.68,107400,43.68
2015-08-10,44.00,45.27,43.57,45.200001,129900,45.200001
2015-08-07,44.650002,45.439999,43.50,43.740002,103500,43.740002
2015-08-06,43.91,45.049999,43.869999,44.82,145900,44.82
2015-08-05,44.220001,44.639999,43.380001,43.630001,82700,43.630001
2015-08-04,44.119999,44.849998,43.740002,44.009998,94300,44.009998
2015-08-03,44.959999,45.23,43.57,44.209999,138300,44.209999
2015-07-31,45.740002,45.830002,44.650002,44.849998,110600,44.849998
2015-07-30,46.209999,46.220001,45.049999,45.779999,129700,45.779999
2015-07-29,44.93,46.419998,44.759998,46.240002,168600,46.240002
2015-07-28,44.950001,45.040001,44.119999,44.93,124000,44.93
2015-07-27,43.459999,44.639999,43.099998,44.599998,211900,44.599998
2015-07-24,43.689999,45.290001,43.57,43.779999,258800,43.779999
2015-07-23,41.50,44.049999,41.50,43.669998,358500,43.669998
2015-07-22,40.43,41.00,40.41,40.580002,97700,40.580002
2015-07-21,41.509998,41.799999,40.650002,40.880001,82400,40.880001
2015-07-20,41.119999,41.98,40.599998,41.639999,155500,41.639999
2015-07-17,41.049999,41.099998,40.57,40.959999,90900,40.959999
2015-07-16,42.610001,42.610001,41.119999,41.150002,111700,41.150002
2015-07-15,42.880001,43.41,41.970001,42.169998,61300,42.169998
2015-07-14,43.27,43.310001,42.599998,43.00,51000,43.00
2015-07-13,42.939999,43.490002,42.939999,43.360001,85200,43.360001
2015-07-10,42.119999,42.50,41.82,42.470001,64800,42.470001
2015-07-09,42.25,42.439999,41.540001,41.580002,118500,41.580002
2015-07-08,42.049999,42.509998,41.330002,41.619999,134000,41.619999
2015-07-07,42.790001,42.790001,41.439999,42.529999,126100,42.529999
2015-07-06,43.040001,43.529999,42.400002,42.990002,138500,42.990002
2015-07-02,43.709999,43.959999,43.07,43.650002,52700,43.650002
2015-07-01,44.16,44.779999,43.439999,43.599998,136100,43.599998
2015-06-30,43.959999,44.369999,43.259998,43.639999,117500,43.639999
2015-06-29,45.290001,45.290001,43.240002,43.450001,103200,43.450001
2015-06-26,45.650002,46.080002,45.400002,45.619999,143900,45.619999
2015-06-25,45.610001,46.07,45.50,45.650002,79800,45.650002
2015-06-24,46.32,46.32,45.360001,45.610001,149700,45.610001
2015-06-23,46.619999,46.650002,46.119999,46.48,80200,46.48
2015-06-22,46.720001,47.259998,46.189999,46.490002,142100,46.490002
2015-06-19,46.91,47.18,45.900002,46.48,378000,46.48
2015-06-18,47.73,47.73,46.810001,47.099998,160300,47.099998
2015-06-17,47.93,48.200001,47.400002,47.470001,117000,47.470001
2015-06-16,48.00,48.509998,47.599998,47.77,141400,47.77
2015-06-15,48.290001,48.490002,47.389999,48.169998,123400,48.169998
2015-06-12,48.73,48.849998,48.369999,48.77,67900,48.77
2015-06-11,48.490002,48.990002,48.150002,48.82,115400,48.82
2015-06-10,48.639999,49.919998,48.450001,48.59,224100,48.59
2015-06-09,48.25,48.66,47.73,48.279999,96700,48.279999
2015-06-08,48.75,49.099998,47.919998,48.25,125200,48.25
2015-06-05,48.73,48.84,48.040001,48.830002,122900,48.830002
2015-06-04,48.150002,48.689999,48.150002,48.490002,92500,48.490002
2015-06-03,47.849998,48.66,47.68,48.540001,170500,48.540001
2015-06-02,47.189999,47.970001,47.07,47.790001,111800,47.790001
2015-06-01,47.740002,47.799999,46.799999,47.41,75900,47.41
2015-05-29,48.330002,48.490002,47.380001,47.419998,113300,47.419998
2015-05-28,47.700001,48.349998,47.48,48.240002,129100,48.240002
2015-05-27,47.389999,47.990002,47.119999,47.91,141200,47.91
2015-05-26,47.599998,47.610001,46.810001,47.380001,142500,47.380001
2015-05-22,47.990002,48.400002,47.810001,47.84,82100,47.84
2015-05-21,48.16,48.650002,47.970001,48.099998,115900,48.099998
2015-05-20,48.470001,48.830002,48.09,48.43,122500,48.43
2015-05-19,48.330002,48.439999,47.669998,48.349998,174000,48.349998
2015-05-18,48.18,48.50,48.00,48.23,352400,48.23
2015-05-15,48.689999,48.810001,48.029999,48.09,162900,48.09
2015-05-14,49.490002,49.720001,48.540001,48.720001,195000,48.720001
2015-05-13,48.959999,49.360001,48.799999,49.150002,126900,49.150002
2015-05-12,49.529999,49.549999,48.650002,48.959999,178400,48.959999
2015-05-11,50.139999,50.790001,49.84,49.880001,111300,49.880001
2015-05-08,50.900002,50.93,50.07,50.16,100400,50.16
2015-05-07,50.099998,51.150002,49.880001,50.459999,107100,50.459999
2015-05-06,50.75,50.75,49.880001,50.25,103800,50.25
2015-05-05,51.080002,51.32,50.139999,50.48,81700,50.48
2015-05-04,50.919998,51.380001,50.849998,51.18,100800,51.18
2015-05-01,50.810001,50.869999,50.07,50.709999,104200,50.709999
2015-04-30,51.869999,52.02,50.299999,50.450001,99800,50.450001
2015-04-29,52.209999,52.689999,51.98,52.200001,53200,52.200001
2015-04-28,52.27,52.77,51.68,52.669998,146700,52.669998
2015-04-27,53.540001,54.68,52.380001,52.439999,101200,52.439999
2015-04-24,53.43,53.68,51.799999,53.389999,124700,53.389999
2015-04-23,56.57,56.57,53.41,53.66,183600,53.66
2015-04-22,55.009998,55.740002,54.630001,55.389999,118300,55.389999
2015-04-21,54.880001,55.25,54.450001,55.029999,76900,55.029999
2015-04-20,54.82,55.07,54.099998,54.59,62100,54.59
2015-04-17,54.619999,54.619999,53.84,54.209999,124400,54.209999
2015-04-16,54.209999,55.32,54.02,55.119999,76700,55.119999
2015-04-15,54.02,54.77,53.790001,54.400002,83300,54.400002
2015-04-14,53.950001,54.130001,53.549999,53.91,58000,53.91
2015-04-13,53.470001,54.240002,53.259998,54.220001,70200,54.220001
2015-04-10,53.200001,53.919998,52.860001,53.439999,104900,53.439999
2015-04-09,53.209999,53.689999,52.580002,53.310001,114200,53.310001
2015-04-08,53.029999,53.560001,52.709999,53.330002,185000,53.330002
2015-04-07,54.34,54.75,52.990002,53.060001,98100,53.060001
2015-04-06,53.50,54.75,52.93,54.27,100500,54.27
2015-04-02,53.759998,54.66,53.50,54.110001,79600,54.110001
2015-04-01,52.32,53.84,52.25,53.619999,136800,53.619999
2015-03-31,52.330002,52.66,52.189999,52.459999,101900,52.459999
2015-03-30,52.580002,53.16,52.48,52.93,94800,52.93
2015-03-27,52.91,52.959999,52.220001,52.299999,100000,52.299999
2015-03-26,52.459999,53.619999,52.240002,52.869999,160800,52.869999
2015-03-25,54.50,54.50,52.790001,52.790001,183300,52.790001
2015-03-24,54.849998,54.849998,54.25,54.360001,123600,54.360001
2015-03-23,55.169998,55.490002,54.919998,54.950001,80500,54.950001
2015-03-20,54.689999,55.59,54.689999,55.310001,195900,55.310001
2015-03-19,54.139999,54.779999,53.720001,54.419998,116900,54.419998
2015-03-18,54.779999,55.669998,54.50,54.610001,109200,54.610001
2015-03-17,54.82,55.34,54.220001,55.07,118100,55.07
2015-03-16,55.700001,55.790001,55.07,55.32,105200,55.32
2015-03-13,55.23,55.540001,53.869999,55.209999,137100,55.209999
2015-03-12,53.560001,55.419998,53.560001,55.419998,151200,55.419998
2015-03-11,52.419998,53.240002,52.029999,53.110001,147700,53.110001
2015-03-10,52.419998,52.759998,52.00,52.349998,156100,52.349998
2015-03-09,53.349998,53.48,52.73,53.220001,90400,53.220001
2015-03-06,53.779999,54.77,53.23,53.360001,76500,53.360001
2015-03-05,53.349998,54.169998,52.610001,53.959999,82000,53.959999
2015-03-04,53.290001,53.740002,52.66,53.32,111100,53.32
2015-03-03,54.139999,54.50,53.23,53.740002,150800,53.740002
2015-03-02,54.82,55.34,54.310001,54.540001,152900,54.540001
2015-02-27,54.919998,55.349998,54.330002,54.75,118700,54.75
2015-02-26,54.459999,55.459999,53.959999,55.16,90000,55.16
2015-02-25,55.080002,55.09,54.200001,54.380001,78100,54.380001
2015-02-24,54.869999,55.75,54.810001,55.279999,84300,55.279999
2015-02-23,54.459999,54.810001,53.529999,54.709999,87000,54.709999
2015-02-20,54.68,55.080002,53.580002,54.849998,111400,54.849998
2015-02-19,54.16,55.25,54.16,54.900002,66500,54.900002
2015-02-18,54.75,55.310001,54.200001,54.560001,105900,54.560001
2015-02-17,54.970001,55.689999,54.689999,55.259998,100600,55.259998
2015-02-13,56.860001,57.18,55.049999,55.099998,120400,55.099998
2015-02-12,56.099998,56.939999,55.869999,56.709999,69200,56.709999
2015-02-11,55.830002,56.27,55.130001,55.759998,60000,55.759998
2015-02-10,56.509998,56.509998,55.00,55.860001,100400,55.860001
2015-02-09,54.849998,56.00,54.830002,55.869999,125000,55.869999
2015-02-06,55.099998,55.939999,54.82,55.189999,150000,55.189999
2015-02-05,49.779999,55.669998,49.779999,55.099998,139000,55.099998
2015-02-04,53.93,54.490002,53.490002,53.68,98500,53.68
2015-02-03,52.689999,54.009998,52.689999,53.860001,105800,53.860001
2015-02-02,51.700001,52.400002,50.810001,52.259998,163300,52.259998
2015-01-30,52.150002,52.389999,50.560001,51.049999,128900,51.049999
2015-01-29,52.25,52.959999,51.700001,52.950001,83200,52.950001
2015-01-28,54.599998,54.599998,51.599998,51.799999,108300,51.799999
2015-01-27,53.27,54.700001,53.27,54.049999,82400,54.049999
2015-01-26,54.43,54.43,53.400002,54.16,104400,54.16
2015-01-23,53.630001,53.869999,52.450001,53.18,85200,53.18
2015-01-22,52.84,53.880001,51.650002,53.639999,74000,53.639999
2015-01-21,51.349998,52.41,50.529999,52.220001,159100,52.220001
2015-01-20,51.869999,52.00,50.75,51.84,132200,51.84
2015-01-16,52.34,52.700001,51.41,52.16,138000,52.16
2015-01-15,53.790001,54.040001,52.259998,52.669998,138900,52.669998
2015-01-14,54.779999,54.810001,52.91,53.689999,159800,53.689999
2015-01-13,56.32,57.459999,54.98,55.869999,224200,55.869999
2015-01-12,56.799999,56.799999,55.290001,55.84,146400,55.84
2015-01-09,58.209999,58.209999,56.509998,56.799999,86600,56.799999
2015-01-08,55.59,58.580002,55.450001,58.049999,243400,58.049999
2015-01-07,54.82,55.50,54.419998,54.84,104100,54.84
2015-01-06,57.02,57.02,54.16,54.330002,215700,54.330002
2015-01-05,57.580002,57.919998,56.700001,57.00,178200,57.00
2015-01-02,58.48,58.880001,57.25,58.240002,70500,58.240002
2014-12-31,58.790001,59.290001,58.00,58.09,94800,58.09
2014-12-30,57.810001,58.869999,57.610001,58.43,68500,58.43
2014-12-29,58.240002,58.700001,57.830002,58.16,71300,58.16
2014-12-26,57.720001,58.48,57.450001,58.25,57600,58.25
2014-12-24,57.310001,57.959999,57.16,57.439999,32900,57.439999
2014-12-23,57.119999,57.610001,56.34,57.240002,100900,57.240002
2014-12-22,57.310001,57.720001,56.439999,56.66,102300,56.66
2014-12-19,57.560001,57.82,56.790001,57.369999,373200,57.369999
2014-12-18,57.25,57.529999,56.279999,57.439999,96900,57.439999
2014-12-17,54.310001,56.720001,53.669998,56.220001,165000,56.220001
2014-12-16,54.98,55.790001,54.209999,54.25,153600,54.25
2014-12-15,56.200001,56.48,54.619999,55.369999,107500,55.369999
2014-12-12,56.740002,57.09,55.68,55.759998,111900,55.759998
2014-12-11,58.00,59.009998,57.279999,57.509998,129300,57.509998
2014-12-10,58.939999,59.41,57.50,57.529999,252300,57.529999
2014-12-09,57.150002,59.41,57.02,59.349998,176600,59.349998
2014-12-08,58.509998,59.939999,57.59,58.16,110300,58.16
2014-12-05,58.299999,59.459999,58.040001,58.939999,105600,58.939999
2014-12-04,58.150002,58.880001,57.98,58.279999,119300,58.279999
2014-12-03,56.799999,58.830002,56.799999,58.48,101400,58.48
2014-12-02,56.349998,57.630001,56.349998,56.959999,161900,56.959999
2014-12-01,57.200001,57.200001,55.59,56.23,180900,56.23
2014-11-28,58.990002,58.990002,57.369999,57.400002,77600,57.400002
2014-11-26,58.889999,59.349998,58.619999,59.060001,148800,59.060001
2014-11-25,58.740002,59.419998,58.00,58.990002,205600,58.990002
2014-11-24,58.34,59.200001,58.099998,58.889999,151500,58.889999
2014-11-21,59.330002,59.799999,57.990002,58.18,184600,58.18
2014-11-20,55.639999,57.740002,55.639999,57.610001,131900,57.610001
2014-11-19,56.560001,56.560001,55.450001,56.220001,136000,56.220001
2014-11-18,56.049999,57.889999,55.830002,56.560001,161400,56.560001
2014-11-17,57.34,57.380001,55.91,56.07,161800,56.07
2014-11-14,57.639999,57.639999,56.869999,57.540001,94200,57.540001
2014-11-13,58.799999,58.84,57.48,57.57,121500,57.57
2014-11-12,57.889999,59.00,57.759998,58.970001,73100,58.970001
2014-11-11,59.00,59.00,58.290001,58.529999,128100,58.529999
2014-11-10,57.959999,59.00,57.50,58.98,150600,58.98
2014-11-07,57.43,58.00,56.740002,57.889999,138800,57.889999
2014-11-06,57.700001,57.77,57.029999,57.610001,128000,57.610001
2014-11-05,57.130001,58.099998,56.200001,57.619999,172900,57.619999
2014-11-04,57.200001,57.720001,55.939999,56.48,151500,56.48
2014-11-03,56.52,57.939999,56.52,57.200001,205700,57.200001
2014-10-31,55.18,57.009998,54.689999,56.459999,375500,56.459999
2014-10-30,54.23,54.98,53.720001,54.169998,149300,54.169998
2014-10-29,54.950001,55.360001,53.470001,54.580002,190000,54.580002
2014-10-28,54.130001,55.639999,54.130001,55.07,221400,55.07
2014-10-27,52.689999,53.709999,52.349998,53.639999,132200,53.639999
2014-10-24,53.099998,53.639999,52.66,53.299999,208500,53.299999
2014-10-23,50.869999,53.810001,50.049999,52.779999,305700,52.779999
2014-10-22,48.970001,49.25,48.009998,48.080002,178400,48.080002
2014-10-21,47.639999,48.84,47.639999,48.779999,115400,48.779999
2014-10-20,47.799999,48.470001,47.00,47.299999,150600,47.299999
2014-10-17,47.290001,48.619999,47.09,48.09,221400,48.09
2014-10-16,45.099998,47.110001,45.099998,46.490002,165600,46.490002
2014-10-15,46.459999,47.25,44.73,46.150002,255200,46.150002
2014-10-14,47.02,47.73,46.950001,47.41,252100,47.41
2014-10-13,46.57,47.82,46.360001,46.810001,214300,46.810001
2014-10-10,46.869999,48.07,46.540001,46.650002,255900,46.650002
2014-10-09,49.52,49.549999,47.029999,47.060001,299300,47.060001
2014-10-08,48.009998,49.919998,47.669998,49.73,307100,49.73
2014-10-07,50.25,50.509998,48.98,48.98,177600,48.98
2014-10-06,51.27,51.27,50.169998,50.43,151500,50.43
2014-10-03,51.610001,51.610001,50.990002,51.09,211700,51.09
2014-10-02,50.52,51.830002,50.450001,51.209999,196700,51.209999
2014-10-01,52.209999,52.209999,50.169998,50.650002,230700,50.650002
2014-09-30,52.720001,53.209999,52.080002,52.240002,180900,52.240002
2014-09-29,53.700001,53.799999,52.48,52.720001,298100,52.720001
2014-09-26,54.869999,55.32,54.200001,54.470001,130800,54.470001
2014-09-25,55.080002,55.25,54.240002,54.759998,280200,54.759998
2014-09-24,54.630001,55.290001,54.240002,55.189999,125500,55.189999
2014-09-23,55.25,55.48,54.389999,54.57,188500,54.57
2014-09-22,56.040001,56.32,55.099998,55.279999,233500,55.279999
2014-09-19,56.389999,56.68,55.549999,56.299999,263700,56.299999
2014-09-18,56.48,56.91,56.049999,56.209999,134700,56.209999
2014-09-17,55.299999,56.41,55.299999,56.09,162800,56.09
2014-09-16,53.619999,55.560001,53.200001,55.200001,173700,55.200001
2014-09-15,54.150002,54.23,53.16,53.689999,137600,53.689999
2014-09-12,55.23,55.529999,53.860001,54.25,168200,54.25
2014-09-11,54.009998,55.540001,54.009998,55.130001,214500,55.130001
2014-09-10,55.060001,55.34,53.900002,54.25,164600,54.25
2014-09-09,55.52,55.779999,54.740002,54.889999,130700,54.889999
2014-09-08,55.07,56.07,55.07,55.439999,185900,55.439999
2014-09-05,53.639999,55.27,53.290001,55.189999,132600,55.189999
2014-09-04,54.32,54.790001,53.66,53.889999,122200,53.889999
2014-09-03,54.73,54.810001,53.950001,54.07,158200,54.07
2014-09-02,53.68,54.950001,53.450001,54.299999,265400,54.299999
2014-08-29,53.50,53.669998,52.98,53.360001,68900,53.360001
2014-08-28,53.279999,53.549999,52.639999,53.259998,106300,53.259998
2014-08-27,56.07,56.25,53.259998,53.41,248100,53.41
2014-08-26,55.77,55.77,55.049999,55.259998,226700,55.259998
2014-08-25,55.150002,56.259998,55.009998,55.529999,147000,55.529999
2014-08-22,54.43,54.990002,53.75,54.50,119000,54.50
2014-08-21,53.889999,54.599998,53.25,54.540001,246300,54.540001
2014-08-20,53.619999,54.040001,53.07,53.630001,151600,53.630001
2014-08-19,54.18,54.189999,53.110001,53.75,148200,53.75
2014-08-18,53.50,54.23,53.25,53.880001,125000,53.880001
2014-08-15,53.50,53.619999,51.790001,52.950001,171700,52.950001
2014-08-14,53.52,53.66,52.68,52.959999,233300,52.959999
2014-08-13,53.290001,54.09,53.099998,53.299999,173100,53.299999
2014-08-12,53.139999,53.619999,52.799999,53.029999,121900,53.029999
2014-08-11,53.330002,54.290001,53.09,53.419998,166900,53.419998
2014-08-08,51.919998,53.139999,51.790001,52.970001,223700,52.970001
2014-08-07,51.959999,52.27,51.279999,51.939999,148800,51.939999
2014-08-06,51.139999,52.549999,50.509998,51.529999,298400,51.529999
2014-08-05,51.759998,51.919998,50.91,51.41,113800,51.41
2014-08-04,51.740002,52.25,50.34,51.959999,135000,51.959999
2014-08-01,51.419998,51.959999,50.040001,51.189999,149600,51.189999
2014-07-31,52.200001,52.73,51.040001,51.599998,233200,51.599998
2014-07-30,52.50,53.490002,51.77,52.82,155600,52.82
2014-07-29,52.00,52.720001,51.669998,52.139999,133300,52.139999
2014-07-28,51.830002,52.00,50.759998,51.900002,131000,51.900002
2014-07-25,51.700001,52.18,51.299999,51.950001,189800,51.950001
2014-07-24,54.380001,54.490002,51.689999,52.240002,173000,52.240002
2014-07-23,53.27,53.630001,52.700001,53.32,150400,53.32
2014-07-22,52.490002,53.52,52.220001,53.310001,144400,53.310001
2014-07-21,52.509998,52.740002,51.889999,52.209999,132100,52.209999
2014-07-18,51.240002,53.00,51.240002,52.810001,137100,52.810001
2014-07-17,52.330002,52.540001,51.049999,51.099998,116700,51.099998
2014-07-16,52.00,52.459999,51.200001,52.360001,145800,52.360001
2014-07-15,53.18,53.689999,51.619999,51.790001,187200,51.790001
2014-07-14,52.700001,52.990002,52.290001,52.439999,134600,52.439999
2014-07-11,50.73,51.849998,50.139999,51.77,133700,51.77
2014-07-10,49.630001,51.009998,49.240002,50.540001,230400,50.540001
2014-07-09,51.209999,51.91,50.560001,50.82,209700,50.82
2014-07-08,52.16,52.16,51.009998,51.119999,205600,51.119999
2014-07-07,52.919998,53.57,52.00,52.189999,105100,52.189999
2014-07-03,52.869999,53.509998,52.869999,53.27,49600,53.27
2014-07-02,52.77,53.18,52.220001,52.52,113800,52.52
2014-07-01,51.939999,53.049999,51.759998,52.830002,180000,52.830002
2014-06-30,51.349998,52.00,51.099998,51.77,129200,51.77
2014-06-27,50.529999,51.849998,50.529999,51.77,139100,51.77
2014-06-26,50.810001,51.099998,49.650002,50.799999,63000,50.799999
2014-06-25,50.029999,50.950001,50.009998,50.709999,129500,50.709999
2014-06-24,50.759998,51.34,50.23,50.459999,190800,50.459999
2014-06-23,50.060001,50.849998,49.450001,50.669998,209200,50.669998
2014-06-20,48.48,50.130001,48.259998,50.040001,326000,50.040001
2014-06-19,47.970001,48.389999,47.220001,48.349998,196100,48.349998
2014-06-18,48.119999,48.119999,47.110001,47.84,141100,47.84
2014-06-17,46.889999,48.00,46.790001,47.919998,117100,47.919998
2014-06-16,47.720001,47.720001,46.669998,47.009998,136900,47.009998
2014-06-13,48.060001,48.259998,47.330002,47.560001,112000,47.560001
2014-06-12,47.610001,48.310001,47.34,47.84,114900,47.84
2014-06-11,47.959999,48.209999,47.25,47.860001,121800,47.860001
2014-06-10,48.580002,48.630001,47.650002,48.299999,129400,48.299999
2014-06-09,47.619999,48.779999,47.549999,48.669998,146000,48.669998
2014-06-06,46.830002,47.720001,46.830002,47.619999,156200,47.619999
2014-06-05,45.740002,46.669998,45.029999,46.52,158600,46.52
2014-06-04,44.330002,45.900002,43.650002,45.790001,162600,45.790001
2014-06-03,44.43,44.529999,44.00,44.50,138100,44.50
2014-06-02,44.040001,44.580002,43.509998,44.52,111100,44.52
2014-05-30,44.650002,44.779999,43.889999,44.029999,153900,44.029999
2014-05-29,44.380001,44.650002,43.900002,44.610001,106800,44.610001
2014-05-28,44.59,44.669998,44.110001,44.200001,127900,44.200001
2014-05-27,44.09,45.220001,43.869999,44.650002,155000,44.650002
2014-05-23,43.330002,44.299999,43.330002,43.82,122000,43.82
2014-05-22,42.290001,43.669998,42.27,43.439999,157300,43.439999
2014-05-21,41.779999,42.669998,41.360001,42.110001,83300,42.110001
2014-05-20,42.290001,42.290001,41.189999,41.669998,143600,41.669998
2014-05-19,41.290001,42.59,41.290001,42.509998,88900,42.509998
2014-05-16,41.650002,41.779999,40.759998,41.549999,114300,41.549999
2014-05-15,43.25,43.25,41.32,41.669998,196800,41.669998
2014-05-14,44.630001,44.849998,43.43,43.529999,145400,43.529999
2014-05-13,45.220001,46.310001,44.630001,44.650002,212600,44.650002
2014-05-12,43.139999,45.34,42.849998,44.990002,309600,44.990002
2014-05-09,41.689999,43.080002,41.32,43.029999,143500,43.029999
2014-05-08,42.459999,43.259998,41.73,41.849998,87700,41.849998
2014-05-07,42.049999,42.66,41.07,42.610001,103200,42.610001
2014-05-06,43.09,43.09,41.75,41.939999,85300,41.939999
2014-05-05,43.080002,43.389999,42.099998,43.119999,112800,43.119999
2014-05-02,43.950001,44.169998,42.98,43.57,108000,43.57
2014-05-01,43.939999,44.59,43.330002,43.82,156100,43.82
2014-04-30,43.700001,43.919998,42.400002,43.860001,121700,43.860001
2014-04-29,42.619999,43.93,42.509998,43.830002,135700,43.830002
2014-04-28,44.720001,44.759998,41.669998,42.470001,218500,42.470001
2014-04-25,45.00,45.00,44.07,44.400002,137000,44.400002
2014-04-24,45.110001,45.799999,42.860001,45.189999,153400,45.189999
2014-04-23,43.900002,44.400002,43.450001,44.200001,145300,44.200001
2014-04-22,42.619999,44.09,42.610001,43.869999,94800,43.869999
2014-04-21,42.00,42.540001,41.470001,42.52,81100,42.52
2014-04-17,41.139999,42.150002,40.91,42.029999,77700,42.029999
2014-04-16,40.689999,41.150002,40.00,41.099998,135000,41.099998
2014-04-15,40.720001,41.34,39.400002,40.299999,149600,40.299999
2014-04-14,41.060001,41.200001,39.68,40.470001,155400,40.470001
2014-04-11,42.439999,42.439999,40.34,40.50,254300,40.50
2014-04-10,44.540001,44.700001,42.869999,42.93,105600,42.93
2014-04-09,43.720001,44.75,43.27,44.669998,100700,44.669998
2014-04-08,43.200001,44.040001,42.869999,43.330002,71200,43.330002
2014-04-07,44.150002,44.360001,43.049999,43.060001,93200,43.060001
2014-04-04,46.43,46.43,44.169998,44.209999,81700,44.209999
2014-04-03,47.290001,47.43,45.66,46.07,92400,46.07
2014-04-02,45.669998,47.400002,45.669998,47.290001,88500,47.290001
2014-04-01,45.73,45.799999,44.799999,45.779999,135400,45.779999
2014-03-31,44.950001,45.939999,44.919998,45.799999,115300,45.799999
2014-03-28,42.57,44.650002,42.549999,44.509998,148000,44.509998
2014-03-27,43.23,43.389999,42.419998,42.59,71500,42.59
2014-03-26,44.34,44.990002,43.169998,43.209999,114600,43.209999
2014-03-25,44.439999,44.529999,43.25,43.98,93000,43.98
2014-03-24,44.450001,44.700001,43.450001,44.220001,73500,44.220001
2014-03-21,44.459999,45.00,44.07,44.139999,173200,44.139999
2014-03-20,43.290001,44.52,42.939999,44.200001,86200,44.200001
2014-03-19,43.599998,43.720001,43.220001,43.50,43200,43.50
2014-03-18,43.330002,43.560001,43.18,43.52,57300,43.52
2014-03-17,43.07,43.580002,42.93,43.110001,73000,43.110001
2014-03-14,42.389999,43.139999,42.080002,42.490002,72300,42.490002
2014-03-13,43.110001,43.349998,42.099998,42.610001,50200,42.610001
2014-03-12,42.509998,42.98,41.880001,42.900002,44300,42.900002
2014-03-11,43.439999,43.720001,42.310001,42.610001,64200,42.610001
2014-03-10,43.150002,43.599998,42.869999,43.470001,66100,43.470001
2014-03-07,43.77,43.889999,43.139999,43.400002,41900,43.400002
2014-03-06,43.150002,43.630001,43.009998,43.439999,57800,43.439999
2014-03-05,42.849998,43.220001,42.400002,43.00,67600,43.00
2014-03-04,41.529999,43.560001,41.529999,42.91,120200,42.91
2014-03-03,41.34,41.970001,40.529999,41.32,80800,41.32
2014-02-28,41.939999,42.119999,40.98,41.900002,99400,41.900002
2014-02-27,40.150002,41.939999,40.150002,41.91,144400,41.91
2014-02-26,40.110001,40.720001,39.450001,40.139999,61600,40.139999
2014-02-25,39.849998,40.43,39.490002,40.009998,120800,40.009998
2014-02-24,39.619999,40.259998,39.290001,39.810001,81400,39.810001
2014-02-21,39.919998,40.119999,39.310001,39.50,115500,39.50
2014-02-20,39.68,40.209999,39.00,39.709999,97400,39.709999
2014-02-19,40.00,40.810001,39.68,39.77,91000,39.77
2014-02-18,39.32,40.470001,39.32,40.119999,92600,40.119999
2014-02-14,39.419998,39.759998,39.139999,39.360001,62300,39.360001
2014-02-13,38.18,39.50,37.990002,39.470001,52100,39.470001
2014-02-12,38.25,38.939999,38.16,38.57,49700,38.57
2014-02-11,37.849998,39.919998,37.73,38.25,68500,38.25
2014-02-10,37.959999,38.299999,37.700001,38.060001,64300,38.060001
2014-02-07,37.790001,37.91,37.27,37.900002,70700,37.900002
2014-02-06,37.630001,38.02,37.360001,37.650002,111100,37.650002
2014-02-05,37.709999,38.060001,37.130001,37.48,70100,37.48
2014-02-04,37.98,38.549999,37.389999,38.00,68500,38.00
2014-02-03,39.400002,39.48,37.380001,37.610001,136300,37.610001
2014-01-31,39.349998,39.759998,38.98,39.279999,128400,39.279999
2014-01-30,39.779999,41.080002,39.110001,40.130001,143800,40.130001
2014-01-29,39.150002,41.639999,39.040001,39.209999,310200,39.209999
2014-01-28,37.310001,38.18,36.98,37.98,99500,37.98
2014-01-27,38.119999,38.200001,36.860001,37.130001,41900,37.130001
2014-01-24,39.060001,39.060001,37.630001,38.00,110000,38.00
2014-01-23,39.869999,39.869999,39.07,39.470001,90400,39.470001
2014-01-22,39.709999,40.50,39.360001,40.16,56200,40.16
2014-01-21,40.040001,40.040001,39.48,39.709999,59800,39.709999
2014-01-17,40.279999,40.330002,39.50,39.720001,58200,39.720001
2014-01-16,40.560001,40.560001,39.880001,40.189999,38500,40.189999
2014-01-15,39.84,40.650002,39.73,40.630001,58500,40.630001
2014-01-14,39.400002,40.16,38.950001,39.639999,77300,39.639999
2014-01-13,39.400002,39.73,38.810001,39.119999,101000,39.119999
2014-01-10,39.299999,39.709999,38.619999,39.310001,93500,39.310001
2014-01-09,39.73,40.220001,39.009998,39.169998,115800,39.169998
2014-01-08,39.68,40.450001,39.25,39.580002,178900,39.580002
2014-01-07,38.889999,41.00,38.889999,39.810001,129700,39.810001
2014-01-06,39.240002,39.459999,38.459999,38.75,57100,38.75
2014-01-03,39.189999,39.549999,38.889999,39.150002,40100,39.150002
2014-01-02,39.310001,39.490002,38.959999,39.16,67300,39.16
2013-12-31,39.16,39.720001,39.07,39.549999,45900,39.549999
2013-12-30,39.310001,39.630001,38.810001,39.07,27300,39.07
2013-12-27,39.48,39.740002,38.970001,39.27,40500,39.27
2013-12-26,39.220001,39.59,39.200001,39.349998,55600,39.349998
2013-12-24,39.490002,39.689999,38.990002,39.080002,26500,39.080002
2013-12-23,39.599998,39.75,39.25,39.50,50300,39.50
2013-12-20,38.169998,39.650002,38.119999,39.490002,177400,39.490002
2013-12-19,37.990002,38.23,37.799999,38.080002,54600,38.080002
2013-12-18,37.82,38.00,37.150002,38.00,66700,38.00
2013-12-17,37.93,38.00,37.48,37.799999,31300,37.799999
2013-12-16,37.439999,38.060001,37.34,37.950001,44900,37.950001
2013-12-13,37.150002,37.68,37.02,37.32,33900,37.32
2013-12-12,37.16,37.310001,36.810001,37.029999,58100,37.029999
2013-12-11,37.200001,37.77,36.91,37.169998,92000,37.169998
2013-12-10,37.73,38.00,37.27,37.439999,54100,37.439999
2013-12-09,38.139999,38.139999,37.459999,37.889999,42500,37.889999
2013-12-06,38.169998,38.290001,37.779999,38.00,48500,38.00
2013-12-05,37.66,38.310001,37.549999,37.619999,79900,37.619999
2013-12-04,37.169998,38.00,37.110001,37.82,101000,37.82
2013-12-03,37.490002,38.220001,37.00,37.439999,77900,37.439999
2013-12-02,37.939999,38.029999,37.48,37.669998,66100,37.669998
2013-11-29,38.00,38.240002,37.59,38.02,20700,38.02
2013-11-27,37.77,37.990002,37.650002,37.889999,37600,37.889999
2013-11-26,37.619999,37.959999,37.32,37.669998,54000,37.669998
2013-11-25,36.990002,37.669998,36.849998,37.599998,45500,37.599998
2013-11-22,36.619999,37.139999,36.099998,36.889999,35700,36.889999
2013-11-21,36.080002,36.849998,35.860001,36.669998,39700,36.669998
2013-11-20,35.68,36.080002,35.41,35.849998,19100,35.849998
2013-11-19,36.169998,36.43,35.330002,35.59,39800,35.59
2013-11-18,35.880001,36.490002,35.880001,36.169998,39500,36.169998
2013-11-15,35.59,35.860001,35.540001,35.82,30700,35.82
2013-11-14,35.779999,35.849998,35.240002,35.66,25200,35.66
2013-11-13,34.790001,35.790001,34.470001,35.689999,39300,35.689999
2013-11-12,35.119999,35.279999,34.599998,35.00,53800,35.00
2013-11-11,35.189999,35.66,34.860001,35.169998,48000,35.169998
2013-11-08,34.240002,35.41,34.139999,35.200001,65900,35.200001
2013-11-07,35.25,35.25,34.389999,34.43,77000,34.43
2013-11-06,35.459999,35.52,34.889999,35.09,66800,35.09
2013-11-05,35.080002,35.82,35.029999,35.16,72000,35.16
2013-11-04,35.599998,35.68,35.07,35.299999,88400,35.299999
2013-11-01,35.82,35.93,34.98,35.549999,139100,35.549999
2013-10-31,36.279999,36.560001,35.84,35.889999,63000,35.889999
2013-10-30,36.900002,36.900002,36.279999,36.389999,132200,36.389999
2013-10-29,37.200001,37.419998,36.630001,36.900002,123800,36.900002
2013-10-28,37.57,37.599998,37.02,37.169998,99200,37.169998
2013-10-25,37.619999,37.950001,37.040001,37.610001,132200,37.610001
2013-10-24,37.119999,37.57,36.830002,37.459999,51600,37.459999
2013-10-23,37.459999,37.540001,36.549999,36.939999,90400,36.939999
2013-10-22,38.169998,38.84,37.57,37.700001,96300,37.700001
2013-10-21,37.639999,38.240002,37.459999,37.950001,99200,37.950001
2013-10-18,37.18,37.810001,36.889999,37.669998,89900,37.669998
2013-10-17,36.099998,37.09,35.84,37.00,261500,37.00
2013-10-16,35.900002,36.48,35.139999,36.189999,363000,36.189999
2013-10-15,34.209999,34.549999,33.77,33.939999,84300,33.939999
2013-10-14,33.490002,34.259998,33.48,34.240002,58300,34.240002
2013-10-11,33.290001,33.82,33.150002,33.810001,60000,33.810001
2013-10-10,32.82,33.389999,32.82,33.32,52600,33.32
2013-10-09,32.43,32.889999,32.18,32.330002,74800,32.330002
2013-10-08,32.630001,33.169998,32.240002,32.330002,56200,32.330002
2013-10-07,32.330002,32.84,32.27,32.66,69000,32.66
2013-10-04,32.200001,33.02,31.76,32.779999,104100,32.779999
2013-10-03,33.43,33.50,32.52,32.84,91400,32.84
2013-10-02,34.049999,34.240002,33.369999,33.580002,109800,33.580002
2013-10-01,34.419998,34.950001,34.169998,34.400002,108800,34.400002
2013-09-30,34.099998,34.619999,34.060001,34.290001,151400,34.290001
2013-09-27,34.610001,35.029999,34.41,34.57,50900,34.57
2013-09-26,34.91,35.369999,34.450001,34.93,73500,34.93
2013-09-25,34.68,35.369999,34.560001,34.900002,40100,34.900002
2013-09-24,34.93,35.32,34.419998,34.720001,63100,34.720001
2013-09-23,34.619999,34.98,34.310001,34.799999,48700,34.799999
2013-09-20,35.389999,35.529999,34.52,34.810001,172900,34.810001
2013-09-19,35.48,35.52,34.860001,35.220001,140200,35.220001
2013-09-18,35.650002,35.830002,35.119999,35.43,118200,35.43
2013-09-17,35.779999,36.080002,35.549999,35.740002,81900,35.740002
2013-09-16,36.00,36.110001,35.470001,35.790001,62100,35.790001
2013-09-13,35.759998,35.950001,35.279999,35.580002,46600,35.580002
2013-09-12,36.139999,36.310001,35.419998,35.639999,77700,35.639999
2013-09-11,35.52,36.310001,35.470001,36.139999,116100,36.139999
2013-09-10,35.27,35.869999,35.169998,35.84,85500,35.84
2013-09-09,34.959999,35.459999,34.759998,35.00,82700,35.00
2013-09-06,34.400002,35.00,33.889999,34.830002,90400,34.830002
2013-09-05,33.860001,34.549999,33.610001,34.240002,68600,34.240002
2013-09-04,32.810001,33.849998,32.650002,33.759998,88200,33.759998
2013-09-03,32.970001,33.459999,32.470001,32.82,92600,32.82
2013-08-30,32.610001,32.650002,32.34,32.509998,194200,32.509998
2013-08-29,32.57,33.029999,32.27,32.650002,79400,32.650002
2013-08-28,33.029999,33.380001,32.610001,32.610001,60100,32.610001
2013-08-27,32.950001,33.529999,32.66,33.150002,153300,33.150002
2013-08-26,33.740002,33.950001,33.369999,33.450001,86700,33.450001
2013-08-23,33.98,33.98,33.240002,33.73,57600,33.73
2013-08-22,33.299999,34.139999,33.299999,33.84,73100,33.84
2013-08-21,33.18,33.549999,32.669998,33.080002,79100,33.080002
2013-08-20,32.599998,33.490002,32.50,33.349998,60100,33.349998
2013-08-19,33.290001,33.349998,32.50,32.549999,87500,32.549999
2013-08-16,33.23,34.049999,33.200001,33.25,92100,33.25
2013-08-15,33.490002,33.73,33.009998,33.299999,74200,33.299999
2013-08-14,34.189999,34.650002,33.82,33.900002,106700,33.900002
2013-08-13,33.93,34.389999,33.75,34.189999,70300,34.189999
2013-08-12,33.310001,33.82,33.240002,33.799999,113200,33.799999
2013-08-09,33.34,33.799999,32.950001,33.580002,223800,33.580002
2013-08-08,34.00,34.360001,33.41,33.470001,127500,33.470001
2013-08-07,33.849998,34.07,33.169998,33.73,152000,33.73
2013-08-06,34.259998,34.400002,33.939999,34.09,97200,34.09
2013-08-05,34.169998,34.740002,34.040001,34.330002,115400,34.330002
2013-08-02,34.25,34.59,33.93,34.32,137000,34.32
2013-08-01,34.00,34.52,33.689999,34.34,166000,34.34
2013-07-31,33.209999,33.919998,33.16,33.549999,147500,33.549999
2013-07-30,32.900002,33.560001,32.810001,33.18,183000,33.18
2013-07-29,33.139999,33.380001,32.990002,33.07,126000,33.07
2013-07-26,32.889999,33.549999,32.720001,33.25,201300,33.25
2013-07-25,32.48,33.139999,32.040001,33.130001,205300,33.130001
2013-07-24,32.209999,32.720001,32.049999,32.650002,218800,32.650002
2013-07-23,31.459999,31.99,31.360001,31.959999,165900,31.959999
2013-07-22,30.959999,31.68,30.940001,31.48,150600,31.48
2013-07-19,30.889999,31.200001,30.870001,30.99,201900,30.99
2013-07-18,31.83,32.900002,31.049999,31.08,268400,31.08
2013-07-17,30.469999,32.080002,29.48,31.389999,777700,31.389999
2013-07-16,34.240002,34.41,33.299999,33.349998,185200,33.349998
2013-07-15,32.900002,34.459999,32.59,34.299999,215900,34.299999
2013-07-12,33.959999,34.52,33.939999,34.099998,214000,34.099998
2013-07-11,34.080002,34.099998,33.59,33.889999,186000,33.889999
2013-07-10,33.330002,33.689999,33.25,33.490002,124000,33.490002
2013-07-09,33.34,33.459999,33.049999,33.34,168800,33.34
2013-07-08,32.970001,33.27,32.889999,33.099998,143800,33.099998
2013-07-05,32.009998,32.970001,32.009998,32.84,176400,32.84
2013-07-03,31.52,32.110001,31.299999,32.07,42000,32.07
2013-07-02,31.76,32.419998,31.540001,31.84,135700,31.84
2013-07-01,31.83,32.59,31.77,31.860001,143200,31.860001
2013-06-28,31.780001,32.02,31.610001,31.610001,202800,31.610001
2013-06-27,30.690001,32.080002,30.440001,31.99,187000,31.99
2013-06-26,32.459999,32.459999,30.459999,30.50,252800,30.50
2013-06-25,32.09,32.349998,31.75,32.23,76800,32.23
2013-06-24,32.00,32.189999,31.24,31.709999,138700,31.709999
2013-06-21,32.970001,32.970001,32.080002,32.50,229000,32.50
2013-06-20,33.580002,33.580002,32.490002,32.759998,137700,32.759998
2013-06-19,34.75,34.75,34.049999,34.080002,54400,34.080002
2013-06-18,33.669998,34.889999,33.669998,34.689999,224400,34.689999
2013-06-17,33.75,34.07,33.240002,33.549999,56400,33.549999
2013-06-14,34.099998,34.189999,33.299999,33.360001,52500,33.360001
2013-06-13,32.700001,34.23,32.630001,34.200001,76200,34.200001
2013-06-12,33.689999,33.689999,32.549999,32.709999,188300,32.709999
2013-06-11,34.509998,34.509998,33.209999,33.310001,198500,33.310001
2013-06-10,34.959999,35.009998,34.369999,34.959999,79100,34.959999
2013-06-07,34.610001,35.00,34.18,34.799999,73000,34.799999
2013-06-06,33.650002,34.349998,33.50,34.34,85800,34.34
2013-06-05,35.119999,35.200001,33.630001,33.689999,170400,33.689999
2013-06-04,35.50,35.799999,34.939999,35.189999,152400,35.189999
2013-06-03,35.860001,35.990002,34.73,35.400002,168600,35.400002
2013-05-31,35.57,36.139999,35.57,35.709999,262400,35.709999
2013-05-30,35.419998,35.889999,35.040001,35.66,139200,35.66
2013-05-29,34.459999,35.43,34.299999,35.330002,126100,35.330002
2013-05-28,34.709999,35.290001,34.189999,34.669998,134100,34.669998
2013-05-24,34.00,34.279999,33.73,34.07,129600,34.07
2013-05-23,34.43,34.740002,33.669998,34.23,192300,34.23
2013-05-22,35.77,36.150002,34.549999,34.630001,183200,34.630001
2013-05-21,36.240002,36.380001,35.669998,35.73,104500,35.73
2013-05-20,36.009998,36.59,35.889999,36.259998,180100,36.259998
2013-05-17,35.619999,36.560001,35.529999,36.16,132100,36.16
2013-05-16,35.400002,35.919998,35.25,35.57,93800,35.57
2013-05-15,35.869999,36.150002,35.290001,35.549999,191500,35.549999
2013-05-14,34.080002,35.990002,34.07,35.970001,297400,35.970001
2013-05-13,33.990002,34.470001,33.610001,34.080002,128000,34.080002
2013-05-10,34.029999,34.360001,33.82,34.279999,69300,34.279999
2013-05-09,33.919998,34.209999,33.849998,34.009998,92300,34.009998
2013-05-08,33.459999,33.970001,33.299999,33.950001,232500,33.950001
2013-05-07,33.369999,33.799999,33.09,33.549999,110800,33.549999
2013-05-06,33.759998,33.959999,33.189999,33.240002,128100,33.240002
2013-05-03,33.919998,34.299999,33.790001,33.84,79800,33.84
2013-05-02,32.610001,33.59,32.380001,33.43,104200,33.43
2013-05-01,33.790001,33.790001,32.43,32.450001,173800,32.450001
2013-04-30,33.32,33.759998,33.279999,33.759998,115700,33.759998
2013-04-29,33.27,33.369999,33.23,33.32,88400,33.32
2013-04-26,33.099998,33.27,32.689999,33.110001,147900,33.110001
2013-04-25,32.75,33.279999,32.66,33.099998,174000,33.099998
2013-04-24,31.879999,32.810001,31.879999,32.700001,165600,32.700001
2013-04-23,31.549999,31.969999,31.48,31.950001,250800,31.950001
2013-04-22,31.51,31.51,30.68,31.35,219200,31.35
2013-04-19,31.27,31.549999,30.860001,31.51,138600,31.51
2013-04-18,31.93,32.400002,31.049999,31.25,302500,31.25
2013-04-17,32.00,32.610001,31.18,32.32,313500,32.32
2013-04-16,32.189999,33.00,32.139999,32.619999,244500,32.619999
2013-04-15,32.34,32.639999,31.879999,32.139999,252200,32.139999
2013-04-12,33.130001,33.23,32.389999,32.509998,125200,32.509998
2013-04-11,34.029999,34.119999,33.310001,33.369999,178500,33.369999
2013-04-10,33.27,34.360001,33.27,34.18,263700,34.18
2013-04-09,33.540001,33.860001,33.119999,33.529999,165100,33.529999
2013-04-08,33.00,33.560001,32.560001,33.529999,210100,33.529999
2013-04-05,32.810001,32.970001,32.50,32.810001,227300,32.810001
2013-04-04,33.169998,33.18,32.889999,33.150002,217300,33.150002
2013-04-03,33.619999,33.630001,32.84,33.049999,290800,33.049999
2013-04-02,33.740002,34.02,33.52,33.599998,191800,33.599998
2013-04-01,34.290001,34.540001,33.509998,33.689999,149700,33.689999
2013-03-28,34.34,34.450001,33.919998,34.299999,125300,34.299999
2013-03-27,34.209999,34.540001,33.68,34.279999,146000,34.279999
2013-03-26,34.830002,35.009998,34.23,34.540001,141000,34.540001
2013-03-25,35.119999,35.560001,34.25,34.50,161800,34.50
2013-03-22,35.43,35.50,34.779999,35.060001,147600,35.060001
2013-03-21,37.040001,37.040001,35.099998,35.25,316700,35.25
2013-03-20,37.330002,37.630001,37.02,37.400002,100200,37.400002
2013-03-19,38.369999,38.439999,36.709999,37.00,247100,37.00
2013-03-18,39.00,39.049999,37.939999,38.150002,196200,38.150002
2013-03-15,39.73,39.77,39.200001,39.549999,209700,39.549999
2013-03-14,39.240002,39.810001,39.240002,39.689999,129100,39.689999
2013-03-13,39.110001,39.27,38.950001,39.040001,75100,39.040001
2013-03-12,39.16,39.560001,38.75,39.150002,136000,39.150002
2013-03-11,39.50,39.50,38.880001,39.299999,292100,39.299999
2013-03-08,39.830002,40.029999,39.41,39.41,145800,39.41
2013-03-07,38.93,39.700001,38.459999,39.57,162200,39.57
2013-03-06,39.209999,39.209999,38.279999,38.84,162600,38.84
2013-03-05,38.119999,39.25,38.119999,38.82,171800,38.82
2013-03-04,38.02,38.400002,37.540001,37.889999,296700,37.889999
2013-03-01,38.23,38.560001,37.299999,38.34,219700,38.34
2013-02-28,39.080002,39.189999,38.540001,38.57,237900,38.57
2013-02-27,38.040001,39.439999,38.040001,39.080002,172200,39.080002
2013-02-26,38.470001,38.799999,37.950001,38.130001,176300,38.130001
2013-02-25,39.68,39.970001,38.330002,38.330002,240500,38.330002
2013-02-22,38.790001,39.400002,38.630001,39.299999,336500,39.299999
2013-02-21,40.619999,40.619999,38.00,38.50,395200,38.50
2013-02-20,41.130001,41.50,40.709999,40.77,329800,40.77
2013-02-19,41.00,42.119999,40.889999,41.419998,372600,41.419998
2013-02-15,42.169998,42.189999,40.580002,41.009998,375700,41.009998
2013-02-14,41.619999,42.299999,41.619999,41.970001,169100,41.970001
2013-02-13,41.759998,42.360001,41.240002,41.720001,239900,41.720001
2013-02-12,41.700001,42.560001,41.52,41.57,202500,41.57
2013-02-11,41.48,42.099998,41.25,41.740002,174400,41.740002
2013-02-08,41.380001,41.779999,41.290001,41.48,163900,41.48
2013-02-07,41.139999,41.529999,40.66,41.400002,209100,41.400002
2013-02-06,40.689999,41.099998,40.50,41.029999,235300,41.029999
2013-02-05,40.580002,41.459999,40.349998,41.00,284000,41.00
2013-02-04,40.630001,40.869999,39.619999,40.400002,315400,40.400002
2013-02-01,39.049999,40.790001,39.040001,40.66,399500,40.66
2013-01-31,38.939999,39.00,38.259998,38.73,344100,38.73
2013-01-30,39.779999,40.59,38.900002,39.099998,373200,39.099998
2013-01-29,38.299999,38.82,38.189999,38.75,137300,38.75
2013-01-28,38.110001,38.540001,37.52,38.310001,179300,38.310001
2013-01-25,37.799999,37.970001,37.279999,37.919998,193200,37.919998
2013-01-24,37.34,38.040001,37.23,37.720001,158400,37.720001
2013-01-23,37.310001,37.57,36.610001,37.310001,268500,37.310001
2013-01-22,36.009998,37.490002,36.009998,37.27,268400,37.27
2013-01-18,35.360001,35.959999,35.360001,35.830002,155400,35.830002
2013-01-17,34.93,35.459999,34.93,35.209999,88700,35.209999
2013-01-16,34.330002,34.950001,34.299999,34.669998,151000,34.669998
2013-01-15,33.84,34.389999,33.75,34.32,125000,34.32
2013-01-14,33.950001,34.040001,33.799999,34.00,84100,34.00
2013-01-11,34.200001,34.439999,33.919998,33.990002,167200,33.990002
2013-01-10,33.549999,34.50,33.380001,34.34,353600,34.34
2013-01-09,33.029999,33.25,32.790001,33.209999,186200,33.209999
2013-01-08,32.950001,33.27,32.599998,32.950001,251700,32.950001
2013-01-07,33.549999,33.549999,32.740002,33.060001,196500,33.060001
2013-01-04,33.669998,33.869999,33.119999,33.619999,351800,33.619999
2013-01-03,33.650002,33.799999,32.830002,33.43,252200,33.43
2013-01-02,32.970001,33.139999,31.790001,33.02,255000,33.02
2012-12-31,32.029999,32.59,31.74,32.130001,172500,32.130001
2012-12-28,31.049999,32.259998,30.860001,32.07,171200,32.07
2012-12-27,30.879999,31.40,30.23,31.34,114900,31.34
2012-12-26,31.33,31.35,30.950001,31.10,37300,31.10
2012-12-24,31.35,31.35,30.92,31.23,51100,31.23
2012-12-21,30.93,31.32,30.290001,31.17,292800,31.17
2012-12-20,31.040001,31.57,30.879999,31.33,76500,31.33
2012-12-19,30.75,31.190001,30.459999,30.950001,64300,30.950001
2012-12-18,30.58,30.940001,30.540001,30.74,77900,30.74
2012-12-17,29.889999,30.58,29.870001,30.549999,75200,30.549999
2012-12-14,29.76,29.950001,29.629999,29.809999,76200,29.809999
2012-12-13,29.57,29.98,29.57,29.84,59700,29.84
2012-12-12,29.879999,29.969999,29.49,29.58,86700,29.58
2012-12-11,29.02,29.73,28.93,29.65,68500,29.65
2012-12-10,28.74,28.99,28.60,28.969999,81000,28.969999
2012-12-07,28.860001,29.00,28.629999,28.709999,97700,28.709999
2012-12-06,28.68,28.809999,28.459999,28.75,74300,28.75
2012-12-05,28.360001,28.809999,28.17,28.709999,91300,28.709999
2012-12-04,28.15,28.299999,27.98,28.24,86300,28.24
2012-12-03,28.709999,29.00,27.99,28.200001,112800,28.200001
2012-11-30,28.360001,28.459999,27.83,28.370001,133700,28.370001
2012-11-29,28.690001,28.84,28.040001,28.299999,49600,28.299999
2012-11-28,28.51,28.60,28.10,28.469999,71000,28.469999
2012-11-27,28.459999,28.870001,27.879999,28.58,95900,28.58
2012-11-26,28.110001,28.52,27.889999,28.49,82500,28.49
2012-11-23,28.18,28.309999,28.08,28.309999,34600,28.309999
2012-11-21,28.040001,28.040001,27.379999,28.01,117400,28.01
2012-11-20,27.99,28.25,27.799999,28.00,122900,28.00
2012-11-19,27.780001,28.09,27.459999,28.02,78300,28.02
2012-11-16,27.17,27.370001,26.60,27.299999,110400,27.299999
2012-11-15,27.059999,27.35,27.00,27.209999,74400,27.209999
2012-11-14,27.780001,27.780001,27.02,27.15,86900,27.15
2012-11-13,27.33,28.09,27.299999,27.629999,118600,27.629999
2012-11-12,27.299999,27.50,26.85,27.49,75200,27.49
2012-11-09,26.41,27.459999,26.34,27.059999,95100,27.059999
2012-11-08,26.85,27.040001,26.51,26.52,78500,26.52
2012-11-07,27.52,27.540001,26.799999,26.83,98800,26.83
2012-11-06,27.98,28.08,27.66,28.00,101400,28.00
2012-11-05,27.24,27.809999,27.110001,27.790001,66700,27.790001
2012-11-02,27.32,27.32,26.77,27.120001,59900,27.120001
2012-11-01,26.49,27.379999,26.49,27.26,69300,27.26
2012-10-31,26.299999,26.870001,26.049999,26.85,120600,26.85
2012-10-26,27.01,27.030001,26.00,26.10,212200,26.10
2012-10-25,27.50,27.690001,27.030001,27.120001,91900,27.120001
2012-10-24,27.530001,27.530001,27.16,27.219999,40200,27.219999
2012-10-23,27.07,27.549999,26.84,27.40,344500,27.40
2012-10-22,27.110001,28.059999,27.110001,27.49,101600,27.49
2012-10-19,27.059999,27.450001,26.73,27.120001,121600,27.120001
2012-10-18,27.99,28.219999,27.15,27.309999,154300,27.309999
2012-10-17,27.51,29.440001,27.51,28.459999,290900,28.459999
2012-10-16,26.219999,26.83,26.219999,26.530001,134600,26.530001
2012-10-15,25.75,26.049999,25.59,26.049999,114300,26.049999
2012-10-12,25.84,25.84,25.50,25.66,64600,25.66
2012-10-11,26.10,26.32,25.889999,25.90,37200,25.90
2012-10-10,25.620001,25.91,25.58,25.780001,29600,25.780001
2012-10-09,25.870001,25.879999,25.540001,25.620001,36000,25.620001
2012-10-08,25.82,26.00,25.76,25.91,13700,25.91
2012-10-05,25.98,26.40,25.809999,26.00,21800,26.00
2012-10-04,25.43,25.940001,25.360001,25.82,40000,25.82
2012-10-03,25.860001,26.01,25.10,25.33,67900,25.33
2012-10-02,25.82,25.969999,25.610001,25.809999,38100,25.809999
2012-10-01,25.690001,26.09,25.450001,25.76,70800,25.76
2012-09-28,25.58,25.629999,25.32,25.450001,46400,25.450001
2012-09-27,25.17,25.92,25.01,25.74,59600,25.74
2012-09-26,25.309999,25.309999,24.83,25.030001,53800,25.030001
2012-09-25,26.15,26.27,25.299999,25.299999,65300,25.299999
2012-09-24,25.77,26.34,25.540001,26.030001,61200,26.030001
2012-09-21,26.35,26.360001,25.90,25.950001,268800,25.950001
2012-09-20,26.200001,26.370001,25.639999,25.98,107000,25.98
2012-09-19,26.90,26.950001,26.25,26.60,122800,26.60
2012-09-18,27.09,27.75,26.889999,26.90,104500,26.90
2012-09-17,27.60,27.610001,26.790001,27.129999,62300,27.129999
2012-09-14,27.450001,27.91,27.370001,27.809999,92200,27.809999
2012-09-13,26.559999,27.719999,26.389999,27.25,82100,27.25
2012-09-12,25.99,26.549999,25.83,26.549999,42900,26.549999
2012-09-11,25.77,26.15,25.52,25.879999,66600,25.879999
2012-09-10,26.440001,26.65,25.639999,25.67,80200,25.67
2012-09-07,26.08,26.639999,25.870001,26.469999,73600,26.469999
2012-09-06,25.08,25.99,24.870001,25.93,116200,25.93
2012-09-05,24.870001,25.200001,24.780001,24.84,67700,24.84
2012-09-04,24.51,24.879999,24.23,24.709999,56100,24.709999
2012-08-31,24.459999,24.76,24.219999,24.610001,149300,24.610001
2012-08-30,24.41,24.549999,24.200001,24.24,86800,24.24
2012-08-29,24.41,24.809999,24.25,24.60,58800,24.60
2012-08-28,24.110001,24.610001,23.92,24.379999,77500,24.379999
2012-08-27,24.07,24.57,24.030001,24.190001,54800,24.190001
2012-08-24,23.940001,24.23,23.83,23.98,40400,23.98
2012-08-23,24.07,24.440001,24.01,24.059999,87500,24.059999
2012-08-22,23.59,25.110001,23.59,24.120001,203200,24.120001
2012-08-21,23.610001,24.59,23.59,23.68,88500,23.68
2012-08-20,23.26,23.67,23.26,23.549999,35400,23.549999
2012-08-17,23.34,23.459999,23.15,23.290001,63300,23.290001
2012-08-16,22.15,23.48,22.139999,23.33,117200,23.33
2012-08-15,21.610001,22.66,21.610001,22.139999,206800,22.139999
2012-08-14,21.92,22.08,21.559999,21.709999,46400,21.709999
2012-08-13,21.76,21.91,21.34,21.76,44900,21.76
2012-08-10,21.870001,22.07,21.66,21.790001,52100,21.790001
2012-08-09,21.969999,22.34,21.85,21.940001,63400,21.940001
2012-08-08,21.60,22.10,21.60,21.969999,73000,21.969999
2012-08-07,21.450001,22.040001,21.370001,21.68,76000,21.68
2012-08-06,21.27,21.610001,21.209999,21.34,49200,21.34
2012-08-03,20.51,21.35,20.48,21.200001,71100,21.200001
2012-08-02,20.280001,20.40,19.76,20.129999,90800,20.129999
2012-08-01,21.440001,21.440001,20.52,20.52,89900,20.52
2012-07-31,21.15,21.49,21.059999,21.309999,103600,21.309999
2012-07-30,21.370001,21.629999,21.059999,21.26,158900,21.26
2012-07-27,20.639999,21.440001,20.26,21.35,72300,21.35
2012-07-26,21.01,21.01,20.18,20.469999,126800,20.469999
2012-07-25,20.00,21.51,19.860001,20.629999,189800,20.629999
2012-07-24,20.10,20.10,19.35,19.559999,177200,19.559999
2012-07-23,20.23,20.370001,19.85,20.07,140300,20.07
2012-07-20,21.610001,21.610001,20.49,20.709999,176800,20.709999
2012-07-19,22.639999,22.639999,21.60,21.83,89000,21.83
2012-07-18,22.50,22.77,22.450001,22.610001,47300,22.610001
2012-07-17,22.690001,22.77,22.16,22.66,34900,22.66
2012-07-16,23.049999,23.049999,22.33,22.58,86700,22.58
2012-07-13,22.549999,23.25,22.549999,23.190001,35700,23.190001
2012-07-12,22.370001,22.540001,22.120001,22.43,44400,22.43
2012-07-11,22.16,22.719999,21.959999,22.559999,66100,22.559999
2012-07-10,22.719999,22.74,21.950001,22.120001,116600,22.120001
2012-07-09,22.67,22.809999,22.51,22.530001,71400,22.530001
2012-07-06,22.559999,22.90,22.559999,22.84,65700,22.84
2012-07-05,23.049999,23.190001,22.860001,22.889999,108500,22.889999
2012-07-03,23.33,23.33,22.85,23.200001,91600,23.200001
2012-07-02,23.450001,23.450001,22.719999,23.41,114500,23.41
2012-06-29,23.709999,23.77,23.040001,23.43,124300,23.43
2012-06-28,22.719999,23.08,22.530001,23.07,78300,23.07
2012-06-27,22.60,23.18,22.469999,23.08,94400,23.08
2012-06-26,22.709999,22.870001,22.540001,22.60,85500,22.60
2012-06-25,22.690001,22.82,22.610001,22.67,110900,22.67
2012-06-22,22.860001,23.219999,22.809999,23.139999,202100,23.139999
2012-06-21,23.09,23.16,22.57,22.620001,141700,22.620001
2012-06-20,22.700001,23.219999,22.389999,23.129999,103700,23.129999
2012-06-19,22.17,22.75,21.75,22.700001,129700,22.700001
2012-06-18,22.26,22.34,21.92,21.940001,127600,21.940001
2012-06-15,21.40,22.59,21.35,22.50,185700,22.50
2012-06-14,21.32,21.41,21.040001,21.309999,102600,21.309999
2012-06-13,21.43,21.73,21.219999,21.32,77100,21.32
2012-06-12,21.280001,21.690001,20.940001,21.52,187600,21.52
2012-06-11,22.030001,22.030001,21.15,21.16,146000,21.16
2012-06-08,21.370001,21.82,21.10,21.73,159000,21.73
2012-06-07,21.67,21.969999,21.360001,21.43,149600,21.43
2012-06-06,20.790001,21.33,20.790001,21.290001,212300,21.290001
2012-06-05,20.48,20.91,20.370001,20.74,127100,20.74
2012-06-04,21.120001,21.209999,20.43,20.530001,87200,20.530001
2012-06-01,21.459999,21.459999,20.879999,21.01,135900,21.01
2012-05-31,21.629999,22.059999,21.41,21.91,118000,21.91
2012-05-30,21.469999,21.709999,21.26,21.620001,95400,21.620001
2012-05-29,21.52,21.860001,21.440001,21.799999,67800,21.799999
2012-05-25,21.209999,21.49,21.209999,21.299999,103800,21.299999
2012-05-24,21.02,21.290001,20.809999,21.27,94200,21.27
2012-05-23,20.60,21.030001,20.27,20.959999,95000,20.959999
2012-05-22,20.93,21.49,20.709999,20.90,97100,20.90
2012-05-21,20.780001,21.26,20.719999,20.860001,130100,20.860001
2012-05-18,21.10,21.10,20.299999,20.74,172300,20.74
2012-05-17,21.129999,21.58,20.99,21.129999,115700,21.129999
2012-05-16,21.959999,22.23,21.120001,21.139999,139200,21.139999
2012-05-15,21.690001,22.25,21.690001,21.84,155000,21.84
2012-05-14,21.90,21.969999,21.51,21.629999,135400,21.629999
2012-05-11,21.77,22.43,21.77,22.27,130000,22.27
2012-05-10,22.879999,23.10,22.389999,22.42,117300,22.42
2012-05-09,22.41,22.690001,22.120001,22.58,149000,22.58
2012-05-08,22.379999,22.98,22.280001,22.809999,173000,22.809999
2012-05-07,22.799999,23.059999,22.60,22.65,195000,22.65
2012-05-04,23.32,23.379999,22.66,22.969999,106500,22.969999
2012-05-03,24.02,24.190001,23.469999,23.540001,90000,23.540001
2012-05-02,24.290001,24.32,23.799999,24.09,71000,24.09
2012-05-01,24.309999,25.08,24.25,24.58,111800,24.58
2012-04-30,24.610001,24.610001,24.190001,24.25,90000,24.25
2012-04-27,24.34,24.780001,23.889999,24.74,68300,24.74
2012-04-26,24.18,24.49,24.07,24.32,217900,24.32
2012-04-25,24.58,25.040001,24.110001,24.32,156100,24.32
2012-04-24,24.24,24.639999,24.02,24.26,144600,24.26
2012-04-23,24.02,24.23,23.790001,24.16,166900,24.16
2012-04-20,24.690001,24.780001,24.120001,24.23,89600,24.23
2012-04-19,24.58,24.709999,23.90,24.450001,212000,24.450001
2012-04-18,25.00,25.00,23.76,24.450001,211200,24.450001
2012-04-17,25.299999,25.84,25.07,25.41,171000,25.41
2012-04-16,25.059999,25.290001,24.57,25.030001,224100,25.030001
2012-04-13,26.040001,26.049999,24.75,24.809999,198100,24.809999
2012-04-12,25.92,26.540001,25.780001,26.24,206500,26.24
2012-04-11,25.65,25.91,25.23,25.870001,134600,25.870001
2012-04-10,25.549999,25.90,25.15,25.17,196700,25.17
2012-04-09,25.309999,25.809999,25.24,25.41,195400,25.41
2012-04-05,26.01,26.48,25.780001,25.99,110600,25.99
2012-04-04,26.16,26.50,25.889999,26.07,116200,26.07
2012-04-03,27.33,27.33,26.49,26.629999,145000,26.629999
2012-04-02,26.559999,27.459999,26.34,27.459999,164900,27.459999
2012-03-30,26.889999,27.09,26.52,26.620001,78100,26.620001
2012-03-29,26.549999,26.879999,26.15,26.66,65300,26.66
2012-03-28,26.879999,27.15,26.450001,26.809999,74900,26.809999
2012-03-27,27.17,27.50,26.90,26.91,89800,26.91
2012-03-26,27.26,27.43,27.01,27.200001,148100,27.200001
2012-03-23,26.07,27.02,25.889999,26.90,199900,26.90
2012-03-22,26.549999,26.77,26.01,26.120001,136200,26.120001
2012-03-21,27.299999,27.49,26.870001,26.889999,109400,26.889999
2012-03-20,26.92,27.43,26.65,27.200001,173900,27.200001
2012-03-19,27.01,27.690001,26.74,27.01,193000,27.01
2012-03-16,27.17,27.34,26.83,27.09,191400,27.09
2012-03-15,26.190001,27.17,26.040001,27.10,171400,27.10
2012-03-14,26.299999,26.77,25.950001,26.129999,149900,26.129999
2012-03-13,25.15,26.370001,24.90,26.280001,247600,26.280001
2012-03-12,25.059999,25.24,24.60,24.870001,113300,24.870001
2012-03-09,24.32,25.27,24.18,25.08,131300,25.08
2012-03-08,24.309999,24.389999,23.950001,24.309999,84900,24.309999
2012-03-07,23.870001,24.139999,23.67,24.09,90700,24.09
2012-03-06,24.10,24.280001,23.540001,23.74,104800,23.74
2012-03-05,24.17,24.65,23.940001,24.50,116500,24.50
2012-03-02,25.08,25.27,24.23,24.32,169900,24.32
2012-03-01,25.66,26.98,24.98,25.030001,497900,25.030001
2012-02-29,24.66,25.27,24.549999,24.58,168000,24.58
2012-02-28,23.780001,24.860001,23.60,24.610001,166600,24.610001
2012-02-27,23.75,24.049999,23.15,23.780001,112400,23.780001
2012-02-24,23.60,24.040001,23.50,23.93,109600,23.93
2012-02-23,22.950001,23.68,22.75,23.68,106700,23.68
2012-02-22,23.40,23.40,22.790001,22.860001,100100,22.860001
2012-02-21,23.77,24.219999,23.280001,23.440001,126300,23.440001
2012-02-17,24.00,24.129999,23.66,23.85,95700,23.85
2012-02-16,23.00,24.030001,22.780001,23.959999,112900,23.959999
2012-02-15,23.360001,23.43,22.879999,23.08,124300,23.08
2012-02-14,23.530001,23.60,22.780001,23.27,124900,23.27
2012-02-13,23.43,23.940001,23.43,23.77,92300,23.77
2012-02-10,23.299999,23.540001,22.99,23.07,83100,23.07
2012-02-09,24.18,24.43,23.58,23.610001,110300,23.610001
2012-02-08,23.860001,24.49,23.809999,24.120001,150800,24.120001
2012-02-07,24.139999,24.139999,23.67,23.82,159600,23.82
2012-02-06,24.360001,24.610001,24.059999,24.23,123300,24.23
2012-02-03,23.870001,24.889999,23.690001,24.540001,227400,24.540001
2012-02-02,23.120001,23.82,23.049999,23.40,192000,23.40
2012-02-01,22.450001,23.34,22.360001,23.120001,189500,23.120001
2012-01-31,22.33,23.02,21.90,22.25,355400,22.25
2012-01-30,21.75,22.450001,21.540001,22.08,189000,22.08
2012-01-27,21.799999,21.950001,21.629999,21.879999,218900,21.879999
2012-01-26,22.01,22.799999,21.41,21.82,408000,21.82
2012-01-25,24.469999,24.469999,20.799999,21.209999,958800,21.209999
2012-01-24,24.950001,25.27,24.540001,24.780001,189700,24.780001
2012-01-23,24.90,25.41,24.90,25.16,94600,25.16
2012-01-20,24.610001,25.110001,24.389999,25.02,108600,25.02
2012-01-19,23.17,24.709999,23.17,24.58,215900,24.58
2012-01-18,22.25,23.200001,22.25,23.049999,156400,23.049999
2012-01-17,22.48,22.75,22.10,22.24,187900,22.24
2012-01-13,21.940001,22.780001,21.91,22.280001,150900,22.280001
2012-01-12,22.129999,22.549999,21.690001,22.379999,102900,22.379999
2012-01-11,22.16,22.26,21.889999,22.02,127000,22.02
2012-01-10,21.950001,22.299999,21.799999,22.290001,87900,22.290001
2012-01-09,21.309999,21.690001,21.040001,21.59,161900,21.59
2012-01-06,21.08,21.440001,20.73,21.23,114700,21.23
2012-01-05,20.809999,21.389999,20.48,21.09,68900,21.09
2012-01-04,21.059999,21.209999,20.780001,21.030001,97700,21.030001
2012-01-03,20.790001,21.43,20.780001,21.209999,116700,21.209999
2011-12-30,20.24,20.40,19.870001,20.200001,128100,20.200001
2011-12-29,19.98,20.389999,19.98,20.33,94100,20.33
2011-12-28,20.32,20.43,19.83,19.85,108700,19.85
2011-12-27,20.33,20.610001,20.219999,20.32,65600,20.32
2011-12-23,20.85,20.85,20.26,20.43,58300,20.43
2011-12-22,20.23,20.889999,20.07,20.709999,100000,20.709999
2011-12-21,19.950001,20.16,19.51,20.129999,131000,20.129999
2011-12-20,19.610001,20.15,19.48,20.110001,170900,20.110001
2011-12-19,20.16,20.48,19.040001,19.139999,131600,19.139999
2011-12-16,20.290001,20.83,19.790001,19.99,295300,19.99
2011-12-15,20.24,20.35,19.940001,20.18,139600,20.18
2011-12-14,19.870001,20.17,19.75,19.90,287200,19.90
2011-12-13,20.90,20.98,19.799999,20.120001,181600,20.120001
2011-12-12,21.42,21.42,20.35,20.620001,212500,20.620001
2011-12-09,21.120001,22.049999,21.030001,21.82,177200,21.82
2011-12-08,21.65,21.690001,20.77,20.99,203400,20.99
2011-12-07,21.10,22.049999,20.85,21.950001,180000,21.950001
2011-12-06,21.309999,21.559999,21.09,21.280001,196300,21.280001
2011-12-05,20.82,21.51,20.67,21.360001,232500,21.360001
2011-12-02,21.00,21.65,20.120001,20.299999,370000,20.299999
2011-12-01,20.530001,20.799999,20.049999,20.620001,147400,20.620001
2011-11-30,20.549999,20.709999,19.700001,20.700001,332200,20.700001
2011-11-29,19.610001,19.77,19.27,19.43,164900,19.43
2011-11-28,19.33,19.67,19.190001,19.59,151700,19.59
2011-11-25,18.33,18.83,18.26,18.43,54500,18.43
2011-11-23,18.84,18.84,18.42,18.469999,134900,18.469999
2011-11-22,19.98,20.09,19.059999,19.10,106100,19.10
2011-11-21,19.860001,20.299999,19.77,20.07,204200,20.07
2011-11-18,20.469999,20.57,20.25,20.370001,143200,20.370001
2011-11-17,20.18,20.51,20.15,20.35,313800,20.35
2011-11-16,20.469999,20.629999,20.17,20.23,186500,20.23
2011-11-15,20.18,20.889999,19.959999,20.82,137100,20.82
2011-11-14,19.870001,21.23,19.870001,20.34,158200,20.34
2011-11-11,20.59,21.379999,20.48,21.23,314200,21.23
2011-11-10,19.99,20.379999,19.91,20.280001,295600,20.280001
2011-11-09,20.059999,20.25,19.40,19.530001,294300,19.530001
2011-11-08,20.17,21.02,20.110001,20.790001,307600,20.790001
2011-11-07,19.57,20.129999,19.549999,20.00,494900,20.00
2011-11-04,19.91,20.040001,19.309999,19.68,214200,19.68
2011-11-03,20.77,20.959999,19.85,20.200001,341200,20.200001
2011-11-02,20.370001,20.559999,19.809999,20.41,212900,20.41
2011-11-01,19.620001,20.219999,19.18,19.92,383600,19.92
2011-10-31,21.92,22.40,20.74,20.76,199700,20.76
2011-10-28,21.40,22.35,21.40,21.950001,458800,21.950001
2011-10-27,20.43,21.879999,20.110001,21.690001,735700,21.690001
2011-10-26,18.43,19.35,18.35,18.99,333300,18.99
2011-10-25,18.450001,18.620001,18.00,18.030001,250800,18.030001
2011-10-24,18.190001,18.84,18.02,18.700001,267000,18.700001
2011-10-21,18.42,18.42,17.65,18.059999,215300,18.059999
2011-10-20,18.42,18.540001,17.23,18.030001,196500,18.030001
2011-10-19,18.50,19.190001,18.139999,18.450001,277500,18.450001
2011-10-18,19.290001,20.48,19.059999,20.18,268500,20.18
2011-10-17,19.73,19.879999,19.00,19.110001,110300,19.110001
2011-10-14,20.10,20.16,19.370001,19.950001,74100,19.950001
2011-10-13,20.17,20.35,19.290001,19.809999,94600,19.809999
2011-10-12,19.709999,20.709999,19.709999,20.40,130700,20.40
2011-10-11,19.209999,19.73,19.08,19.530001,76400,19.530001
2011-10-10,18.67,19.50,18.67,19.49,138100,19.49
2011-10-07,19.219999,19.219999,18.08,18.200001,139000,18.200001
2011-10-06,18.25,19.17,17.90,19.139999,105000,19.139999
2011-10-05,18.780001,18.799999,17.73,18.35,166600,18.35
2011-10-04,16.719999,18.92,16.719999,18.809999,219200,18.809999
2011-10-03,17.90,18.24,16.99,16.99,318600,16.99
2011-09-30,18.68,18.950001,17.90,17.93,209900,17.93
2011-09-29,18.98,19.16,18.389999,19.07,163200,19.07
2011-09-28,20.129999,20.129999,18.459999,18.52,239200,18.52
2011-09-27,20.059999,20.91,19.860001,20.059999,234300,20.059999
2011-09-26,19.49,19.610001,18.690001,19.43,206300,19.43
2011-09-23,18.25,19.34,18.25,19.17,137300,19.17
2011-09-22,18.200001,19.040001,18.139999,18.299999,236700,18.299999
2011-09-21,20.10,20.26,18.83,18.85,232200,18.85
2011-09-20,20.82,21.01,20.030001,20.049999,95400,20.049999
2011-09-19,20.969999,21.02,20.440001,20.76,114100,20.76
2011-09-16,21.60,21.60,20.84,21.51,200800,21.51
2011-09-15,21.049999,21.50,20.76,21.42,140800,21.42
2011-09-14,20.809999,21.040001,20.120001,20.780001,184200,20.780001
2011-09-13,21.030001,21.35,20.42,20.530001,171200,20.530001
2011-09-12,20.200001,20.92,20.190001,20.879999,103800,20.879999
2011-09-09,20.559999,20.950001,20.35,20.57,168100,20.57
2011-09-08,22.07,22.190001,20.879999,20.940001,93700,20.940001
2011-09-07,21.459999,22.50,21.34,22.360001,108500,22.360001
2011-09-06,20.52,21.389999,20.459999,21.02,265600,21.02
2011-09-02,21.860001,22.16,21.27,21.299999,191600,21.299999
2011-09-01,23.809999,24.08,22.50,22.610001,130500,22.610001
2011-08-31,23.76,23.99,23.35,23.83,168900,23.83
2011-08-30,23.540001,23.85,22.92,23.51,115800,23.51
2011-08-29,22.34,23.799999,22.33,23.77,144000,23.77
2011-08-26,21.450001,22.16,21.01,21.940001,70500,21.940001
2011-08-25,22.709999,23.10,21.459999,21.65,126300,21.65
2011-08-24,22.00,22.85,21.77,22.379999,108300,22.379999
2011-08-23,20.959999,22.040001,20.58,22.02,113600,22.02
2011-08-22,21.74,21.83,20.74,20.90,130600,20.90
2011-08-19,21.52,22.07,20.99,21.08,170400,21.08
2011-08-18,22.73,22.77,21.73,21.969999,203300,21.969999
2011-08-17,23.74,24.18,23.57,23.67,262200,23.67
2011-08-16,23.559999,23.940001,23.10,23.52,120900,23.52
2011-08-15,23.74,24.35,23.65,24.00,198600,24.00
2011-08-12,24.59,24.90,23.24,23.370001,117500,23.370001
2011-08-11,23.07,24.690001,22.370001,24.16,437900,24.16
2011-08-10,24.34,24.549999,22.709999,22.870001,319200,22.870001
2011-08-09,23.799999,26.700001,22.389999,25.309999,318500,25.309999
2011-08-08,25.700001,26.389999,23.030001,23.030001,200900,23.030001
2011-08-05,27.459999,27.940001,26.129999,26.41,260600,26.41
2011-08-04,28.23,28.700001,27.129999,27.139999,209900,27.139999
2011-08-03,27.90,28.99,27.709999,28.58,133500,28.58
2011-08-02,29.00,29.48,27.82,27.860001,109800,27.860001
2011-08-01,30.02,30.27,29.040001,29.25,104400,29.25
2011-07-29,29.49,30.110001,28.93,29.48,108300,29.48
2011-07-28,29.530001,30.389999,29.40,29.82,152100,29.82
2011-07-27,30.84,30.90,29.389999,29.530001,147800,29.530001
2011-07-26,31.40,31.66,30.77,30.92,172500,30.92
2011-07-25,31.50,31.959999,31.290001,31.50,132300,31.50
2011-07-22,32.130001,32.720001,31.690001,31.870001,160000,31.870001
2011-07-21,30.85,32.50,30.85,32.00,190600,32.00
2011-07-20,28.00,31.60,28.00,30.85,540900,30.85
2011-07-19,26.620001,27.16,26.50,27.139999,127500,27.139999
2011-07-18,27.15,27.25,26.08,26.540001,84100,26.540001
2011-07-15,27.360001,27.360001,26.959999,27.209999,66600,27.209999
2011-07-14,27.93,27.98,26.98,27.15,102400,27.15
2011-07-13,27.809999,28.370001,27.559999,27.75,91800,27.75
2011-07-12,27.290001,27.82,27.219999,27.68,149800,27.68
2011-07-11,28.059999,28.209999,27.32,27.469999,75700,27.469999
2011-07-08,28.91,29.16,28.290001,28.50,120000,28.50
2011-07-07,28.190001,29.49,27.98,29.440001,235900,29.440001
2011-07-06,28.40,28.50,27.84,27.93,118700,27.93
2011-07-05,28.790001,28.940001,28.450001,28.59,74600,28.59
2011-07-01,28.73,29.23,28.73,28.92,118500,28.92
2011-06-30,28.610001,29.00,28.450001,28.809999,77100,28.809999
2011-06-29,28.17,28.549999,27.65,28.469999,77500,28.469999
2011-06-28,28.49,28.58,27.76,27.959999,73800,27.959999
2011-06-27,27.90,28.59,27.870001,28.370001,78200,28.370001
2011-06-24,28.799999,28.879999,27.50,28.01,260400,28.01
2011-06-23,28.65,28.780001,28.200001,28.75,43600,28.75
2011-06-22,28.940001,29.49,28.92,28.950001,74200,28.950001
2011-06-21,29.379999,29.620001,29.16,29.200001,109000,29.200001
2011-06-20,29.15,29.65,29.15,29.35,88200,29.35
2011-06-17,29.35,29.73,29.01,29.290001,159800,29.290001
2011-06-16,29.129999,29.59,28.870001,29.08,97200,29.08
2011-06-15,29.43,29.940001,28.92,29.059999,57800,29.059999
2011-06-14,29.280001,29.950001,29.25,29.77,133400,29.77
2011-06-13,29.58,29.67,28.940001,29.01,136100,29.01
2011-06-10,29.90,29.99,29.10,29.530001,78500,29.530001
2011-06-09,29.879999,30.24,29.83,30.10,103700,30.10
2011-06-08,30.360001,30.719999,29.68,29.73,147200,29.73
2011-06-07,30.860001,31.059999,30.370001,30.51,78300,30.51
2011-06-06,31.10,31.290001,30.50,30.57,81700,30.57
2011-06-03,31.309999,31.709999,31.040001,31.24,69600,31.24
2011-06-02,32.23,32.419998,31.50,31.77,64500,31.77
2011-06-01,33.169998,33.169998,31.93,32.110001,160400,32.110001
2011-05-31,33.650002,33.709999,32.779999,33.220001,233000,33.220001
2011-05-27,32.68,33.400002,32.529999,33.27,68700,33.27
2011-05-26,32.599998,32.75,31.940001,32.48,51800,32.48
2011-05-25,32.349998,33.029999,32.189999,32.759998,70900,32.759998
2011-05-24,32.169998,32.459999,32.07,32.389999,84100,32.389999
2011-05-23,32.330002,32.700001,32.150002,32.18,66600,32.18
2011-05-20,32.389999,33.169998,32.389999,32.75,78500,32.75
2011-05-19,33.119999,33.32,32.470001,32.59,65300,32.59
2011-05-18,31.969999,32.98,31.83,32.889999,179400,32.889999
2011-05-17,32.18,32.23,31.50,31.84,126500,31.84
2011-05-16,32.48,32.84,32.279999,32.41,79200,32.41
2011-05-13,34.07,34.139999,32.43,32.639999,71100,32.639999
2011-05-12,33.189999,34.700001,33.009998,34.049999,99000,34.049999
2011-05-11,33.970001,34.200001,32.810001,33.369999,79300,33.369999
2011-05-10,33.919998,34.580002,33.689999,34.189999,93400,34.189999
2011-05-09,33.529999,33.799999,33.220001,33.75,49000,33.75
2011-05-06,34.049999,34.279999,33.389999,33.599998,61500,33.599998
2011-05-05,34.029999,34.27,33.16,33.630001,72800,33.630001
2011-05-04,34.75,34.82,34.09,34.25,67000,34.25
2011-05-03,34.900002,35.290001,34.66,34.810001,79000,34.810001
2011-05-02,36.029999,36.029999,34.880001,34.900002,77000,34.900002
2011-04-29,36.07,36.220001,35.82,35.849998,86000,35.849998
2011-04-28,35.41,36.130001,35.32,36.009998,127200,36.009998
2011-04-27,35.360001,35.619999,35.049999,35.540001,90000,35.540001
2011-04-26,35.419998,35.860001,35.25,35.360001,150700,35.360001
2011-04-25,35.009998,35.459999,34.959999,35.25,105900,35.25
2011-04-21,35.98,35.98,34.799999,35.110001,130100,35.110001
2011-04-20,36.900002,37.00,34.509998,35.869999,779400,35.869999
2011-04-19,38.060001,38.619999,37.849998,37.939999,191800,37.939999
2011-04-18,37.529999,38.150002,37.450001,37.880001,170300,37.880001
2011-04-15,37.639999,38.450001,37.439999,38.169998,185100,38.169998
2011-04-14,37.450001,37.98,37.240002,37.77,144400,37.77
2011-04-13,39.060001,39.450001,37.490002,37.599998,253100,37.599998
2011-04-12,39.52,39.639999,38.830002,38.849998,295000,38.849998
2011-04-11,39.700001,40.02,39.560001,39.950001,130000,39.950001
2011-04-08,40.43,40.459999,39.290001,39.75,204000,39.75
2011-04-07,40.990002,41.279999,40.09,40.299999,91700,40.299999
2011-04-06,41.290001,41.360001,40.299999,41.09,219600,41.09
2011-04-05,41.349998,41.50,41.009998,41.299999,93800,41.299999
2011-04-04,42.139999,42.25,41.380001,41.459999,130900,41.459999
2011-04-01,41.869999,42.25,41.779999,42.169998,123900,42.169998
2011-03-31,40.939999,41.450001,40.810001,41.43,127100,41.43
2011-03-30,40.310001,41.110001,40.18,41.07,164700,41.07
2011-03-29,40.049999,40.560001,39.84,40.279999,117000,40.279999
2011-03-28,40.189999,40.310001,39.860001,40.130001,186500,40.130001
2011-03-25,39.68,40.110001,39.380001,40.009998,244200,40.009998
2011-03-24,39.77,39.959999,39.209999,39.490002,105900,39.490002
2011-03-23,39.860001,39.91,38.869999,39.490002,126100,39.490002
2011-03-22,40.98,41.110001,39.880001,39.919998,76000,39.919998
2011-03-21,41.150002,41.639999,40.630001,40.880001,88500,40.880001
2011-03-18,39.950001,40.990002,39.540001,40.459999,211800,40.459999
2011-03-17,40.110001,40.110001,39.029999,39.259998,131700,39.259998
2011-03-16,40.130001,40.360001,39.200001,39.34,81900,39.34
2011-03-15,40.799999,40.900002,39.389999,40.360001,106800,40.360001
2011-03-14,40.459999,41.16,40.459999,41.060001,80100,41.060001
2011-03-11,41.07,41.32,40.779999,40.970001,141800,40.970001
2011-03-10,41.84,42.00,41.16,41.459999,181800,41.459999
2011-03-09,42.919998,43.310001,42.32,42.43,439400,42.43
2011-03-08,42.689999,43.330002,41.900002,43.099998,155500,43.099998
2011-03-07,42.459999,42.720001,41.779999,42.700001,194200,42.700001
2011-03-04,42.41,42.470001,41.950001,42.459999,173900,42.459999
2011-03-03,41.919998,42.419998,41.560001,42.41,143100,42.41
2011-03-02,40.200001,41.509998,40.07,41.32,123600,41.32
2011-03-01,41.41,41.41,40.299999,40.360001,201100,40.360001
2011-02-28,40.93,41.209999,40.52,41.150002,190100,41.150002
2011-02-25,39.400002,40.509998,39.220001,40.509998,147900,40.509998
2011-02-24,39.099998,40.650002,39.080002,39.299999,215200,39.299999
2011-02-23,40.48,40.560001,39.00,39.02,234000,39.02
2011-02-22,42.66,42.889999,40.41,40.450001,185600,40.450001
2011-02-18,43.490002,44.560001,43.139999,43.419998,208900,43.419998
2011-02-17,43.02,44.049999,42.779999,43.540001,97500,43.540001
2011-02-16,42.459999,43.450001,42.380001,43.130001,154200,43.130001
2011-02-15,42.549999,42.98,42.23,42.34,87100,42.34
2011-02-14,42.07,42.73,41.939999,42.630001,60700,42.630001
2011-02-11,41.279999,42.259998,41.07,42.25,69900,42.25
2011-02-10,41.50,41.75,41.049999,41.560001,81100,41.560001
2011-02-09,41.389999,41.779999,40.98,41.779999,73400,41.779999
2011-02-08,42.779999,42.849998,41.439999,41.619999,157100,41.619999
2011-02-07,41.84,42.950001,41.68,42.900002,66900,42.900002
2011-02-04,41.650002,41.990002,40.84,41.720001,103600,41.720001
2011-02-03,42.77,42.860001,41.389999,41.77,119900,41.77
2011-02-02,43.419998,43.830002,42.84,42.900002,58000,42.900002
2011-02-01,42.240002,43.790001,41.720001,43.50,111700,43.50
2011-01-31,42.41,42.709999,41.75,41.799999,142300,41.799999
2011-01-28,42.869999,43.400002,41.50,41.790001,148900,41.790001
2011-01-27,41.00,44.209999,40.509998,42.950001,434200,42.950001
2011-01-26,39.50,42.099998,39.200001,41.93,587900,41.93
2011-01-25,35.880001,36.189999,35.689999,36.060001,74300,36.060001
2011-01-24,36.099998,36.650002,35.91,36.080002,108000,36.080002
2011-01-21,36.529999,36.720001,36.00,36.080002,78100,36.080002
2011-01-20,36.91,37.34,36.150002,36.23,67300,36.23
2011-01-19,37.66,37.77,36.959999,36.990002,158000,36.990002
2011-01-18,37.549999,38.16,37.439999,37.880001,111000,37.880001
2011-01-14,36.580002,37.720001,36.360001,37.66,125800,37.66
2011-01-13,36.34,36.93,36.150002,36.470001,70700,36.470001
2011-01-12,36.25,36.43,35.939999,36.220001,78100,36.220001
2011-01-11,36.75,37.00,35.400002,35.869999,64300,35.869999
2011-01-10,36.060001,37.169998,35.639999,36.50,97000,36.50
2011-01-07,36.869999,36.869999,35.650002,36.23,97100,36.23
2011-01-06,36.389999,37.529999,36.110001,36.75,99100,36.75
2011-01-05,35.630001,36.400002,35.380001,36.32,93000,36.32
2011-01-04,35.98,35.98,35.18,35.68,103300,35.68
2011-01-03,35.470001,35.900002,35.110001,35.759998,90000,35.759998
2010-12-31,35.32,35.459999,34.84,35.009998,67700,35.009998
2010-12-30,35.400002,35.740002,35.200001,35.43,42500,35.43
2010-12-29,35.619999,35.73,35.27,35.360001,27300,35.360001
2010-12-28,35.299999,35.919998,35.299999,35.599998,62800,35.599998
2010-12-27,35.09,35.630001,34.900002,35.57,26700,35.57
2010-12-23,35.419998,35.669998,35.00,35.189999,39900,35.189999
2010-12-22,35.209999,35.599998,35.119999,35.470001,35100,35.470001
2010-12-21,34.360001,35.25,34.360001,35.189999,54700,35.189999
2010-12-20,34.619999,34.779999,34.119999,34.240002,58800,34.240002
2010-12-17,33.720001,35.00,33.240002,34.549999,335900,34.549999
2010-12-16,32.959999,33.810001,32.470001,33.740002,82400,33.740002
2010-12-15,32.900002,33.619999,32.75,32.869999,124500,32.869999
2010-12-14,32.970001,33.09,32.720001,32.919998,63100,32.919998
2010-12-13,33.349998,33.360001,32.73,32.830002,72900,32.830002
2010-12-10,33.189999,33.330002,32.419998,33.25,159300,33.25
2010-12-09,33.459999,33.459999,33.080002,33.16,52100,33.16
2010-12-08,33.18,33.669998,33.07,33.189999,159000,33.189999
2010-12-07,32.830002,33.50,32.619999,33.119999,95000,33.119999
2010-12-06,31.84,32.50,31.719999,32.43,73900,32.43
2010-12-03,31.83,32.16,31.700001,31.959999,114200,31.959999
2010-12-02,31.42,32.209999,31.309999,32.00,86200,32.00
2010-12-01,30.52,31.459999,30.52,31.32,119600,31.32
2010-11-30,30.120001,30.25,29.299999,29.969999,157100,29.969999
2010-11-29,30.309999,30.50,29.83,30.49,50400,30.49
2010-11-26,30.68,30.83,30.26,30.469999,19200,30.469999
2010-11-24,30.65,31.08,30.65,30.889999,94500,30.889999
2010-11-23,30.360001,30.860001,30.299999,30.41,58400,30.41
2010-11-22,31.219999,31.23,30.35,30.75,51000,30.75
2010-11-19,31.370001,31.52,31.18,31.379999,56200,31.379999
2010-11-18,31.700001,31.82,31.370001,31.50,76300,31.50
2010-11-17,31.74,31.77,31.120001,31.280001,55500,31.280001
2010-11-16,32.240002,32.310001,31.32,31.700001,80500,31.700001
2010-11-15,32.84,33.080002,32.369999,32.549999,41200,32.549999
2010-11-12,32.799999,32.98,32.52,32.57,45300,32.57
2010-11-11,33.34,33.619999,32.889999,33.150002,44400,33.150002
2010-11-10,33.34,33.75,33.009998,33.720001,64300,33.720001
2010-11-09,34.25,34.25,33.099998,33.310001,74000,33.310001
2010-11-08,34.349998,34.50,34.099998,34.200001,69400,34.200001
2010-11-05,32.77,34.830002,32.599998,34.52,185400,34.52
2010-11-04,31.940001,32.75,31.77,32.709999,89300,32.709999
2010-11-03,31.809999,31.809999,30.940001,31.450001,73900,31.450001
2010-11-02,31.540001,31.93,31.219999,31.709999,85100,31.709999
2010-11-01,31.16,31.610001,30.780001,31.16,144700,31.16
2010-10-29,30.32,31.110001,30.129999,30.969999,178800,30.969999
2010-10-28,30.190001,30.49,29.99,30.370001,121400,30.370001
2010-10-27,29.34,30.00,29.299999,29.940001,149200,29.940001
2010-10-26,29.309999,29.82,29.059999,29.629999,111000,29.629999
2010-10-25,29.35,29.83,29.00,29.610001,95700,29.610001
2010-10-22,29.51,29.76,29.01,29.18,71300,29.18
2010-10-21,30.139999,30.15,28.90,29.41,136500,29.41
2010-10-20,30.440001,30.860001,29.57,29.90,125700,29.90
2010-10-19,30.219999,30.68,29.52,29.73,122600,29.73
2010-10-18,29.98,30.75,29.90,30.60,69900,30.60
2010-10-15,30.76,31.049999,29.83,29.92,151600,29.92
2010-10-14,29.889999,30.60,29.719999,30.60,163500,30.60
2010-10-13,29.290001,30.040001,29.110001,29.84,110700,29.84
2010-10-12,28.879999,29.26,28.559999,29.09,70400,29.09
2010-10-11,28.77,29.139999,28.75,29.059999,118100,29.059999
2010-10-08,28.77,29.040001,28.51,28.82,82300,28.82
2010-10-07,29.040001,29.23,28.540001,28.639999,81000,28.639999
2010-10-06,29.629999,29.83,28.629999,28.91,121400,28.91
2010-10-05,29.00,29.98,28.629999,29.84,79800,29.84
2010-10-04,29.389999,29.52,28.129999,28.59,106800,28.59
2010-10-01,29.370001,29.58,29.049999,29.389999,76900,29.389999
2010-09-30,29.559999,29.99,29.08,29.129999,108800,29.129999
2010-09-29,29.09,29.469999,28.700001,29.26,74300,29.26
2010-09-28,28.969999,29.309999,28.280001,29.200001,92400,29.200001
2010-09-27,29.889999,29.99,28.84,28.98,85000,28.98
2010-09-24,29.48,29.90,28.870001,29.809999,137800,29.809999
2010-09-23,28.540001,29.18,28.00,28.950001,171800,28.950001
2010-09-22,29.190001,29.190001,28.40,28.709999,188600,28.709999
2010-09-21,30.02,30.040001,29.15,29.23,89100,29.23
2010-09-20,29.32,30.059999,28.879999,29.959999,159300,29.959999
2010-09-17,30.469999,30.48,29.23,29.23,241000,29.23
2010-09-16,30.290001,30.290001,29.76,30.139999,66200,30.139999
2010-09-15,30.34,30.59,29.66,30.379999,72200,30.379999
2010-09-14,31.16,31.200001,30.41,30.49,91000,30.49
2010-09-13,29.25,31.27,29.25,31.17,209600,31.17
2010-09-10,28.90,29.01,28.629999,28.809999,66400,28.809999
2010-09-09,29.18,29.459999,28.620001,28.74,88500,28.74
2010-09-08,28.709999,29.07,28.52,28.73,101900,28.73
2010-09-07,29.66,29.73,28.530001,28.629999,95200,28.629999
2010-09-03,29.32,29.99,29.32,29.860001,76400,29.860001
2010-09-02,29.280001,29.280001,28.530001,28.92,110000,28.92
2010-09-01,28.110001,29.219999,28.10,29.200001,139500,29.200001
2010-08-31,27.549999,27.889999,27.219999,27.620001,300100,27.620001
2010-08-30,28.75,28.75,27.469999,27.549999,152500,27.549999
2010-08-27,27.84,28.83,27.559999,28.790001,129600,28.790001
2010-08-26,27.629999,28.23,27.620001,27.65,157200,27.65
2010-08-25,26.790001,27.719999,26.549999,27.59,485000,27.59
2010-08-24,27.66,27.709999,27.00,27.07,281600,27.07
2010-08-23,28.41,28.709999,28.08,28.120001,202500,28.120001
2010-08-20,28.030001,28.530001,27.389999,28.24,255700,28.24
2010-08-19,28.76,28.860001,28.23,28.27,226900,28.27
2010-08-18,28.809999,29.190001,28.540001,28.73,102400,28.73
2010-08-17,28.360001,29.07,28.27,28.780001,145700,28.780001
2010-08-16,27.59,28.40,27.59,28.00,110800,28.00
2010-08-13,28.040001,28.370001,27.76,27.809999,154400,27.809999
2010-08-12,27.93,28.530001,27.780001,28.110001,165700,28.110001
2010-08-11,30.01,30.01,28.18,28.32,259300,28.32
2010-08-10,30.950001,31.280001,30.09,30.18,156000,30.18
2010-08-09,31.18,31.50,30.950001,31.379999,87700,31.379999
2010-08-06,31.08,31.549999,30.610001,31.059999,144900,31.059999
2010-08-05,31.209999,31.540001,31.049999,31.389999,122600,31.389999
2010-08-04,31.139999,31.49,30.68,31.360001,140800,31.360001
2010-08-03,31.559999,31.74,31.00,31.059999,111300,31.059999
2010-08-02,31.85,32.50,31.549999,31.799999,163200,31.799999
2010-07-30,31.280001,31.860001,30.950001,31.190001,144000,31.190001
2010-07-29,31.450001,31.98,31.129999,31.780001,113400,31.780001
2010-07-28,31.860001,32.209999,31.059999,31.33,177000,31.33
2010-07-27,31.780001,32.790001,31.780001,32.040001,200600,32.040001
2010-07-26,29.77,31.719999,29.65,31.639999,287100,31.639999
2010-07-23,28.09,29.610001,27.84,29.60,418100,29.60
2010-07-22,27.57,28.65,26.84,28.09,394700,28.09
2010-07-21,30.799999,30.799999,28.33,28.40,173600,28.40
2010-07-20,29.40,30.299999,29.40,30.219999,170300,30.219999
2010-07-19,29.82,30.00,28.99,29.889999,76800,29.889999
2010-07-16,30.60,30.77,29.67,29.709999,224000,29.709999
2010-07-15,31.030001,31.15,30.00,30.92,126000,30.92
2010-07-14,31.440001,31.440001,30.66,30.93,144400,30.93
2010-07-13,30.32,31.690001,30.08,31.60,223900,31.60
2010-07-12,30.610001,30.889999,29.870001,29.92,154200,29.92
2010-07-09,30.17,30.85,30.17,30.82,138800,30.82
2010-07-08,30.35,30.66,29.77,30.35,225800,30.35
2010-07-07,29.60,30.33,29.40,30.15,219900,30.15
2010-07-06,30.690001,31.07,29.33,29.49,196700,29.49
2010-07-02,31.110001,31.110001,29.84,30.10,198100,30.10
2010-07-01,32.220001,32.349998,30.700001,30.889999,229200,30.889999
2010-06-30,32.759998,33.400002,32.16,32.220001,137500,32.220001
2010-06-29,34.200001,34.32,32.310001,32.59,215500,32.59
2010-06-28,34.950001,35.32,34.650002,34.869999,148300,34.869999
2010-06-25,34.209999,35.48,34.099998,34.810001,392300,34.810001
2010-06-24,33.66,34.860001,33.50,33.950001,165800,33.950001
2010-06-23,33.919998,34.360001,33.57,33.849998,169000,33.849998
2010-06-22,33.849998,34.75,33.849998,33.900002,193600,33.900002
2010-06-21,34.919998,35.48,33.639999,33.830002,208700,33.830002
2010-06-18,34.50,34.990002,34.119999,34.549999,311000,34.549999
2010-06-17,34.610001,34.919998,34.110001,34.459999,162800,34.459999
2010-06-16,33.990002,35.220001,33.93,34.709999,129800,34.709999
2010-06-15,33.07,34.439999,32.900002,34.41,197300,34.41
2010-06-14,33.48,33.919998,32.880001,32.900002,257800,32.900002
2010-06-11,32.099998,33.349998,32.099998,33.09,153200,33.09
2010-06-10,32.130001,32.68,31.60,32.66,163200,32.66
2010-06-09,31.75,32.00,31.17,31.450001,159700,31.450001
2010-06-08,31.809999,32.139999,30.969999,31.360001,230000,31.360001
2010-06-07,32.34,32.75,31.57,31.629999,318100,31.629999
2010-06-04,32.200001,33.110001,31.870001,32.09,222500,32.09
2010-06-03,33.209999,33.990002,33.209999,33.529999,147000,33.529999
2010-06-02,32.150002,33.549999,31.870001,33.50,157200,33.50
2010-06-01,32.779999,33.240002,31.959999,32.029999,144400,32.029999
2010-05-28,33.240002,33.50,32.59,33.110001,151100,33.110001
2010-05-27,33.060001,33.490002,32.419998,33.439999,117100,33.439999
2010-05-26,32.580002,33.299999,32.049999,32.209999,137600,32.209999
2010-05-25,31.77,32.389999,30.790001,32.279999,235200,32.279999
2010-05-24,33.240002,33.25,32.23,32.27,131800,32.27
2010-05-21,32.650002,33.799999,32.540001,33.380001,205400,33.380001
2010-05-20,34.889999,35.459999,33.110001,33.209999,258400,33.209999
2010-05-19,36.360001,36.939999,35.669998,36.029999,98500,36.029999
2010-05-18,37.490002,37.82,36.080002,36.50,193400,36.50
2010-05-17,36.900002,37.330002,35.93,37.049999,124200,37.049999
2010-05-14,37.830002,37.919998,36.240002,36.75,144600,36.75
2010-05-13,38.110001,38.68,37.740002,38.119999,128300,38.119999
2010-05-12,37.349998,38.200001,37.200001,38.16,152500,38.16
2010-05-11,36.91,37.700001,36.630001,37.16,135100,37.16
2010-05-10,37.700001,38.209999,36.52,37.380001,154400,37.380001
2010-05-07,36.669998,37.380001,35.599998,35.700001,269500,35.700001
2010-05-06,37.950001,38.200001,34.400002,36.759998,205000,36.759998
2010-05-05,38.389999,38.709999,37.599998,38.16,162900,38.16
2010-05-04,38.52,39.189999,38.360001,38.59,155500,38.59
2010-05-03,39.619999,39.939999,38.799999,39.16,226900,39.16
2010-04-30,39.919998,40.150002,38.349998,39.360001,250000,39.360001
2010-04-29,38.630001,40.240002,38.529999,40.029999,288200,40.029999
2010-04-28,38.919998,39.66,37.919998,38.049999,183400,38.049999
2010-04-27,38.560001,39.509998,38.34,38.580002,302600,38.580002
2010-04-26,39.220001,40.240002,38.59,38.669998,263100,38.669998
2010-04-23,38.50,38.939999,37.880001,38.830002,237300,38.830002
2010-04-22,39.060001,39.099998,38.029999,38.580002,641400,38.580002
2010-04-21,40.990002,42.200001,37.970001,39.630001,1064600,39.630001
2010-04-20,43.889999,44.389999,43.23,43.68,154000,43.68
2010-04-19,42.66,43.790001,42.509998,43.650002,196900,43.650002
2010-04-16,42.41,43.990002,40.939999,43.040001,205700,43.040001
2010-04-15,42.529999,43.939999,42.529999,43.830002,195100,43.830002
2010-04-14,42.400002,42.779999,42.040001,42.689999,230900,42.689999
2010-04-13,42.009998,42.299999,42.00,42.110001,100500,42.110001
2010-04-12,42.700001,42.869999,42.060001,42.299999,124900,42.299999
2010-04-09,42.759998,42.759998,42.099998,42.380001,139300,42.380001
2010-04-08,42.369999,42.849998,41.849998,42.650002,92200,42.650002
2010-04-07,42.27,42.959999,42.27,42.669998,145200,42.669998
2010-04-06,40.82,42.220001,40.82,42.029999,341500,42.029999
2010-04-05,40.560001,41.02,39.689999,41.02,155100,41.02
2010-04-01,40.639999,40.740002,39.549999,39.889999,116500,39.889999
2010-03-31,40.41,40.849998,40.049999,40.299999,201200,40.299999
2010-03-30,40.34,40.939999,40.060001,40.41,229900,40.41
2010-03-29,40.110001,40.709999,40.00,40.34,113400,40.34
2010-03-26,40.91,41.240002,40.169998,40.48,170500,40.48
2010-03-25,41.389999,41.540001,40.669998,40.810001,169200,40.810001
2010-03-24,41.259998,41.66,41.00,41.110001,193300,41.110001
2010-03-23,42.150002,42.349998,40.93,41.540001,412200,41.540001
2010-03-22,43.549999,43.549999,42.110001,42.34,392100,42.34
2010-03-19,44.02,45.84,43.57,44.02,191500,44.02
2010-03-18,45.990002,46.290001,44.43,44.900002,132300,44.900002
2010-03-17,45.07,46.18,44.93,46.040001,71000,46.040001
2010-03-16,45.299999,45.450001,44.48,44.919998,121800,44.919998
2010-03-15,46.43,46.48,45.150002,45.400002,70300,45.400002
2010-03-12,47.049999,47.060001,46.200001,46.439999,93300,46.439999
2010-03-11,46.049999,46.709999,45.82,46.709999,92200,46.709999
2010-03-10,45.119999,46.43,44.950001,46.389999,258000,46.389999
2010-03-09,44.830002,45.630001,44.720001,45.240002,139700,45.240002
2010-03-08,44.66,45.459999,44.27,45.009998,122300,45.009998
2010-03-05,44.00,44.810001,43.689999,44.790001,151900,44.790001
2010-03-04,43.830002,44.200001,43.419998,43.779999,73100,43.779999
2010-03-03,43.509998,44.200001,43.209999,43.810001,140200,43.810001
2010-03-02,44.080002,44.169998,43.139999,43.529999,134700,43.529999
2010-03-01,43.389999,44.380001,42.880001,44.080002,170300,44.080002
2010-02-26,43.529999,43.919998,43.00,43.290001,118200,43.290001
2010-02-25,43.59,44.009998,42.970001,43.610001,115400,43.610001
2010-02-24,44.360001,45.279999,44.080002,44.310001,143600,44.310001
2010-02-23,44.310001,44.630001,43.610001,44.290001,131000,44.290001
2010-02-22,45.099998,45.23,44.119999,44.279999,138000,44.279999
2010-02-19,44.540001,45.130001,44.400002,44.779999,96400,44.779999
2010-02-18,44.599998,44.599998,43.82,44.59,61200,44.59
2010-02-17,44.799999,44.799999,44.139999,44.599998,131900,44.599998
2010-02-16,44.32,44.720001,43.849998,44.48,131300,44.48
2010-02-12,44.299999,44.59,43.810001,44.32,152700,44.32
2010-02-11,44.610001,44.93,44.099998,44.880001,50900,44.880001
2010-02-10,43.43,45.049999,43.27,44.700001,243600,44.700001
2010-02-09,44.189999,44.669998,43.07,43.759998,92200,43.759998
2010-02-08,44.099998,44.099998,43.18,43.549999,149400,43.549999
2010-02-05,44.099998,44.32,42.810001,44.099998,229100,44.099998
2010-02-04,46.43,46.630001,43.700001,43.830002,325400,43.830002
2010-02-03,47.43,47.860001,46.470001,46.82,99100,46.82
2010-02-02,47.419998,48.599998,47.139999,47.400002,130700,47.400002
2010-02-01,48.77,49.040001,47.240002,47.419998,178100,47.419998
2010-01-29,49.91,50.650002,48.290001,48.580002,163300,48.580002
2010-01-28,48.200001,50.580002,48.09,49.560001,184600,49.560001
2010-01-27,47.599998,50.060001,47.450001,49.779999,261800,49.779999
2010-01-26,47.240002,48.98,46.849998,48.139999,173100,48.139999
2010-01-25,46.98,47.759998,46.419998,47.610001,100900,47.610001
2010-01-22,47.880001,48.580002,46.00,46.200001,151900,46.200001
2010-01-21,49.139999,49.459999,47.799999,48.00,225600,48.00
2010-01-20,49.400002,49.810001,48.259998,49.169998,148500,49.169998
2010-01-19,49.299999,50.48,48.610001,49.849998,122800,49.849998
2010-01-15,51.450001,51.450001,48.599998,49.189999,196600,49.189999
2010-01-14,50.799999,51.57,50.02,51.299999,109000,51.299999
2010-01-13,50.560001,51.220001,50.099998,51.099998,89400,51.099998
2010-01-12,50.029999,50.82,49.82,50.43,97500,50.43
2010-01-11,51.860001,51.860001,50.259998,50.509998,116300,50.509998
2010-01-08,51.50,52.25,51.18,51.700001,110700,51.700001
2010-01-07,51.029999,52.130001,50.880001,51.77,141900,51.77
2010-01-06,51.540001,51.799999,50.810001,51.040001,203900,51.040001
2010-01-05,51.59,52.279999,51.330002,51.790001,128500,51.790001
2010-01-04,51.439999,52.110001,51.349998,51.919998,171400,51.919998
2009-12-31,50.799999,51.48,50.610001,50.610001,79500,50.610001
2009-12-30,50.150002,51.369999,50.099998,50.889999,116100,50.889999
2009-12-29,50.529999,50.700001,50.009998,50.32,105700,50.32
2009-12-28,51.110001,51.119999,50.18,50.509998,110700,50.509998
2009-12-24,51.099998,51.209999,50.810001,50.98,56900,50.98
2009-12-23,50.400002,51.049999,50.400002,50.849998,158900,50.849998
2009-12-22,50.029999,51.650002,49.880001,49.98,271700,49.98
2009-12-21,46.73,49.810001,46.73,49.689999,308800,49.689999
2009-12-18,47.549999,47.549999,46.27,46.73,302600,46.73
2009-12-17,46.849998,47.310001,46.59,47.09,175000,47.09
2009-12-16,46.790001,47.360001,46.400002,47.200001,158300,47.200001
2009-12-15,46.18,46.619999,45.880001,46.049999,264200,46.049999
2009-12-14,45.799999,46.25,45.099998,46.220001,128600,46.220001
2009-12-11,46.849998,47.189999,45.23,45.48,241700,45.48
2009-12-10,47.470001,47.470001,46.299999,46.740002,129000,46.740002
2009-12-09,46.189999,47.470001,45.98,47.32,176600,47.32
2009-12-08,44.799999,46.470001,44.799999,46.00,208600,46.00
2009-12-07,46.150002,46.509998,45.860001,46.150002,200800,46.150002
2009-12-04,46.150002,46.720001,45.27,46.150002,307300,46.150002
2009-12-03,45.470001,46.310001,45.029999,45.220001,372100,45.220001
2009-12-02,44.060001,45.720001,44.060001,45.490002,129700,45.490002
2009-12-01,43.849998,44.459999,42.709999,44.040001,155500,44.040001
2009-11-30,43.93,43.970001,42.599998,43.349998,186200,43.349998
2009-11-27,44.279999,44.990002,43.810001,43.810001,80500,43.810001
2009-11-25,45.84,45.970001,45.509998,45.73,129700,45.73
2009-11-24,45.84,46.330002,45.009998,45.59,144100,45.59
2009-11-23,45.200001,46.110001,45.150002,45.73,141000,45.73
2009-11-20,44.73,44.959999,44.50,44.68,94900,44.68
2009-11-19,45.299999,45.669998,44.639999,44.900002,145100,44.900002
2009-11-18,45.849998,45.93,45.200001,45.720001,123600,45.720001
2009-11-17,46.150002,46.959999,45.900002,46.060001,110600,46.060001
2009-11-16,46.32,46.889999,46.009998,46.540001,133400,46.540001
2009-11-13,46.450001,46.700001,45.299999,45.880001,132700,45.880001
2009-11-12,48.169998,48.50,46.189999,46.34,104100,46.34
2009-11-11,47.93,48.700001,47.119999,48.220001,108500,48.220001
2009-11-10,46.299999,46.75,45.849998,46.619999,82400,46.619999
2009-11-09,46.759998,46.869999,46.400002,46.639999,126600,46.639999
2009-11-06,45.07,46.25,44.400002,46.16,104600,46.16
2009-11-05,45.619999,46.130001,44.860001,45.439999,178000,45.439999
2009-11-04,48.029999,48.34,45.490002,45.560001,209400,45.560001
2009-11-03,46.00,47.669998,44.77,47.509998,207100,47.509998
2009-11-02,46.75,47.439999,45.389999,46.509998,119800,46.509998
2009-10-30,48.169998,48.799999,46.32,46.389999,235400,46.389999
2009-10-29,48.810001,48.810001,47.400002,48.560001,144600,48.560001
2009-10-28,49.50,49.59,47.27,47.529999,154700,47.529999
2009-10-27,51.529999,51.84,49.490002,49.599998,135500,49.599998
2009-10-26,51.419998,53.09,51.02,51.439999,130200,51.439999
2009-10-23,53.00,53.25,51.16,51.360001,136100,51.360001
2009-10-22,54.029999,54.189999,51.00,52.59,195700,52.59
2009-10-21,54.700001,56.25,53.77,53.880001,300300,53.880001
2009-10-20,56.330002,56.639999,54.639999,54.880001,280600,54.880001
2009-10-19,57.34,57.34,55.77,56.369999,101200,56.369999
2009-10-16,56.919998,56.919998,55.50,55.77,142200,55.77
2009-10-15,54.759998,57.799999,54.759998,57.400002,157500,57.400002
2009-10-14,53.990002,57.560001,53.900002,57.450001,250200,57.450001
2009-10-13,53.060001,53.57,52.860001,53.209999,148600,53.209999
2009-10-12,53.18,53.779999,53.130001,53.43,112600,53.43
2009-10-09,52.130001,53.57,51.689999,53.259998,199500,53.259998
2009-10-08,50.049999,52.68,49.75,52.09,248100,52.09
2009-10-07,49.450001,49.740002,48.790001,49.740002,44700,49.740002
2009-10-06,48.810001,50.080002,48.73,49.610001,151100,49.610001
2009-10-05,48.080002,48.68,47.560001,48.490002,85100,48.490002
2009-10-02,45.849998,48.27,45.849998,47.630001,108900,47.630001
2009-10-01,47.470001,47.540001,46.450001,46.450001,101700,46.450001
2009-09-30,49.099998,49.139999,47.049999,47.720001,129700,47.720001
2009-09-29,49.360001,50.09,48.810001,49.029999,86500,49.029999
2009-09-28,47.220001,49.889999,47.220001,49.279999,120800,49.279999
2009-09-25,48.099998,48.099998,46.48,47.040001,114300,47.040001
2009-09-24,50.529999,50.860001,47.619999,48.200001,152100,48.200001
2009-09-23,50.790001,51.259998,50.099998,50.27,82800,50.27
2009-09-22,48.900002,50.82,48.630001,50.759998,113800,50.759998
2009-09-21,48.549999,48.75,48.049999,48.34,79500,48.34
2009-09-18,49.91,50.00,49.150002,49.189999,165500,49.189999
2009-09-17,49.290001,50.459999,49.07,49.599998,81400,49.599998
2009-09-16,49.009998,49.360001,48.00,49.200001,78600,49.200001
2009-09-15,47.919998,49.099998,47.07,48.610001,136300,48.610001
2009-09-14,47.099998,48.09,46.560001,47.93,192100,47.93
2009-09-11,48.919998,48.939999,47.560001,47.599998,100000,47.599998
2009-09-10,48.349998,48.830002,47.610001,48.779999,178400,48.779999
2009-09-09,47.939999,48.900002,47.560001,48.50,158500,48.50
2009-09-08,48.450001,48.740002,47.490002,48.110001,132400,48.110001
2009-09-04,47.700001,48.18,47.369999,47.990002,141900,47.990002
2009-09-03,47.529999,47.880001,46.790001,47.869999,186900,47.869999
2009-09-02,47.240002,48.799999,46.93,46.959999,282100,46.959999
2009-09-01,50.200001,51.00,47.57,47.830002,295200,47.830002
2009-08-31,49.830002,50.849998,48.57,50.68,253500,50.68
2009-08-28,50.599998,51.060001,49.23,49.66,206900,49.66
2009-08-27,51.00,51.25,49.27,50.119999,203100,50.119999
2009-08-26,50.66,51.919998,50.25,50.650002,249300,50.650002
2009-08-25,49.970001,50.630001,49.369999,50.50,308700,50.50
2009-08-24,48.639999,50.439999,48.41,49.689999,265800,49.689999
2009-08-21,48.360001,48.720001,47.619999,48.34,174900,48.34
2009-08-20,46.66,47.720001,46.619999,47.470001,195500,47.470001
2009-08-19,44.57,46.790001,44.560001,46.720001,115900,46.720001
2009-08-18,45.00,45.639999,44.580002,45.360001,142800,45.360001
2009-08-17,46.689999,46.790001,44.23,44.419998,251500,44.419998
2009-08-14,49.209999,49.34,46.950001,47.580002,153800,47.580002
2009-08-13,49.50,49.990002,48.91,49.610001,169300,49.610001
2009-08-12,47.650002,49.650002,47.299999,49.130001,385500,49.130001
2009-08-11,46.369999,46.669998,45.82,46.299999,155200,46.299999
2009-08-10,47.759998,47.900002,46.049999,46.650002,152400,46.650002
2009-08-07,48.450001,49.310001,47.580002,48.130001,280100,48.130001
2009-08-06,46.950001,48.23,46.950001,47.50,331800,47.50
2009-08-05,47.84,47.84,46.380001,46.619999,268700,46.619999
2009-08-04,45.18,47.00,45.16,46.91,276900,46.91
2009-08-03,46.380001,46.82,45.110001,45.50,201300,45.50
2009-07-31,46.189999,46.709999,45.700001,45.860001,131500,45.860001
2009-07-30,46.790001,47.75,46.189999,46.48,260900,46.48
2009-07-29,45.700001,46.389999,45.50,45.939999,211300,45.939999
2009-07-28,43.700001,46.439999,43.66,46.029999,234200,46.029999
2009-07-27,44.259998,45.599998,44.259998,45.59,300200,45.59
2009-07-24,43.330002,44.41,43.16,44.360001,171700,44.360001
2009-07-23,42.919998,44.740002,42.77,43.790001,319200,43.790001
2009-07-22,43.91,45.00,42.00,42.880001,292900,42.880001
2009-07-21,44.470001,44.490002,43.66,44.330002,145900,44.330002
2009-07-20,43.200001,44.18,43.169998,44.139999,150000,44.139999
2009-07-17,43.450001,43.860001,42.23,42.73,150300,42.73
2009-07-16,43.369999,43.720001,42.380001,43.34,138200,43.34
2009-07-15,44.82,44.950001,43.389999,43.689999,339000,43.689999
2009-07-14,44.02,44.349998,43.310001,44.119999,120300,44.119999
2009-07-13,42.73,44.209999,42.200001,44.209999,247800,44.209999
2009-07-10,41.290001,42.759998,41.290001,42.540001,150900,42.540001
2009-07-09,40.77,42.650002,39.630001,41.830002,224600,41.830002
2009-07-08,42.700001,42.700001,39.77,40.259998,278800,40.259998
2009-07-07,43.09,43.740002,42.189999,42.330002,198800,42.330002
2009-07-06,43.50,43.610001,42.889999,43.27,208300,43.27
2009-07-02,43.860001,44.200001,43.169998,43.299999,212000,43.299999
2009-07-01,44.00,44.84,43.540001,44.720001,207200,44.720001
2009-06-30,44.139999,44.66,43.490002,43.669998,143400,43.669998
2009-06-29,43.25,45.00,42.599998,44.740002,259100,44.740002
2009-06-26,40.720001,43.639999,40.169998,43.490002,279500,43.490002
2009-06-25,38.099998,41.040001,37.75,41.00,290200,41.00
2009-06-24,38.540001,38.900002,37.740002,38.00,76100,38.00
2009-06-23,38.299999,38.540001,37.060001,37.880001,104000,37.880001
2009-06-22,39.200001,39.380001,37.799999,37.939999,201400,37.939999
2009-06-19,39.029999,39.790001,38.880001,39.610001,238800,39.610001
2009-06-18,37.349998,38.959999,37.290001,38.700001,80600,38.700001
2009-06-17,38.880001,39.23,37.16,37.34,255200,37.34
2009-06-16,39.970001,40.09,38.73,38.75,218300,38.75
2009-06-15,39.360001,39.75,38.720001,39.610001,276200,39.610001
2009-06-12,39.259998,40.029999,39.040001,39.880001,78200,39.880001
2009-06-11,38.50,39.880001,38.50,39.610001,118900,39.610001
2009-06-10,39.709999,39.860001,38.040001,38.450001,158600,38.450001
2009-06-09,39.119999,39.919998,39.00,39.470001,109200,39.470001
2009-06-08,39.490002,39.619999,38.75,38.830002,201000,38.830002
2009-06-05,41.139999,41.220001,39.169998,39.830002,107500,39.830002
2009-06-04,39.880001,40.779999,38.75,40.66,158000,40.66
2009-06-03,39.619999,40.07,39.09,39.860001,131100,39.860001
2009-06-02,37.889999,40.66,36.650002,40.290001,265200,40.290001
2009-06-01,36.919998,38.950001,36.59,38.029999,225400,38.029999
2009-05-29,34.84,36.07,34.509998,36.07,120500,36.07
2009-05-28,34.360001,35.00,33.310001,34.91,184200,34.91
2009-05-27,35.619999,35.619999,33.52,33.91,367000,33.91
2009-05-26,29.139999,35.189999,28.879999,35.189999,474200,35.189999
2009-05-22,29.950001,30.209999,29.030001,29.049999,59200,29.049999
2009-05-21,29.610001,29.940001,29.00,29.74,110000,29.74
2009-05-20,31.059999,31.83,29.879999,30.10,145200,30.10
2009-05-19,31.92,31.92,30.49,30.559999,139100,30.559999
2009-05-18,31.15,32.50,30.67,32.400002,187400,32.400002
2009-05-15,30.60,30.60,29.370001,30.389999,159300,30.389999
2009-05-14,30.290001,31.41,29.99,30.610001,155200,30.610001
2009-05-13,33.009998,33.439999,29.959999,30.16,268700,30.16
2009-05-12,34.939999,35.049999,33.049999,33.630001,153000,33.630001
2009-05-11,37.060001,37.200001,34.040001,34.150002,227800,34.150002
2009-05-08,38.09,38.25,35.419998,38.25,111800,38.25
2009-05-07,37.709999,38.259998,34.549999,34.810001,151500,34.810001
2009-05-06,37.830002,38.299999,35.619999,37.57,140200,37.57
2009-05-05,36.689999,37.439999,36.060001,37.16,215700,37.16
2009-05-04,35.75,37.169998,35.080002,37.060001,296500,37.060001
2009-05-01,34.610001,35.27,34.07,34.75,203800,34.75
2009-04-30,35.16,36.959999,34.52,34.669998,209500,34.669998
2009-04-29,35.389999,36.57,34.599998,36.080002,174600,36.080002
2009-04-28,33.490002,35.740002,33.259998,34.759998,182300,34.759998
2009-04-27,34.509998,35.349998,33.50,33.990002,215400,33.990002
2009-04-24,35.439999,36.200001,33.900002,35.540001,168900,35.540001
2009-04-23,35.150002,35.650002,33.66,34.939999,312600,34.939999
2009-04-22,34.150002,36.23,33.849998,34.82,306100,34.82
2009-04-21,31.290001,35.259998,30.25,35.23,460100,35.23
2009-04-20,34.23,34.23,31.50,31.620001,315800,31.620001
2009-04-17,34.779999,35.16,33.220001,34.330002,243200,34.330002
2009-04-16,32.130001,34.959999,31.41,34.560001,278800,34.560001
2009-04-15,29.48,32.220001,28.02,32.150002,532400,32.150002
2009-04-14,28.610001,28.959999,26.950001,27.08,217600,27.08
2009-04-13,28.040001,29.82,27.58,29.290001,333600,29.290001
2009-04-09,26.76,28.93,26.52,28.860001,320200,28.860001
2009-04-08,25.809999,26.25,24.74,25.620001,189300,25.620001
2009-04-07,25.799999,26.969999,25.459999,25.540001,260200,25.540001
2009-04-06,27.18,27.82,25.50,26.60,228400,26.60
2009-04-03,27.610001,27.969999,25.98,27.90,280700,27.90
2009-04-02,27.540001,28.219999,27.26,27.82,481400,27.82
2009-04-01,25.030001,26.799999,24.98,26.34,250800,26.34
2009-03-31,25.110001,26.459999,24.690001,25.790001,287800,25.790001
2009-03-30,25.959999,25.959999,24.549999,24.75,305900,24.75
2009-03-27,27.85,28.23,26.030001,26.58,304100,26.58
2009-03-26,28.93,29.07,27.42,28.67,272000,28.67
2009-03-25,26.93,28.690001,26.07,28.290001,261000,28.290001
2009-03-24,28.889999,28.969999,26.16,26.40,372700,26.40
2009-03-23,26.959999,29.75,26.84,29.75,286100,29.75
2009-03-20,26.91,27.389999,25.25,25.690001,304700,25.690001
2009-03-19,27.58,27.879999,25.870001,26.549999,331100,26.549999
2009-03-18,23.889999,27.40,23.889999,27.01,202600,27.01
2009-03-17,22.65,24.40,22.200001,24.360001,174600,24.360001
2009-03-16,24.32,24.559999,22.65,22.790001,240600,22.790001
2009-03-13,23.969999,24.209999,22.74,23.860001,176300,23.860001
2009-03-12,21.65,24.059999,20.76,23.790001,320800,23.790001
2009-03-11,22.25,23.32,21.280001,21.66,404200,21.66
2009-03-10,19.65,22.040001,19.40,21.93,369800,21.93
2009-03-09,19.00,19.34,18.51,18.73,306200,18.73
2009-03-06,19.50,20.07,18.52,19.299999,261800,19.299999
2009-03-05,19.950001,20.48,18.85,19.10,400400,19.10
2009-03-04,21.209999,21.23,19.809999,20.610001,304300,20.610001
2009-03-03,21.360001,21.629999,19.700001,20.32,512100,20.32
2009-03-02,21.299999,21.879999,20.610001,20.780001,382200,20.780001
2009-02-27,22.34,23.00,21.530001,21.99,428500,21.99
2009-02-26,24.92,25.469999,22.52,22.790001,674700,22.790001
2009-02-25,26.120001,26.120001,24.09,24.48,567300,24.48
2009-02-24,24.389999,26.940001,23.90,26.57,445900,26.57
2009-02-23,27.360001,27.459999,24.33,24.440001,443800,24.440001
2009-02-20,25.49,27.51,24.799999,26.860001,587800,26.860001
2009-02-19,27.629999,27.629999,25.58,25.84,310900,25.84
2009-02-18,28.25,28.530001,26.58,27.18,170700,27.18
2009-02-17,27.530001,28.299999,27.24,27.889999,332900,27.889999
2009-02-13,29.709999,31.190001,28.68,29.10,301800,29.10
2009-02-12,29.09,30.389999,28.049999,30.030001,225700,30.030001
2009-02-11,29.33,30.040001,28.110001,29.85,168700,29.85
2009-02-10,31.209999,31.26,28.780001,29.09,458200,29.09
2009-02-09,32.41,33.040001,31.200001,31.709999,195400,31.709999
2009-02-06,31.15,32.619999,30.90,32.509998,230500,32.509998
2009-02-05,29.809999,32.299999,29.379999,31.290001,299500,31.290001
2009-02-04,28.120001,29.90,27.76,29.639999,163800,29.639999
2009-02-03,27.50,28.42,26.030001,27.84,287800,27.84
2009-02-02,25.00,27.110001,23.17,26.75,759400,26.75
2009-01-30,29.92,30.41,28.18,28.709999,206500,28.709999
2009-01-29,31.10,31.40,29.25,29.26,135500,29.26
2009-01-28,30.00,32.57,30.00,31.66,271000,31.66
2009-01-27,27.68,28.940001,27.200001,28.73,107800,28.73
2009-01-26,28.049999,29.469999,26.719999,27.530001,139200,27.530001
2009-01-23,25.98,28.16,25.98,27.889999,153600,27.889999
2009-01-22,27.77,28.139999,25.879999,27.02,234000,27.02
2009-01-21,26.15,28.74,25.379999,28.540001,274700,28.540001
2009-01-20,28.809999,28.959999,25.77,25.84,189600,25.84
2009-01-16,29.82,30.35,27.469999,29.48,118700,29.48
2009-01-15,29.120001,30.620001,27.50,29.610001,219700,29.610001
2009-01-14,30.93,31.40,29.74,29.790001,159400,29.790001
2009-01-13,31.33,32.279999,30.92,31.98,176900,31.98
2009-01-12,32.439999,33.00,31.299999,31.65,156400,31.65
2009-01-09,33.759998,33.849998,32.369999,32.439999,175600,32.439999
2009-01-08,34.040001,34.279999,32.830002,34.029999,275400,34.029999
2009-01-07,37.00,37.34,34.049999,34.689999,359500,34.689999
2009-01-06,38.099998,39.00,37.240002,37.970001,266700,37.970001
2009-01-05,37.889999,38.869999,36.720001,38.189999,287900,38.189999
2009-01-02,39.849998,39.990002,37.610001,37.889999,284900,37.889999
2008-12-31,39.599998,41.43,39.130001,39.759998,465300,39.759998
2008-12-30,37.18,39.59,36.57,39.400002,227900,39.400002
2008-12-29,37.610001,37.779999,35.349998,36.509998,305000,36.509998
2008-12-26,37.400002,38.900002,37.200001,37.639999,222100,37.639999
2008-12-24,35.830002,37.490002,35.07,37.189999,136000,37.189999
2008-12-23,36.860001,37.50,35.369999,35.810001,202500,35.810001
2008-12-22,37.040001,38.00,35.240002,36.259998,373600,36.259998
2008-12-19,35.75,38.00,35.75,36.93,497200,36.93
2008-12-18,35.349998,36.48,34.759998,35.25,250000,35.25
2008-12-17,35.049999,36.490002,34.279999,35.150002,252200,35.150002
2008-12-16,31.360001,35.669998,30.99,35.669998,357300,35.669998
2008-12-15,32.869999,33.169998,30.01,30.58,165100,30.58
2008-12-12,30.389999,33.209999,30.16,32.799999,212300,32.799999
2008-12-11,33.560001,34.389999,30.530001,30.75,274700,30.75
2008-12-10,33.450001,34.630001,32.700001,34.470001,369000,34.470001
2008-12-09,34.48,35.450001,32.200001,32.549999,345800,32.549999
2008-12-08,36.169998,37.080002,34.459999,35.290001,470100,35.290001
2008-12-05,32.950001,35.580002,32.779999,34.639999,414700,34.639999
2008-12-04,34.25,36.849998,33.18,33.91,262600,33.91
2008-12-03,33.619999,36.290001,32.82,35.110001,266700,35.110001
2008-12-02,33.209999,35.369999,31.440001,35.279999,232100,35.279999
2008-12-01,36.779999,37.27,31.75,31.76,339200,31.76
2008-11-28,36.16,37.889999,35.580002,37.889999,61300,37.889999
2008-11-26,33.509998,37.259998,33.509998,37.080002,194500,37.080002
2008-11-25,35.439999,35.939999,32.02,35.209999,242200,35.209999
2008-11-24,28.92,35.389999,28.00,35.389999,337000,35.389999
2008-11-21,27.58,28.209999,24.23,27.75,384100,27.75
2008-11-20,26.00,29.469999,25.07,26.49,286000,26.49
2008-11-19,29.809999,30.60,26.43,26.459999,277000,26.459999
2008-11-18,31.200001,31.200001,28.42,30.209999,231000,30.209999
2008-11-17,30.719999,32.310001,30.00,30.870001,236100,30.870001
2008-11-14,34.959999,36.16,31.01,31.030001,211700,31.030001
2008-11-13,31.860001,35.82,28.639999,35.599998,311600,35.599998
2008-11-12,32.07,33.75,31.60,31.93,253000,31.93
2008-11-11,33.720001,33.830002,31.66,32.810001,412700,32.810001
2008-11-10,39.650002,40.02,33.610001,34.259998,370600,34.259998
2008-11-07,37.57,39.220001,36.439999,38.93,190500,38.93
2008-11-06,37.709999,38.720001,36.43,37.189999,215100,37.189999
2008-11-05,39.830002,41.48,38.00,38.200001,228200,38.200001
2008-11-04,40.240002,41.759998,38.43,40.560001,219300,40.560001
2008-11-03,39.41,40.75,38.669998,39.509998,259600,39.509998
2008-10-31,37.869999,39.540001,36.959999,39.450001,307300,39.450001
2008-10-30,37.990002,39.139999,36.84,38.27,214400,38.27
2008-10-29,36.610001,38.900002,35.400002,36.68,309900,36.68
2008-10-28,33.34,36.619999,31.15,36.619999,254500,36.619999
2008-10-27,31.52,34.00,31.219999,31.940001,216900,31.940001
2008-10-24,28.129999,32.959999,27.700001,32.25,263700,32.25
2008-10-23,31.059999,32.869999,30.25,32.380001,376300,32.380001
2008-10-22,31.629999,33.240002,30.18,30.76,300800,30.76
2008-10-21,31.200001,33.93,30.719999,32.549999,281300,32.549999
2008-10-20,32.099998,32.540001,30.639999,31.969999,300200,31.969999
2008-10-17,31.110001,35.130001,30.15,31.76,238300,31.76
2008-10-16,27.110001,32.16,26.860001,31.67,389400,31.67
2008-10-15,29.76,31.629999,27.110001,27.110001,419000,27.110001
2008-10-14,35.139999,35.139999,31.940001,33.939999,419100,33.939999
2008-10-13,29.52,32.470001,27.469999,32.470001,119300,32.470001
2008-10-10,24.870001,26.99,21.549999,26.43,657600,26.43
2008-10-09,30.200001,30.879999,25.059999,25.059999,493500,25.059999
2008-10-08,33.740002,35.860001,29.82,30.00,384300,30.00
2008-10-07,39.610001,43.689999,34.630001,35.470001,159000,35.470001
2008-10-06,35.990002,40.810001,35.990002,39.48,173700,39.48
2008-10-03,43.220001,43.619999,35.650002,37.360001,181900,37.360001
2008-10-02,42.68,43.639999,41.93,42.169998,111400,42.169998
2008-10-01,42.349998,43.18,41.639999,42.919998,143900,42.919998
2008-09-30,38.970001,44.330002,37.25,43.25,203100,43.25
2008-09-29,41.310001,43.560001,37.400002,37.400002,99100,37.400002
2008-09-26,40.470001,43.880001,39.639999,42.099998,194900,42.099998
2008-09-25,39.75,42.77,38.290001,41.189999,163100,41.189999
2008-09-24,42.00,42.959999,38.009998,39.400002,167800,39.400002
2008-09-23,38.099998,42.400002,38.099998,41.34,158900,41.34
2008-09-22,45.77,45.77,37.77,37.77,129000,37.77
2008-09-19,40.049999,45.990002,37.57,43.50,711000,43.50
2008-09-18,34.810001,35.799999,30.07,35.450001,844700,35.450001
2008-09-17,34.740002,36.50,32.080002,33.73,671800,33.73
2008-09-16,30.00,36.380001,30.00,35.849998,594100,35.849998
2008-09-15,34.00,35.540001,32.48,32.599998,458600,32.599998
2008-09-12,35.290001,36.490002,34.439999,35.43,359000,35.43
2008-09-11,35.400002,37.02,34.310001,35.93,461700,35.93
2008-09-10,37.080002,38.32,36.200001,37.310001,347400,37.310001
2008-09-09,38.939999,39.75,36.099998,36.099998,442000,36.099998
2008-09-08,38.77,39.849998,36.830002,39.18,510000,39.18
2008-09-05,36.470001,37.560001,35.009998,37.189999,499800,37.189999
2008-09-04,39.59,40.009998,36.77,36.77,433900,36.77
2008-09-03,39.00,40.25,38.32,40.02,264000,40.02
2008-09-02,38.939999,39.880001,37.93,39.240002,238200,39.240002
2008-08-29,37.529999,38.380001,36.900002,38.009998,183000,38.009998
2008-08-28,35.950001,38.07,35.630001,37.860001,263400,37.860001
2008-08-27,34.599998,35.790001,34.43,35.650002,185900,35.650002
2008-08-26,34.27,34.959999,33.32,34.700001,223800,34.700001
2008-08-25,33.599998,34.919998,33.279999,34.240002,340600,34.240002
2008-08-22,32.529999,34.040001,32.119999,33.889999,197100,33.889999
2008-08-21,31.43,32.189999,31.16,31.82,318000,31.82
2008-08-20,32.939999,32.959999,31.209999,31.99,311700,31.99
2008-08-19,33.73,33.919998,32.400002,32.73,205700,32.73
2008-08-18,35.669998,36.080002,34.02,34.200001,250900,34.200001
2008-08-15,35.799999,37.369999,34.59,35.400002,262700,35.400002
2008-08-14,33.700001,36.00,33.66,35.27,244900,35.27
2008-08-13,34.700001,35.889999,33.259998,33.919998,288800,33.919998
2008-08-12,37.75,37.799999,34.389999,35.080002,339500,35.080002
2008-08-11,35.110001,39.720001,34.900002,37.889999,375300,37.889999
2008-08-08,33.240002,35.540001,33.00,35.220001,255900,35.220001
2008-08-07,34.700001,35.459999,33.209999,33.32,270300,33.32
2008-08-06,34.740002,35.900002,34.119999,35.439999,296900,35.439999
2008-08-05,33.709999,35.290001,33.009998,35.169998,319900,35.169998
2008-08-04,34.09,34.200001,32.09,32.91,347200,32.91
2008-08-01,35.689999,35.900002,33.599998,34.200001,399100,34.200001
2008-07-31,35.490002,36.59,34.810001,35.50,265100,35.50
2008-07-30,36.439999,37.029999,34.610001,36.209999,358500,36.209999
2008-07-29,32.759998,36.09,32.41,36.09,381200,36.09
2008-07-28,34.450001,35.400002,32.259998,32.450001,398700,32.450001
2008-07-25,34.459999,35.43,33.130001,34.779999,381000,34.779999
2008-07-24,35.130001,36.110001,33.689999,34.060001,485700,34.060001
2008-07-23,34.970001,38.259998,34.009998,35.279999,1079400,35.279999
2008-07-22,29.719999,35.00,29.719999,34.93,793600,34.93
2008-07-21,31.870001,32.75,30.440001,30.60,352900,30.60
2008-07-18,32.310001,32.450001,30.690001,31.74,489800,31.74
2008-07-17,28.110001,32.950001,28.110001,32.450001,975100,32.450001
2008-07-16,25.82,28.43,24.68,28.299999,1017100,28.299999
2008-07-15,26.41,27.59,25.00,25.940001,627400,25.940001
2008-07-14,27.969999,29.530001,26.860001,26.889999,495200,26.889999
2008-07-11,27.73,30.00,26.92,28.83,678500,28.83
2008-07-10,28.42,29.09,27.09,28.129999,524000,28.129999
2008-07-09,28.34,29.700001,27.15,27.719999,1391700,27.719999
2008-07-08,26.219999,28.57,25.73,28.57,430700,28.57
2008-07-07,28.209999,28.459999,25.530001,26.129999,351300,26.129999
2008-07-03,27.92,28.32,26.98,28.00,166100,28.00
2008-07-02,28.940001,29.299999,27.530001,27.92,498000,27.92
2008-07-01,28.98,30.09,27.74,28.85,356100,28.85
2008-06-30,29.85,30.77,29.219999,29.33,587600,29.33
2008-06-27,30.370001,31.129999,29.610001,30.09,575900,30.09
2008-06-26,32.240002,32.240002,30.469999,30.559999,321800,30.559999
2008-06-25,32.580002,34.150002,32.130001,32.639999,362500,32.639999
2008-06-24,31.200001,33.75,31.16,32.419998,784200,32.419998
2008-06-23,33.400002,33.52,31.52,31.780001,400500,31.780001
2008-06-20,34.139999,34.549999,33.060001,33.259998,602500,33.259998
2008-06-19,35.040001,35.470001,33.419998,34.389999,650900,34.389999
2008-06-18,37.290001,37.290001,34.91,35.27,695700,35.27
2008-06-17,40.93,41.049999,37.540001,37.540001,1312200,37.540001
2008-06-16,39.25,40.849998,38.77,40.779999,1605500,40.779999
2008-06-13,36.220001,39.549999,35.790001,39.540001,1328800,39.540001
2008-06-12,35.330002,36.549999,35.16,35.779999,864800,35.779999
2008-06-11,36.880001,37.380001,35.09,35.119999,222800,35.119999
2008-06-10,35.619999,37.75,35.619999,37.119999,248400,37.119999
2008-06-09,36.669998,37.330002,35.349998,35.990002,225500,35.990002
2008-06-06,38.560001,38.560001,36.57,36.57,283900,36.57
2008-06-05,37.380001,38.98,37.290001,38.98,186800,38.98
2008-06-04,37.490002,39.09,37.119999,37.459999,269400,37.459999
2008-06-03,37.939999,38.09,36.790001,37.84,339800,37.84
2008-06-02,38.00,38.00,36.759998,37.68,319700,37.68
2008-05-30,38.740002,38.740002,37.400002,38.00,329000,38.00
2008-05-29,39.139999,39.52,38.490002,38.639999,267600,38.639999
2008-05-28,39.369999,39.900002,38.400002,39.290001,192900,39.290001
2008-05-27,38.200001,39.939999,38.02,39.259998,179700,39.259998
2008-05-23,38.00,38.32,37.580002,38.09,133400,38.09
2008-05-22,37.77,38.799999,37.360001,38.23,184500,38.23
2008-05-21,38.93,39.549999,37.279999,37.98,207700,37.98
2008-05-20,39.259998,39.310001,38.099998,38.900002,290800,38.900002
2008-05-19,40.66,40.66,39.50,39.630001,191200,39.630001
2008-05-16,41.759998,42.00,39.860001,40.66,211900,40.66
2008-05-15,40.290001,41.560001,40.060001,41.50,146400,41.50
2008-05-14,40.52,41.080002,39.619999,40.41,207000,40.41
2008-05-13,41.580002,41.580002,40.169998,40.509998,177500,40.509998
2008-05-12,39.810001,41.349998,39.34,41.27,208500,41.27
2008-05-09,38.00,40.099998,37.880001,39.66,251200,39.66
2008-05-08,37.630001,38.740002,37.009998,38.549999,240300,38.549999
2008-05-07,39.049999,39.669998,37.459999,37.630001,254600,37.630001
2008-05-06,38.27,39.220001,37.02,38.939999,147900,38.939999
2008-05-05,38.509998,39.130001,38.220001,38.66,203900,38.66
2008-05-02,39.869999,39.950001,37.959999,38.52,306200,38.52
2008-05-01,37.349998,39.91,37.07,39.700001,292800,39.700001
2008-04-30,38.09,38.57,37.220001,37.259998,229100,37.259998
2008-04-29,37.990002,38.299999,37.360001,38.049999,162500,38.049999
2008-04-28,37.830002,38.450001,37.630001,37.889999,273100,37.889999
2008-04-25,37.619999,38.130001,36.400002,37.959999,258900,37.959999
2008-04-24,34.779999,37.849998,34.779999,37.599998,279000,37.599998
2008-04-23,34.459999,35.610001,34.009998,34.669998,294500,34.669998
2008-04-22,34.91,35.080002,33.880001,34.27,245500,34.27
2008-04-21,35.98,35.98,34.560001,35.139999,202400,35.139999
2008-04-18,36.07,37.290001,35.830002,36.310001,322400,36.310001
2008-04-17,36.650002,36.790001,34.709999,35.619999,397300,35.619999
2008-04-16,34.139999,37.34,33.91,37.00,817800,37.00
2008-04-15,34.509998,34.990002,33.880001,34.959999,353100,34.959999
2008-04-14,34.50,34.849998,34.099998,34.169998,223200,34.169998
2008-04-11,34.900002,35.669998,34.34,34.599998,271300,34.599998
2008-04-10,35.130001,35.669998,34.869999,35.139999,259700,35.139999
2008-04-09,36.799999,37.049999,34.900002,35.00,263400,35.00
2008-04-08,37.00,37.130001,36.049999,36.619999,235800,36.619999
2008-04-07,36.75,37.459999,35.939999,37.049999,242000,37.049999
2008-04-04,37.240002,37.450001,36.18,36.299999,286700,36.299999
2008-04-03,35.970001,38.049999,35.57,37.32,350400,37.32
2008-04-02,37.91,37.91,36.060001,36.639999,403500,36.639999
2008-04-01,34.82,37.990002,34.82,37.990002,418800,37.990002
2008-03-31,33.490002,34.830002,33.32,33.959999,287400,33.959999
2008-03-28,35.759998,35.759998,33.110001,33.41,505500,33.41
2008-03-27,37.700001,37.880001,35.240002,35.50,333100,35.50
2008-03-26,38.419998,38.619999,37.029999,37.34,351200,37.34
2008-03-25,41.00,41.98,38.59,38.880001,628900,38.880001
2008-03-24,42.209999,45.189999,41.720001,42.07,832200,42.07
2008-03-20,39.130001,42.119999,37.650002,41.950001,885600,41.950001
2008-03-19,40.759998,41.459999,38.240002,38.240002,368100,38.240002
2008-03-18,37.220001,40.779999,37.220001,40.77,622400,40.77
2008-03-17,35.00,36.580002,33.98,36.119999,573600,36.119999
2008-03-14,38.18,38.310001,34.639999,36.389999,598900,36.389999
2008-03-13,37.130001,38.169998,35.07,37.93,487300,37.93
2008-03-12,39.00,39.00,36.77,37.650002,587800,37.650002
2008-03-11,33.650002,38.759998,33.650002,38.759998,1100900,38.759998
2008-03-10,34.939999,34.990002,32.66,32.709999,357700,32.709999
2008-03-07,33.98,36.169998,33.93,34.790001,355900,34.790001
2008-03-06,37.119999,37.119999,34.09,34.75,550900,34.75
2008-03-05,37.810001,38.73,37.130001,37.709999,251100,37.709999
2008-03-04,38.139999,38.48,36.34,37.790001,466100,37.790001
2008-03-03,38.669998,39.709999,38.220001,38.689999,449300,38.689999
2008-02-29,40.970001,41.099998,38.439999,38.73,340600,38.73
2008-02-28,42.889999,42.950001,40.880001,41.549999,258300,41.549999
2008-02-27,42.830002,44.060001,42.110001,43.060001,229400,43.060001
2008-02-26,42.27,44.32,42.130001,43.330002,306000,43.330002
2008-02-25,41.790001,42.529999,40.360001,42.50,335400,42.50
2008-02-22,41.080002,42.209999,39.310001,41.919998,335700,41.919998
2008-02-21,43.290001,43.990002,41.41,41.450001,216600,41.450001
2008-02-20,39.849998,43.560001,39.049999,43.060001,368700,43.060001
2008-02-19,41.740002,42.189999,39.860001,40.049999,285600,40.049999
2008-02-15,42.009998,42.049999,40.029999,41.09,313300,41.09
2008-02-14,43.580002,43.82,41.66,42.380001,256500,42.380001
2008-02-13,44.330002,44.779999,41.810001,43.689999,262100,43.689999
2008-02-12,44.209999,45.099998,43.029999,43.82,225000,43.82
2008-02-11,43.799999,44.43,42.549999,43.919998,253100,43.919998
2008-02-08,44.849998,45.25,43.110001,43.580002,223500,43.580002
2008-02-07,42.799999,45.560001,42.599998,44.869999,285400,44.869999
2008-02-06,44.779999,45.27,43.50,43.57,203600,43.57
2008-02-05,45.93,46.34,44.23,44.330002,311100,44.330002
2008-02-04,49.060001,49.139999,46.669998,46.830002,274100,46.830002
2008-02-01,47.830002,49.209999,46.98,49.00,334000,49.00
2008-01-31,45.52,47.860001,44.349998,47.400002,391800,47.400002
2008-01-30,46.34,48.73,45.84,46.099998,263200,46.099998
2008-01-29,46.139999,46.93,45.349998,46.759998,281000,46.759998
2008-01-28,44.400002,46.880001,43.73,46.73,310300,46.73
2008-01-25,45.849998,46.84,44.220001,44.549999,367200,44.549999
2008-01-24,46.900002,48.59,45.610001,45.689999,606700,45.689999
2008-01-23,41.349998,49.400002,39.73,46.32,1467500,46.32
2008-01-22,37.009998,42.400002,37.009998,40.43,366700,40.43
2008-01-18,38.98,39.889999,37.439999,38.799999,377900,38.799999
2008-01-17,40.48,40.630001,38.68,38.779999,353200,38.779999
2008-01-16,39.919998,41.139999,39.900002,40.48,456200,40.48
2008-01-15,41.00,41.279999,39.779999,40.099998,230500,40.099998
2008-01-14,41.720001,42.150002,40.700001,41.66,167600,41.66
2008-01-11,41.560001,42.849998,41.00,41.360001,320100,41.360001
2008-01-10,39.50,42.650002,39.259998,41.810001,487800,41.810001
2008-01-09,39.099998,40.860001,38.459999,40.099998,586900,40.099998
2008-01-08,41.630001,42.459999,39.25,39.27,346900,39.27
2008-01-07,41.810001,41.950001,39.990002,41.360001,540400,41.360001
2008-01-04,44.880001,44.880001,41.779999,41.950001,391500,41.950001
2008-01-03,45.169998,45.240002,44.639999,44.77,633200,44.77
2008-01-02,46.23,46.599998,44.880001,45.110001,280600,45.110001
2007-12-31,45.360001,46.860001,44.779999,46.32,218200,46.32
2007-12-28,45.82,47.080002,45.16,45.950001,177700,45.950001
2007-12-27,49.040001,49.07,45.720001,45.75,299000,45.75
2007-12-26,48.799999,50.049999,48.630001,49.580002,204200,49.580002
2007-12-24,48.990002,49.25,48.66,49.25,91300,49.25
2007-12-21,47.049999,49.240002,47.049999,48.990002,359700,48.990002
2007-12-20,46.959999,46.959999,44.990002,46.48,184500,46.48
2007-12-19,45.91,46.669998,45.259998,46.380001,188200,46.380001
2007-12-18,45.939999,46.029999,44.900002,45.91,348300,45.91
2007-12-17,45.91,46.50,44.990002,45.18,239400,45.18
2007-12-14,45.599998,47.189999,45.50,46.02,234900,46.02
2007-12-13,45.560001,46.709999,45.049999,46.490002,231700,46.490002
2007-12-12,46.459999,47.25,44.900002,46.049999,327600,46.049999
2007-12-11,49.00,49.00,45.189999,45.279999,346100,45.279999
2007-12-10,47.23,49.34,47.23,48.900002,313400,48.900002
2007-12-07,48.25,48.389999,46.900002,47.220001,273400,47.220001
2007-12-06,45.91,48.48,45.669998,48.470001,303700,48.470001
2007-12-05,46.00,46.599998,44.950001,46.209999,252400,46.209999
2007-12-04,44.779999,45.360001,43.900002,45.049999,276800,45.049999
2007-12-03,46.540001,46.740002,45.09,45.34,195600,45.34
2007-11-30,46.25,47.490002,45.77,46.32,449500,46.32
2007-11-29,48.240002,48.490002,44.849998,45.299999,712000,45.299999
2007-11-28,47.299999,50.16,47.299999,49.73,298300,49.73
2007-11-27,45.93,47.27,45.50,46.880001,169600,46.880001
2007-11-26,46.950001,47.080002,45.360001,45.380001,189000,45.380001
2007-11-23,46.080002,47.41,45.75,46.900002,71100,46.900002
2007-11-21,44.82,45.91,44.349998,45.23,217700,45.23
2007-11-20,43.950001,45.450001,43.77,45.169998,372900,45.169998
2007-11-19,43.900002,45.189999,43.43,44.150002,310200,44.150002
2007-11-16,44.889999,45.00,43.380001,44.470001,218100,44.470001
2007-11-15,45.50,45.950001,43.779999,44.709999,232300,44.709999
2007-11-14,46.93,47.540001,45.509998,45.810001,223900,45.810001
2007-11-13,44.580002,46.450001,44.299999,46.369999,253700,46.369999
2007-11-12,43.869999,44.709999,43.34,43.889999,457300,43.889999
2007-11-09,43.049999,44.869999,41.529999,43.830002,253300,43.830002
2007-11-08,42.759998,43.380001,41.439999,43.200001,505200,43.200001
2007-11-07,44.73,45.07,42.25,42.360001,556800,42.360001
2007-11-06,46.540001,46.540001,44.650002,45.450001,283400,45.450001
2007-11-05,45.099998,46.610001,44.75,45.650002,298900,45.650002
2007-11-02,48.669998,48.810001,45.630001,46.040001,422700,46.040001
2007-11-01,50.130001,50.25,47.91,48.00,280100,48.00
2007-10-31,50.099998,52.00,49.790001,51.400002,342000,51.400002
2007-10-30,49.599998,50.560001,48.889999,50.080002,225900,50.080002
2007-10-29,49.169998,49.889999,48.299999,49.720001,165700,49.720001
2007-10-26,47.970001,49.330002,47.290001,48.939999,293400,48.939999
2007-10-25,47.860001,48.220001,46.490002,47.32,189300,47.32
2007-10-24,48.25,48.419998,45.799999,47.580002,362600,47.580002
2007-10-23,48.34,48.810001,47.50,48.599998,398000,48.599998
2007-10-22,46.200001,48.560001,46.02,48.040001,306600,48.040001
2007-10-19,48.43,48.459999,46.509998,46.650002,453500,46.650002
2007-10-18,48.619999,49.07,47.509998,48.700001,408300,48.700001
2007-10-17,50.650002,50.75,48.450001,49.599998,825800,49.599998
2007-10-16,53.700001,53.75,51.580002,52.330002,439000,52.330002
2007-10-15,56.799999,57.110001,53.700001,53.900002,419600,53.900002
2007-10-12,56.900002,57.639999,56.50,56.98,189800,56.98
2007-10-11,57.849998,58.759998,56.560001,56.950001,240800,56.950001
2007-10-10,57.889999,58.09,56.91,57.700001,118900,57.700001
2007-10-09,57.400002,57.900002,56.959999,57.889999,220900,57.889999
2007-10-08,57.419998,57.490002,56.720001,57.049999,193900,57.049999
2007-10-05,57.16,58.110001,56.330002,57.799999,233500,57.799999
2007-10-04,57.139999,57.599998,56.650002,56.889999,270700,56.889999
2007-10-03,57.02,57.32,56.470001,56.799999,158600,56.799999
2007-10-02,56.25,57.610001,56.110001,57.220001,150300,57.220001
2007-10-01,53.380001,55.98,53.099998,55.950001,229400,55.950001
2007-09-28,54.279999,54.48,53.50,53.599998,169900,53.599998
2007-09-27,55.169998,55.25,53.990002,54.220001,240800,54.220001
2007-09-26,54.349998,55.490002,54.00,54.82,279200,54.82
2007-09-25,54.830002,55.740002,53.639999,53.98,311500,53.98
2007-09-24,55.549999,55.700001,54.290001,55.07,240500,55.07
2007-09-21,55.07,56.119999,54.77,55.66,244100,55.66
2007-09-20,54.560001,56.139999,54.130001,54.549999,303300,54.549999
2007-09-19,52.860001,55.25,52.689999,54.779999,452700,54.779999
2007-09-18,48.52,52.91,47.68,52.330002,435700,52.330002
2007-09-17,48.00,48.669998,47.50,48.07,212200,48.07
2007-09-14,47.68,48.419998,47.110001,48.27,219400,48.27
2007-09-13,47.720001,48.82,46.75,48.27,201900,48.27
2007-09-12,47.740002,48.18,47.279999,47.400002,167200,47.400002
2007-09-11,48.169998,48.970001,47.380001,47.82,198100,47.82
2007-09-10,48.709999,48.720001,47.00,47.959999,253100,47.959999
2007-09-07,49.900002,49.900002,47.939999,48.240002,306500,48.240002
2007-09-06,52.189999,52.580002,50.200001,50.799999,181000,50.799999
2007-09-05,52.400002,52.700001,51.119999,52.009998,273300,52.009998
2007-09-04,51.16,53.830002,51.099998,52.91,160200,52.91
2007-08-31,52.009998,52.619999,51.00,51.360001,226600,51.360001
2007-08-30,51.580002,52.700001,50.59,51.16,207500,51.16
2007-08-29,50.580002,52.990002,50.509998,52.700001,221900,52.700001
2007-08-28,52.139999,52.169998,50.09,50.200001,197400,50.200001
2007-08-27,53.099998,53.610001,52.25,52.639999,142200,52.639999
2007-08-24,51.98,53.650002,51.369999,53.560001,346000,53.560001
2007-08-23,53.099998,53.43,51.330002,51.82,222800,51.82
2007-08-22,54.119999,54.91,52.18,52.720001,202400,52.720001
2007-08-21,50.900002,54.00,50.68,53.400002,347000,53.400002
2007-08-20,52.110001,52.75,49.900002,51.09,343900,51.09
2007-08-17,49.799999,52.650002,48.490002,51.98,527500,51.98
2007-08-16,46.43,47.57,45.16,47.57,901800,47.57
2007-08-15,46.650002,48.669998,46.529999,46.630001,352100,46.630001
2007-08-14,48.50,48.98,46.650002,46.91,324600,46.91
2007-08-13,51.50,52.00,48.50,48.50,699500,48.50
2007-08-10,53.50,56.25,49.080002,51.25,878800,51.25
2007-08-09,51.380001,56.299999,51.32,54.459999,875200,54.459999
2007-08-08,55.400002,59.00,52.759998,53.380001,1128900,53.380001
2007-08-07,49.93,55.490002,49.580002,54.900002,812000,54.900002
2007-08-06,44.240002,49.970001,44.240002,49.889999,572000,49.889999
2007-08-03,47.700001,48.43,45.889999,45.939999,588200,45.939999
2007-08-02,47.25,48.380001,47.009998,47.75,489000,47.75
2007-08-01,47.549999,47.959999,46.07,47.240002,595300,47.240002
2007-07-31,49.599998,50.23,47.82,47.919998,509800,47.919998
2007-07-30,47.259998,49.619999,46.869999,49.049999,618900,49.049999
2007-07-27,47.50,48.580002,46.75,47.099998,420700,47.099998
2007-07-26,47.900002,48.34,46.50,47.580002,478300,47.580002
2007-07-25,49.150002,49.830002,48.00,48.810001,440200,48.810001
2007-07-24,50.00,50.32,48.50,48.66,478500,48.66
2007-07-23,50.91,51.09,50.209999,50.580002,380300,50.580002
2007-07-20,52.610001,52.650002,50.610001,50.82,613700,50.82
2007-07-19,54.150002,54.50,51.450001,52.779999,963000,52.779999
2007-07-18,50.580002,51.279999,48.77,51.18,2131800,51.18
2007-07-17,53.18,55.919998,53.18,54.869999,440000,54.869999
2007-07-16,54.099998,54.150002,52.130001,52.650002,393800,52.650002
2007-07-13,53.900002,54.650002,53.810001,54.32,129100,54.32
2007-07-12,53.119999,54.59,53.049999,54.50,318700,54.50
2007-07-11,55.139999,55.57,53.669998,53.919998,265500,53.919998
2007-07-10,55.84,55.98,55.00,55.00,286800,55.00
2007-07-09,56.779999,56.939999,55.75,55.959999,141500,55.959999
2007-07-06,56.759998,56.880001,56.25,56.77,167600,56.77
2007-07-05,58.68,58.790001,56.419998,56.759998,149500,56.759998
2007-07-03,56.689999,59.459999,56.549999,58.84,281500,58.84
2007-07-02,56.619999,57.450001,55.299999,56.41,232500,56.41
2007-06-29,57.400002,58.040001,55.259998,55.73,265100,55.73
2007-06-28,57.700001,58.029999,56.869999,57.150002,144200,57.150002
2007-06-27,55.98,57.860001,55.330002,57.790001,369500,57.790001
2007-06-26,57.349998,57.77,56.150002,56.220001,289500,56.220001
2007-06-25,58.00,58.459999,56.889999,57.169998,224900,57.169998
2007-06-22,60.00,60.25,57.790001,57.959999,248900,57.959999
2007-06-21,60.25,60.450001,58.950001,60.099998,127900,60.099998
2007-06-20,61.619999,61.939999,60.450001,60.450001,220000,60.450001
2007-06-19,61.43,61.650002,60.48,61.139999,127700,61.139999
2007-06-18,62.040001,62.389999,61.259998,61.68,142100,61.68
2007-06-15,62.650002,63.110001,61.790001,61.790001,204800,61.790001
2007-06-14,60.200001,61.50,60.049999,61.02,117200,61.02
2007-06-13,60.75,61.150002,60.150002,61.049999,144100,61.049999
2007-06-12,61.349998,61.77,60.169998,60.169998,229800,60.169998
2007-06-11,61.240002,61.93,61.040001,61.599998,125200,61.599998
2007-06-08,60.709999,61.880001,60.52,61.57,137100,61.57
2007-06-07,62.900002,63.00,60.599998,60.700001,280900,60.700001
2007-06-06,64.419998,64.550003,62.41,63.50,316100,63.50
2007-06-05,65.650002,66.00,64.790001,65.379997,273900,65.379997
2007-06-04,66.620003,66.989998,65.610001,66.099998,129000,66.099998
2007-06-01,67.400002,68.120003,66.50,66.620003,240600,66.620003
2007-05-31,66.00,67.660004,65.620003,66.900002,966200,66.900002
2007-05-30,63.200001,63.639999,62.790001,63.310001,98400,63.310001
2007-05-29,62.709999,63.849998,62.619999,63.790001,90700,63.790001
2007-05-25,62.93,63.029999,62.09,62.459999,68800,62.459999
2007-05-24,64.769997,65.059998,62.330002,62.650002,173400,62.650002
2007-05-23,65.239998,65.400002,64.839996,64.949997,242300,64.949997
2007-05-22,64.519997,65.379997,64.050003,64.989998,154900,64.989998
2007-05-21,63.049999,64.949997,62.799999,64.519997,177700,64.519997
2007-05-18,61.950001,63.860001,61.50,63.25,146200,63.25
2007-05-17,62.630001,62.93,61.59,61.759998,102100,61.759998
2007-05-16,61.310001,62.990002,61.25,62.889999,150600,62.889999
2007-05-15,62.50,62.970001,60.900002,61.09,141500,61.09
2007-05-14,63.029999,63.25,62.34,62.540001,124600,62.540001
2007-05-11,62.200001,63.09,62.16,63.029999,90800,63.029999
2007-05-10,63.240002,63.240002,61.82,61.959999,165100,61.959999
2007-05-09,62.599998,63.57,62.43,63.490002,165300,63.490002
2007-05-08,62.75,63.00,61.790001,62.84,166000,62.84
2007-05-07,64.139999,64.550003,63.049999,63.150002,112900,63.150002
2007-05-04,64.550003,64.559998,63.639999,64.07,135000,64.07
2007-05-03,64.839996,65.029999,64.209999,64.68,87400,64.68
2007-05-02,63.759998,65.239998,63.50,64.870003,200200,64.870003
2007-05-01,63.810001,64.089996,63.009998,63.790001,134500,63.790001
2007-04-30,64.620003,64.769997,63.650002,63.810001,190900,63.810001
2007-04-27,64.830002,65.010002,64.110001,65.010002,153200,65.010002
2007-04-26,65.620003,65.790001,64.970001,65.010002,148600,65.010002
2007-04-25,65.160004,65.75,64.400002,65.540001,158900,65.540001
2007-04-24,66.199997,66.199997,64.580002,64.769997,161000,64.769997
2007-04-23,66.809998,67.519997,65.970001,66.209999,188100,66.209999
2007-04-20,66.75,67.269997,66.370003,67.059998,185100,67.059998
2007-04-19,65.00,65.440002,64.059998,65.410004,305200,65.410004
2007-04-18,64.50,66.589996,64.00,65.68,422700,65.68
2007-04-17,66.949997,67.25,65.940002,66.459999,245400,66.459999
2007-04-16,65.720001,67.25,65.720001,66.93,145900,66.93
2007-04-13,63.75,66.220001,63.75,65.230003,439700,65.230003
2007-04-12,62.91,63.689999,62.599998,63.59,229500,63.59
2007-04-11,63.650002,63.650002,62.720001,63.16,203800,63.16
2007-04-10,62.779999,63.759998,62.779999,63.560001,152100,63.560001
2007-04-09,62.689999,62.73,61.810001,62.720001,140200,62.720001
2007-04-05,61.759998,62.59,61.560001,62.59,170000,62.59
2007-04-04,62.509998,62.799999,61.59,61.66,178900,61.66
2007-04-03,62.240002,63.07,61.880001,62.509998,187000,62.509998
2007-04-02,62.00,62.50,61.57,61.880001,198200,61.880001
2007-03-30,61.080002,62.27,61.02,61.939999,259900,61.939999
2007-03-29,61.189999,61.619999,60.060001,60.919998,210300,60.919998
2007-03-28,61.790001,62.09,60.299999,60.549999,476200,60.549999
2007-03-27,63.82,63.82,62.470001,62.619999,272000,62.619999
2007-03-26,64.57,64.709999,62.869999,63.900002,224300,63.900002
2007-03-23,63.700001,64.970001,63.700001,64.669998,88900,64.669998
2007-03-22,64.82,64.849998,63.669998,63.790001,115900,63.790001
2007-03-21,63.700001,65.440002,63.130001,64.669998,224600,64.669998
2007-03-20,62.41,63.279999,61.990002,63.25,133500,63.25
2007-03-19,61.950001,62.889999,61.919998,62.560001,148800,62.560001
2007-03-16,61.66,61.66,60.400002,61.400002,248300,61.400002
2007-03-15,60.580002,62.279999,60.50,61.66,183200,61.66
2007-03-14,59.849998,60.700001,58.529999,60.50,372400,60.50
2007-03-13,61.439999,61.990002,59.41,60.07,273100,60.07
2007-03-12,61.849998,62.50,61.189999,61.759998,264900,61.759998
2007-03-09,63.540001,63.700001,61.619999,62.349998,232700,62.349998
2007-03-08,62.59,64.980003,62.580002,62.900002,232000,62.900002
2007-03-07,61.849998,62.900002,61.50,62.009998,319400,62.009998
2007-03-06,60.00,62.169998,60.00,62.049999,367800,62.049999
2007-03-05,60.939999,61.50,58.830002,58.849998,305200,58.849998
2007-03-02,63.599998,64.110001,61.84,61.939999,223400,61.939999
2007-03-01,64.099998,65.449997,62.130001,64.25,240300,64.25
2007-02-28,64.629997,66.400002,64.150002,65.230003,268400,65.230003
2007-02-27,65.760002,65.849998,64.349998,64.629997,239500,64.629997
2007-02-26,69.349998,69.599998,66.620003,67.190002,210900,67.190002
2007-02-23,70.080002,70.239998,68.309998,68.769997,163500,68.769997
2007-02-22,69.480003,71.139999,69.25,70.529999,224100,70.529999
2007-02-21,69.599998,70.190002,69.260002,69.730003,110900,69.730003
2007-02-20,69.739998,70.599998,69.349998,70.169998,110000,70.169998
2007-02-16,70.129997,70.129997,69.230003,69.989998,113800,69.989998
2007-02-15,69.50,71.089996,68.900002,70.129997,156400,70.129997
2007-02-14,68.599998,71.160004,68.589996,69.860001,173600,69.860001
2007-02-13,67.199997,68.639999,67.080002,68.599998,123700,68.599998
2007-02-12,67.949997,68.199997,66.629997,66.949997,178600,66.949997
2007-02-09,70.32,71.309998,67.860001,68.330002,216200,68.330002
2007-02-08,71.00,71.00,69.879997,70.32,203400,70.32
2007-02-07,69.489998,71.300003,69.160004,71.00,251400,71.00
2007-02-06,68.199997,69.669998,67.470001,69.489998,213800,69.489998
2007-02-05,69.050003,69.050003,67.639999,68.129997,179500,68.129997
2007-02-02,69.739998,69.849998,69.010002,69.300003,84100,69.300003
2007-02-01,69.339996,70.279999,69.190002,69.489998,155900,69.489998
2007-01-31,68.529999,69.50,66.910004,68.940002,258900,68.940002
2007-01-30,67.400002,69.650002,67.349998,68.779999,364200,68.779999
2007-01-29,68.360001,68.360001,65.50,66.50,278300,66.50
2007-01-26,68.849998,70.18,67.18,68.410004,207900,68.410004
2007-01-25,72.00,72.07,67.970001,68.480003,234600,68.480003
2007-01-24,73.50,74.199997,70.699997,72.150002,452300,72.150002
2007-01-23,69.68,71.00,69.309998,70.989998,160300,70.989998
2007-01-22,70.489998,70.900002,69.150002,69.879997,244400,69.879997
2007-01-19,69.360001,71.160004,68.870003,70.739998,190400,70.739998
2007-01-18,71.18,71.50,68.769997,69.080002,293300,69.080002
2007-01-17,71.260002,71.599998,69.82,71.18,199600,71.18
2007-01-16,73.300003,74.300003,71.25,71.510002,314500,71.510002
2007-01-12,71.309998,73.470001,71.260002,73.010002,241700,73.010002
2007-01-11,69.440002,72.989998,69.440002,71.50,419100,71.50
2007-01-10,67.599998,69.709999,67.540001,69.449997,269100,69.449997
2007-01-09,67.00,68.900002,66.370003,67.849998,223400,67.849998
2007-01-08,64.720001,67.419998,64.099998,66.849998,207000,66.849998
2007-01-05,66.699997,66.809998,64.75,64.830002,191100,64.830002
2007-01-04,67.32,67.589996,66.400002,67.150002,158400,67.150002
2007-01-03,65.900002,68.620003,65.900002,67.349998,166200,67.349998
2006-12-29,66.75,67.050003,64.989998,65.150002,81900,65.150002
2006-12-28,67.449997,68.169998,66.190002,66.900002,269900,66.900002
2006-12-27,66.099998,67.970001,66.040001,67.800003,77200,67.800003
2006-12-26,65.300003,66.599998,65.300003,65.949997,49200,65.949997
2006-12-22,65.650002,65.879997,64.690002,65.480003,48800,65.480003
2006-12-21,66.099998,67.209999,65.540001,65.769997,85500,65.769997
2006-12-20,66.160004,67.389999,66.080002,66.199997,138300,66.199997
2006-12-19,66.360001,66.550003,65.300003,66.199997,124400,66.199997
2006-12-18,68.199997,68.889999,66.550003,66.559998,247500,66.559998
2006-12-15,68.410004,69.610001,68.129997,68.300003,219600,68.300003
2006-12-14,67.839996,68.93,67.730003,68.410004,118900,68.410004
2006-12-13,69.00,69.139999,67.50,67.830002,227400,67.830002
2006-12-12,65.300003,69.50,65.290001,67.989998,419700,67.989998
2006-12-11,65.900002,66.43,65.449997,65.550003,124400,65.550003
2006-12-08,65.900002,66.290001,65.470001,65.900002,75300,65.900002
2006-12-07,66.650002,67.32,65.800003,65.900002,105300,65.900002
2006-12-06,65.949997,67.230003,65.870003,66.639999,82600,66.639999
2006-12-05,66.25,67.110001,65.68,66.150002,141700,66.150002
2006-12-04,63.639999,66.099998,63.50,65.900002,112500,65.900002
2006-12-01,64.870003,65.489998,63.00,63.639999,209600,63.639999
2006-11-30,65.449997,65.949997,64.669998,65.07,233700,65.07
2006-11-29,65.949997,66.559998,64.370003,65.650002,131600,65.650002
2006-11-28,64.800003,66.059998,64.050003,65.00,176000,65.00
2006-11-27,68.510002,68.510002,65.029999,65.43,256000,65.43
2006-11-24,68.57,69.120003,67.889999,68.760002,45500,68.760002
2006-11-22,69.00,69.599998,68.43,68.82,120600,68.82
2006-11-21,68.459999,69.660004,68.400002,69.00,140000,69.00
2006-11-20,68.580002,70.260002,68.449997,68.660004,219600,68.660004
2006-11-17,69.230003,70.00,68.660004,68.730003,184000,68.730003
2006-11-16,68.050003,69.870003,68.00,69.300003,244900,69.300003
2006-11-15,68.690002,68.699997,67.370003,67.50,373800,67.50
2006-11-14,67.809998,68.910004,66.230003,68.75,215000,68.75
2006-11-13,66.970001,68.720001,66.68,67.559998,132700,67.559998
2006-11-10,65.00,67.400002,65.00,67.169998,133900,67.169998
2006-11-09,67.269997,67.300003,64.690002,65.059998,199100,65.059998
2006-11-08,67.349998,67.800003,66.440002,67.199997,222400,67.199997
2006-11-07,67.910004,68.970001,67.370003,67.550003,129900,67.550003
2006-11-06,65.610001,68.379997,65.599998,68.160004,160700,68.160004
2006-11-03,66.279999,66.720001,64.519997,65.379997,229900,65.379997
2006-11-02,65.400002,66.440002,64.510002,66.050003,226700,66.050003
2006-11-01,69.099998,69.849998,65.839996,65.970001,387500,65.970001
2006-10-31,70.239998,71.230003,69.00,69.150002,235500,69.150002
2006-10-30,69.459999,70.849998,69.239998,70.419998,187000,70.419998
2006-10-27,70.989998,71.610001,69.400002,69.860001,303700,69.860001
2006-10-26,69.599998,71.50,69.150002,71.00,225200,71.00
2006-10-25,68.25,70.470001,68.25,69.800003,266100,69.800003
2006-10-24,67.959999,68.660004,67.440002,68.120003,130200,68.120003
2006-10-23,68.110001,68.949997,67.400002,68.209999,297400,68.209999
2006-10-20,67.599998,69.349998,67.599998,68.360001,195300,68.360001
2006-10-19,68.620003,68.889999,66.669998,67.300003,527100,67.300003
2006-10-18,64.75,69.75,64.75,69.620003,1179000,69.620003
2006-10-17,62.599998,62.700001,61.150002,62.169998,151300,62.169998
2006-10-16,62.959999,63.93,62.790001,63.099998,159900,63.099998
2006-10-13,62.380001,63.57,62.349998,62.860001,140500,62.860001
2006-10-12,62.25,62.540001,61.669998,62.380001,192200,62.380001
2006-10-11,62.049999,62.860001,61.200001,62.00,232900,62.00
2006-10-10,63.860001,64.339996,63.189999,63.439999,115100,63.439999
2006-10-09,62.52,64.099998,62.209999,63.869999,167800,63.869999
2006-10-06,62.599998,63.060001,61.959999,62.509998,149800,62.509998
2006-10-05,61.650002,62.959999,61.259998,62.599998,207700,62.599998
2006-10-04,59.400002,62.240002,59.00,61.990002,287000,61.990002
2006-10-03,59.240002,60.240002,58.580002,59.57,308200,59.57
2006-10-02,60.509998,60.509998,58.68,59.240002,645700,59.240002
2006-09-29,60.700001,61.950001,60.52,60.619999,408300,60.619999
2006-09-28,61.330002,61.759998,60.560001,60.849998,300700,60.849998
2006-09-27,61.299999,62.650002,60.400002,61.349998,443100,61.349998
2006-09-26,65.730003,65.730003,61.259998,61.450001,992400,61.450001
2006-09-25,63.950001,66.190002,63.700001,65.959999,426400,65.959999
2006-09-22,64.199997,64.669998,62.860001,63.77,529700,63.77
2006-09-21,65.50,66.800003,64.019997,64.709999,355600,64.709999
2006-09-20,64.540001,65.459999,64.129997,65.349998,281700,65.349998
2006-09-19,64.389999,64.849998,62.82,64.330002,247200,64.330002
2006-09-18,63.880001,65.050003,63.00,64.279999,281100,64.279999
2006-09-15,63.950001,64.50,63.41,63.880001,379900,63.880001
2006-09-14,62.529999,63.849998,61.73,63.59,354800,63.59
2006-09-13,62.150002,64.099998,62.07,63.130001,371500,63.130001
2006-09-12,60.200001,62.77,60.200001,62.150002,316500,62.150002
2006-09-11,58.599998,60.25,57.900002,59.98,328400,59.98
2006-09-08,58.060001,59.279999,57.889999,58.75,304200,58.75
2006-09-07,57.00,58.549999,56.27,58.00,297200,58.00
2006-09-06,58.16,58.290001,57.330002,57.599998,221400,57.599998
2006-09-05,59.119999,60.060001,58.900002,59.16,226600,59.16
2006-09-01,58.799999,59.209999,58.220001,59.02,152900,59.02
2006-08-31,57.459999,58.630001,57.450001,58.580002,227100,58.580002
2006-08-30,56.040001,57.849998,56.009998,57.52,263600,57.52
2006-08-29,55.200001,55.900002,54.599998,55.84,231200,55.84
2006-08-28,53.41,56.029999,53.41,55.189999,300400,55.189999
2006-08-25,53.110001,53.91,52.759998,53.599998,326200,53.599998
2006-08-24,55.27,55.439999,52.82,53.060001,308400,53.060001
2006-08-23,55.00,55.849998,54.470001,55.150002,267000,55.150002
2006-08-22,54.900002,55.610001,54.200001,54.66,231300,54.66
2006-08-21,55.669998,55.669998,54.310001,55.040001,226100,55.040001
2006-08-18,55.509998,56.00,54.869999,55.700001,225300,55.700001
2006-08-17,54.299999,56.040001,53.950001,55.299999,317900,55.299999
2006-08-16,53.200001,53.720001,52.43,53.349998,198400,53.349998
2006-08-15,52.25,53.599998,51.689999,52.799999,528800,52.799999
2006-08-14,49.299999,51.07,49.299999,50.75,424800,50.75
2006-08-11,48.900002,49.849998,48.650002,48.849998,229800,48.849998
2006-08-10,48.950001,49.360001,46.599998,48.900002,465500,48.900002
2006-08-09,50.00,50.450001,48.84,48.950001,308700,48.950001
2006-08-08,51.27,51.650002,49.16,49.470001,181100,49.470001
2006-08-07,51.50,51.900002,50.529999,51.02,157600,51.02
2006-08-04,51.549999,52.91,51.41,51.849998,263000,51.849998
2006-08-03,49.799999,51.459999,49.040001,50.950001,213000,50.950001
2006-08-02,50.650002,51.34,50.099998,50.349998,286900,50.349998
2006-08-01,50.970001,50.970001,49.279999,50.169998,303900,50.169998
2006-07-31,51.509998,51.75,50.43,51.189999,169100,51.189999
2006-07-28,50.669998,52.689999,50.630001,52.41,230900,52.41
2006-07-27,50.700001,51.509998,49.82,50.419998,150200,50.419998
2006-07-26,51.27,51.32,49.779999,50.529999,173200,50.529999
2006-07-25,50.759998,51.849998,49.900002,51.27,280000,51.27
2006-07-24,49.650002,51.25,49.400002,50.75,379000,50.75
2006-07-21,50.630001,50.98,48.59,49.189999,500000,49.189999
2006-07-20,51.84,52.029999,50.400002,50.630001,470500,50.630001
2006-07-19,50.299999,52.900002,46.880001,52.09,1129400,52.09
2006-07-18,53.759998,54.00,49.59,51.00,548800,51.00
2006-07-17,52.18,53.73,52.130001,53.560001,330900,53.560001
2006-07-14,53.00,53.169998,51.48,52.43,299900,52.43
2006-07-13,54.700001,54.700001,52.889999,53.450001,394900,53.450001
2006-07-12,57.630001,57.700001,55.110001,55.25,350700,55.25
2006-07-11,58.380001,58.380001,57.099998,57.880001,291000,57.880001
2006-07-10,58.419998,59.200001,57.389999,58.23,180400,58.23
2006-07-07,60.50,60.50,57.93,58.169998,270200,58.169998
2006-07-06,61.849998,62.09,60.150002,60.75,270200,60.75
2006-07-05,63.099998,63.099998,60.290001,61.75,156000,61.75
2006-07-03,61.77,63.48,61.290001,63.48,106400,63.48
2006-06-30,60.75,62.169998,60.400002,61.209999,162000,61.209999
2006-06-29,57.200001,60.75,57.200001,60.75,224800,60.75
2006-06-28,57.599998,57.599998,55.860001,56.799999,254900,56.799999
2006-06-27,59.950001,60.07,57.00,57.349998,264900,57.349998
2006-06-26,58.830002,60.099998,58.099998,60.049999,287600,60.049999
2006-06-23,57.860001,59.349998,56.91,58.93,259900,58.93
2006-06-22,58.360001,58.59,57.049999,58.060001,118200,58.060001
2006-06-21,55.630001,59.84,55.619999,58.52,292100,58.52
2006-06-20,55.799999,56.700001,55.330002,55.669998,180200,55.669998
2006-06-19,58.049999,58.240002,55.810001,55.970001,183200,55.970001
2006-06-16,58.720001,59.200001,56.740002,57.52,415500,57.52
2006-06-15,56.00,60.00,56.00,58.709999,322300,58.709999
2006-06-14,54.049999,56.080002,53.810001,54.889999,312500,54.889999
2006-06-13,56.50,56.98,53.18,54.299999,560600,54.299999
2006-06-12,60.669998,60.759998,56.630001,56.849998,370800,56.849998
2006-06-09,62.099998,62.790001,60.279999,60.959999,126300,60.959999
2006-06-08,60.950001,61.93,58.16,61.66,258200,61.66
2006-06-07,61.84,63.209999,60.59,61.200001,218100,61.200001
2006-06-06,61.869999,62.060001,59.049999,61.84,356500,61.84
2006-06-05,64.099998,64.510002,61.560001,61.619999,149400,61.619999
2006-06-02,64.599998,65.150002,63.650002,64.349998,235800,64.349998
2006-06-01,63.189999,64.470001,62.040001,63.740002,276800,63.740002
2006-05-31,63.599998,64.00,62.48,63.290001,274400,63.290001
2006-05-30,66.25,66.260002,61.790001,63.049999,475200,63.049999
2006-05-26,66.25,67.470001,65.860001,66.50,142700,66.50
2006-05-25,64.550003,65.650002,63.75,65.489998,254100,65.489998
2006-05-24,66.279999,66.279999,61.110001,63.830002,535800,63.830002
2006-05-23,64.919998,67.599998,64.919998,66.18,344600,66.18
2006-05-22,65.209999,65.50,62.18,64.50,522400,64.50
2006-05-19,63.75,66.599998,63.349998,65.459999,324000,65.459999
2006-05-18,64.389999,64.82,63.73,63.740002,272000,63.740002
2006-05-17,65.07,65.080002,62.599998,64.120003,397700,64.120003
2006-05-16,66.389999,67.599998,65.50,65.669998,295500,65.669998
2006-05-15,66.620003,66.940002,64.510002,66.32,351500,66.32
2006-05-12,67.199997,68.139999,66.050003,66.870003,315900,66.870003
2006-05-11,71.959999,71.959999,67.550003,67.849998,407900,67.849998
2006-05-10,73.00,73.169998,71.529999,72.099998,274700,72.099998
2006-05-09,73.00,74.379997,72.50,73.550003,157200,73.550003
2006-05-08,73.839996,74.650002,73.059998,73.230003,142400,73.230003
2006-05-05,71.93,74.589996,71.93,73.779999,165100,73.779999
2006-05-04,70.300003,71.800003,69.199997,71.68,199900,71.68
2006-05-03,70.50,70.910004,69.870003,70.199997,248300,70.199997
2006-05-02,68.230003,71.709999,68.169998,70.650002,268100,70.650002
2006-05-01,70.139999,70.650002,67.400002,68.230003,507100,68.230003
2006-04-28,71.43,72.809998,69.699997,69.900002,372800,69.900002
2006-04-27,72.50,73.480003,71.400002,71.849998,256700,71.849998
2006-04-26,72.449997,72.949997,71.82,72.50,320100,72.50
2006-04-25,71.57,72.50,70.279999,72.290001,341700,72.290001
2006-04-24,73.129997,73.599998,71.510002,71.849998,333700,71.849998
2006-04-21,73.82,74.620003,72.800003,72.93,299600,72.93
2006-04-20,72.50,73.690002,72.00,73.589996,321800,73.589996
2006-04-19,69.800003,72.669998,68.099998,72.650002,776400,72.650002
2006-04-18,65.110001,67.50,65.110001,67.400002,276100,67.400002
2006-04-17,66.849998,66.860001,64.699997,65.589996,334900,65.589996
2006-04-13,62.75,66.900002,62.50,66.900002,501900,66.900002
2006-04-12,62.099998,63.41,62.00,62.75,772100,62.75
2006-04-11,58.849998,64.400002,58.849998,61.099998,1973600,61.099998
2006-04-10,54.849998,55.470001,53.939999,55.200001,212300,55.200001
2006-04-07,57.049999,57.25,54.619999,55.00,192400,55.00
2006-04-06,56.799999,57.27,56.75,57.049999,107200,57.049999
2006-04-05,56.950001,57.25,56.240002,56.799999,106900,56.799999
2006-04-04,54.23,56.860001,54.23,56.700001,160400,56.700001
2006-04-03,54.75,55.599998,54.279999,54.439999,200200,54.439999
2006-03-31,55.200001,55.400002,54.470001,55.00,125800,55.00
2006-03-30,54.77,55.099998,54.450001,54.950001,206900,54.950001
2006-03-29,53.939999,54.740002,53.25,54.669998,192900,54.669998
2006-03-28,54.27,55.02,53.799999,54.209999,217200,54.209999
2006-03-27,53.599998,54.799999,53.43,54.50,158800,54.50
2006-03-24,52.23,53.810001,52.23,53.720001,139600,53.720001
2006-03-23,51.490002,52.41,51.200001,52.380001,137300,52.380001
2006-03-22,51.490002,51.900002,50.790001,51.689999,178300,51.689999
2006-03-21,53.099998,53.220001,51.73,51.740002,155400,51.740002
2006-03-20,52.650002,53.490002,52.419998,53.349998,105900,53.349998
2006-03-17,52.900002,53.09,52.439999,52.759998,251100,52.759998
2006-03-16,53.50,53.630001,52.549999,52.900002,136400,52.900002
2006-03-15,53.00,53.599998,52.290001,52.990002,114100,52.990002
2006-03-14,51.91,53.900002,51.650002,53.610001,210200,53.610001
2006-03-13,52.279999,52.400002,51.209999,51.849998,226500,51.849998
2006-03-10,50.200001,52.540001,49.950001,52.32,212100,52.32
2006-03-09,50.599998,51.439999,50.02,50.09,84300,50.09
2006-03-08,50.07,51.169998,50.02,50.720001,234700,50.720001
2006-03-07,51.200001,51.509998,50.619999,51.029999,289300,51.029999
2006-03-06,50.290001,51.419998,49.18,51.200001,365100,51.200001
2006-03-03,50.799999,51.00,49.98,50.130001,131400,50.130001
2006-03-02,50.75,51.299999,50.25,50.970001,176200,50.970001
2006-03-01,49.799999,51.57,49.700001,51.00,246000,51.00
2006-02-28,50.709999,50.709999,49.200001,49.68,187400,49.68
2006-02-27,50.799999,51.599998,50.200001,50.91,85700,50.91
2006-02-24,49.259998,50.580002,48.900002,50.549999,195500,50.549999
2006-02-23,49.939999,50.98,49.110001,49.41,299700,49.41
2006-02-22,47.84,50.549999,47.82,50.139999,418600,50.139999
2006-02-21,47.950001,48.50,47.639999,47.849998,154100,47.849998
2006-02-17,48.400002,48.400002,46.400002,47.900002,140100,47.900002
2006-02-16,47.939999,48.50,47.91,48.25,99000,48.25
2006-02-15,47.650002,48.48,47.200001,47.740002,130000,47.740002
2006-02-14,46.950001,48.00,46.349998,47.650002,116500,47.650002
2006-02-13,47.18,47.349998,46.459999,46.950001,148300,46.950001
2006-02-10,45.50,47.119999,45.00,46.990002,371300,46.990002
2006-02-09,46.139999,46.139999,45.150002,45.330002,219300,45.330002
2006-02-08,43.029999,46.849998,42.790001,46.080002,471000,46.080002
2006-02-07,43.18,44.939999,42.84,43.110001,233900,43.110001
2006-02-06,43.00,43.330002,42.200001,43.029999,143000,43.029999
2006-02-03,43.75,43.950001,42.68,43.02,97100,43.02
2006-02-02,44.889999,44.889999,42.93,43.75,178600,43.75
2006-02-01,44.900002,45.200001,44.509998,44.889999,96800,44.889999
2006-01-31,44.799999,45.310001,44.119999,44.830002,102700,44.830002
2006-01-30,45.220001,45.599998,44.16,44.889999,163100,44.889999
2006-01-27,44.810001,45.599998,44.619999,45.119999,229200,45.119999
2006-01-26,43.50,44.91,42.299999,44.560001,353300,44.560001
2006-01-25,45.970001,48.00,41.91,43.459999,892900,43.459999
2006-01-24,40.549999,41.900002,40.169998,41.830002,120600,41.830002
2006-01-23,40.200001,41.349998,39.709999,40.41,174400,40.41
2006-01-20,41.900002,41.900002,40.00,40.110001,126400,40.110001
2006-01-19,41.34,41.77,40.549999,41.59,146800,41.59
2006-01-18,39.939999,41.09,39.73,41.09,101900,41.09
2006-01-17,40.57,40.709999,39.799999,39.939999,99700,39.939999
2006-01-13,41.009998,41.200001,40.130001,40.560001,78900,40.560001
2006-01-12,41.299999,41.299999,40.68,41.00,119300,41.00
2006-01-11,41.119999,41.599998,40.490002,41.549999,170200,41.549999
2006-01-10,40.400002,41.139999,40.209999,41.119999,120600,41.119999
2006-01-09,39.650002,40.630001,39.349998,40.549999,108700,40.549999
2006-01-06,40.099998,40.299999,39.200001,39.470001,186900,39.470001
2006-01-05,40.099998,40.099998,39.150002,39.919998,92600,39.919998
2006-01-04,41.27,41.27,39.950001,40.25,102900,40.25
2006-01-03,40.560001,41.66,38.740002,41.27,163500,41.27
2005-12-30,40.810001,40.82,40.349998,40.400002,82100,40.400002
2005-12-29,41.029999,41.119999,40.700001,40.880001,67000,40.880001
2005-12-28,40.049999,41.130001,40.049999,41.099998,76700,41.099998
2005-12-27,41.119999,41.84,39.950001,39.98,100100,39.98
2005-12-23,40.200001,41.27,40.169998,41.119999,91700,41.119999
2005-12-22,39.650002,40.439999,39.639999,40.189999,61800,40.189999
2005-12-21,38.560001,39.720001,38.560001,39.700001,131000,39.700001
2005-12-20,38.950001,38.950001,38.009998,38.459999,154100,38.459999
2005-12-19,40.439999,40.439999,38.900002,39.189999,213000,39.189999
2005-12-16,40.110001,40.490002,39.970001,40.279999,242100,40.279999
2005-12-15,39.580002,40.139999,39.009998,40.009998,153700,40.009998
2005-12-14,39.939999,40.080002,39.099998,39.59,67300,39.59
2005-12-13,39.560001,40.150002,39.490002,39.990002,128400,39.990002
2005-12-12,39.490002,40.00,39.209999,39.529999,76000,39.529999
2005-12-09,38.990002,39.779999,38.869999,39.400002,115700,39.400002
2005-12-08,38.73,39.299999,38.09,38.990002,119200,38.990002
2005-12-07,39.630001,39.669998,38.540001,38.799999,108800,38.799999
2005-12-06,39.799999,40.84,39.619999,39.73,122300,39.73
2005-12-05,39.880001,39.950001,38.77,39.689999,121900,39.689999
2005-12-02,39.400002,40.060001,38.98,39.98,138300,39.98
2005-12-01,39.84,40.439999,39.419998,39.59,190000,39.59
2005-11-30,38.799999,39.939999,38.799999,39.740002,242100,39.740002
2005-11-29,38.75,39.290001,38.040001,38.799999,162200,38.799999
2005-11-28,40.299999,40.34,38.650002,38.650002,149100,38.650002
2005-11-25,40.599998,40.689999,39.849998,40.349998,85900,40.349998
2005-11-23,39.400002,40.990002,39.400002,40.689999,149400,40.689999
2005-11-22,39.049999,39.50,38.400002,39.389999,232500,39.389999
2005-11-21,39.470001,39.57,38.849998,39.09,153900,39.09
2005-11-18,39.099998,39.470001,38.830002,39.470001,183000,39.470001
2005-11-17,38.50,39.150002,38.240002,39.110001,182700,39.110001
2005-11-16,38.77,38.77,37.939999,38.299999,189900,38.299999
2005-11-15,38.759998,39.07,38.119999,38.57,205400,38.57
2005-11-14,38.599998,39.150002,38.00,38.810001,271700,38.810001
2005-11-11,37.849998,39.25,37.669998,38.57,145300,38.57
2005-11-10,36.950001,38.00,36.650002,38.00,226900,38.00
2005-11-09,37.400002,37.790001,36.009998,37.00,382700,37.00
2005-11-08,37.700001,39.41,37.68,38.849998,374000,38.849998
2005-11-07,38.09,38.43,37.57,37.75,422000,37.75
2005-11-04,36.759998,38.220001,36.700001,38.09,297200,38.09
2005-11-03,36.599998,37.049999,36.41,36.549999,235700,36.549999
2005-11-02,35.349998,36.48,35.349998,36.450001,231100,36.450001
2005-11-01,34.599998,35.709999,34.549999,35.349998,278200,35.349998
2005-10-31,33.549999,34.740002,33.549999,34.349998,192100,34.349998
2005-10-28,33.00,33.759998,32.939999,33.450001,135700,33.450001
2005-10-27,33.700001,34.66,32.990002,33.150002,308500,33.150002
2005-10-26,34.02,34.860001,33.43,33.57,222300,33.57
2005-10-25,34.610001,34.650002,33.799999,34.189999,172100,34.189999
2005-10-24,33.200001,34.830002,33.119999,34.610001,246900,34.610001
2005-10-21,31.90,34.299999,31.90,33.419998,529200,33.419998
2005-10-20,32.25,32.849998,31.74,31.799999,320700,31.799999
2005-10-19,30.50,32.439999,30.40,32.00,1156900,32.00
2005-10-18,28.74,29.10,28.41,28.559999,113300,28.559999
2005-10-17,28.940001,29.25,28.459999,28.889999,89900,28.889999
2005-10-14,29.120001,29.41,28.40,28.940001,155100,28.940001
2005-10-13,28.57,29.719999,28.299999,29.00,216300,29.00
2005-10-12,29.049999,29.110001,28.129999,28.67,113600,28.67
2005-10-11,29.60,29.60,28.60,28.879999,136300,28.879999
2005-10-10,30.82,30.82,29.549999,29.58,44600,29.58
2005-10-07,29.969999,30.41,29.65,29.870001,47000,29.870001
2005-10-06,29.50,30.35,29.42,29.92,95700,29.92
2005-10-05,30.389999,30.389999,29.309999,29.50,148900,29.50
2005-10-04,30.25,31.049999,29.879999,30.389999,169600,30.389999
2005-10-03,29.950001,30.35,29.790001,30.059999,104100,30.059999
2005-09-30,30.049999,30.360001,29.67,29.860001,122300,29.860001
2005-09-29,29.18,30.299999,29.01,29.950001,105600,29.950001
2005-09-28,29.26,29.709999,29.00,29.23,72300,29.23
2005-09-27,29.23,29.620001,28.950001,29.219999,84300,29.219999
2005-09-26,29.620001,29.799999,29.139999,29.23,69100,29.23
2005-09-23,29.00,29.75,28.950001,29.41,84200,29.41
2005-09-22,29.15,29.299999,28.41,29.00,118900,29.00
2005-09-21,30.15,30.17,29.190001,29.190001,174600,29.190001
2005-09-20,30.51,30.75,30.26,30.469999,107200,30.469999
2005-09-19,30.85,30.969999,30.200001,30.290001,127200,30.290001
2005-09-16,30.82,31.23,30.82,30.85,153900,30.85
2005-09-15,30.75,30.809999,30.299999,30.59,48300,30.59
2005-09-14,31.610001,31.809999,30.65,30.700001,65900,30.700001
2005-09-13,31.10,31.790001,31.10,31.41,113500,31.41
2005-09-12,31.00,31.450001,30.709999,31.10,99700,31.10
2005-09-09,30.950001,31.33,30.690001,31.00,56200,31.00
2005-09-08,31.00,31.059999,30.66,30.950001,58700,30.950001
2005-09-07,30.950001,31.60,30.809999,31.00,185800,31.00
2005-09-06,30.709999,31.540001,30.65,31.00,236000,31.00
2005-09-02,30.950001,31.110001,30.360001,30.57,84000,30.57
2005-09-01,30.40,31.35,30.299999,30.84,191600,30.84
2005-08-31,30.389999,30.75,30.120001,30.49,76800,30.49
2005-08-30,30.65,30.90,30.17,30.309999,81800,30.309999
2005-08-29,30.59,30.91,30.00,30.75,111800,30.75
2005-08-26,31.120001,31.190001,30.42,30.58,68100,30.58
2005-08-25,31.049999,31.440001,30.950001,31.07,108400,31.07
2005-08-24,31.40,31.700001,30.82,30.90,73400,30.90
2005-08-23,31.75,31.790001,31.02,31.299999,64800,31.299999
2005-08-22,31.50,32.02,31.40,31.75,66100,31.75
2005-08-19,31.540001,31.60,31.26,31.389999,33200,31.389999
2005-08-18,31.700001,31.83,31.41,31.540001,91400,31.540001
2005-08-17,32.27,32.279999,31.66,31.700001,101400,31.700001
2005-08-16,32.75,32.75,32.25,32.290001,75000,32.290001
2005-08-15,32.700001,32.970001,32.349998,32.669998,137600,32.669998
2005-08-12,32.869999,32.91,32.389999,32.650002,84300,32.650002
2005-08-11,32.860001,33.150002,32.599998,32.970001,161000,32.970001
2005-08-10,33.450001,34.099998,32.560001,32.959999,138900,32.959999
2005-08-09,32.84,33.75,32.84,33.299999,72600,33.299999
2005-08-08,33.610001,33.630001,32.240002,33.09,141200,33.09
2005-08-05,33.889999,33.950001,33.150002,33.610001,91600,33.610001
2005-08-04,35.00,35.00,33.509998,33.889999,98800,33.889999
2005-08-03,34.91,35.220001,34.57,35.00,120000,35.00
2005-08-02,34.25,34.950001,34.25,34.91,116900,34.91
2005-08-01,34.50,34.66,34.00,34.240002,134800,34.240002
2005-07-29,33.990002,34.529999,33.98,34.41,180300,34.41
2005-07-28,33.470001,34.099998,33.389999,34.099998,95600,34.099998
2005-07-27,33.459999,33.490002,32.849998,33.400002,102800,33.400002
2005-07-26,32.580002,33.59,32.470001,33.509998,156800,33.509998
2005-07-25,32.740002,33.27,32.50,32.599998,137100,32.599998
2005-07-22,32.73,33.00,32.330002,32.740002,137600,32.740002
2005-07-21,32.849998,32.98,32.43,32.75,108000,32.75
2005-07-20,33.349998,33.849998,32.650002,33.009998,382000,33.009998
2005-07-19,32.400002,33.009998,32.150002,32.650002,221200,32.650002
2005-07-18,32.509998,32.75,32.200001,32.209999,410700,32.209999
2005-07-15,32.200001,32.599998,32.189999,32.52,160300,32.52
2005-07-14,32.529999,32.560001,32.18,32.220001,107600,32.220001
2005-07-13,32.41,32.41,32.07,32.279999,105100,32.279999
2005-07-12,32.50,32.959999,31.91,32.50,202400,32.50
2005-07-11,31.52,33.07,31.52,32.50,330900,32.50
2005-07-08,30.860001,31.60,30.860001,31.549999,151800,31.549999
2005-07-07,30.02,30.98,30.00,30.85,118200,30.85
2005-07-06,30.049999,30.280001,29.950001,30.10,100700,30.10
2005-07-05,29.940001,30.33,29.66,30.16,201700,30.16
2005-07-01,30.40,30.50,29.73,30.00,263400,30.00
2005-06-30,31.549999,31.610001,30.309999,30.43,160000,30.43
2005-06-29,31.549999,31.549999,31.25,31.42,55600,31.42
2005-06-28,30.93,31.790001,30.93,31.549999,167100,31.549999
2005-06-27,31.00,31.00,30.50,30.83,124200,30.83
2005-06-24,30.50,31.00,30.35,30.90,130300,30.90
2005-06-23,30.52,30.77,30.309999,30.50,107100,30.50
2005-06-22,31.02,31.40,30.65,30.75,152100,30.75
2005-06-21,30.35,31.110001,30.35,30.940001,169300,30.940001
2005-06-20,30.190001,30.299999,29.950001,30.25,92400,30.25
2005-06-17,30.35,30.58,30.01,30.18,200100,30.18
2005-06-16,29.75,30.219999,29.75,30.10,115700,30.10
2005-06-15,29.200001,30.00,29.129999,29.700001,172800,29.700001
2005-06-14,29.049999,29.389999,29.02,29.15,104000,29.15
2005-06-13,29.030001,29.190001,28.85,29.00,92100,29.00
2005-06-10,28.780001,29.07,28.76,28.98,182000,28.98
2005-06-09,28.74,28.99,28.620001,28.75,137700,28.75
2005-06-08,28.73,28.99,28.610001,28.74,78500,28.74
2005-06-07,28.98,29.25,28.60,28.60,159800,28.60
2005-06-06,29.10,29.280001,28.879999,29.01,130000,29.01
2005-06-03,28.780001,29.24,28.74,28.950001,158100,28.950001
2005-06-02,28.559999,28.74,28.280001,28.60,214000,28.60
2005-06-01,28.25,29.26,28.25,28.549999,168700,28.549999
2005-05-31,28.309999,28.450001,28.190001,28.27,106800,28.27
2005-05-27,28.370001,28.450001,28.07,28.299999,95900,28.299999
2005-05-26,28.200001,28.629999,28.18,28.35,217100,28.35
2005-05-25,27.799999,27.950001,27.50,27.84,147300,27.84
2005-05-24,28.200001,28.49,27.90,27.93,138700,27.93
2005-05-23,27.98,28.42,27.98,28.200001,92400,28.200001
2005-05-20,27.950001,28.219999,27.60,28.00,104800,28.00
2005-05-19,27.66,28.129999,27.60,27.99,90800,27.99
2005-05-18,26.65,27.66,26.65,27.66,194100,27.66
2005-05-17,26.790001,26.799999,26.24,26.40,178400,26.40
2005-05-16,26.549999,27.15,26.549999,26.790001,157100,26.790001
2005-05-13,26.799999,26.969999,26.440001,26.58,143000,26.58
2005-05-12,27.25,27.309999,26.620001,26.82,139600,26.82
2005-05-11,27.059999,27.50,26.48,27.33,148600,27.33
2005-05-10,27.700001,27.700001,27.01,27.059999,89500,27.059999
2005-05-09,27.25,28.030001,27.16,27.790001,108000,27.790001
2005-05-06,27.299999,27.60,27.16,27.299999,136200,27.299999
2005-05-05,26.90,27.879999,26.799999,27.200001,152000,27.200001
2005-05-04,26.75,27.15,26.40,26.90,288700,26.90
2005-05-03,27.34,27.50,26.90,27.059999,197200,27.059999
2005-05-02,27.700001,27.76,27.389999,27.59,221400,27.59
2005-04-29,27.68,27.780001,27.459999,27.65,181600,27.65
2005-04-28,28.00,28.219999,27.34,27.690001,180900,27.690001
2005-04-27,27.67,28.09,27.34,28.01,200500,28.01
2005-04-26,27.950001,27.950001,27.299999,27.50,244000,27.50
2005-04-25,28.10,28.450001,27.60,27.969999,263600,27.969999
2005-04-22,27.85,28.00,27.40,27.75,299800,27.75
2005-04-21,26.950001,28.120001,26.10,27.76,937300,27.76
2005-04-20,30.00,32.00,26.75,26.90,3974000,26.90
2005-04-19,35.849998,36.349998,35.700001,35.889999,176700,35.889999
2005-04-18,35.25,36.150002,35.25,35.849998,171000,35.849998
2005-04-15,35.650002,35.93,35.119999,35.349998,191100,35.349998
2005-04-14,37.049999,37.299999,35.75,35.75,169700,35.75
2005-04-13,37.099998,37.400002,36.66,37.049999,103800,37.049999
2005-04-12,37.00,37.07,36.419998,37.00,242900,37.00
2005-04-11,37.529999,37.700001,36.830002,37.009998,115900,37.009998
2005-04-08,37.700001,37.75,37.349998,37.529999,123800,37.529999
2005-04-07,37.459999,37.82,37.360001,37.669998,105500,37.669998
2005-04-06,37.529999,37.75,37.380001,37.459999,236800,37.459999
2005-04-05,38.00,38.00,37.259998,37.380001,389700,37.380001
2005-04-04,36.50,37.549999,36.50,37.150002,163400,37.150002
2005-04-01,37.00,37.060001,36.209999,36.549999,146500,36.549999
2005-03-31,37.200001,37.209999,36.110001,36.59,484000,36.59
2005-03-30,37.200001,37.68,37.200001,37.52,123300,37.52
2005-03-29,37.57,37.900002,36.77,37.049999,276200,37.049999
2005-03-28,38.299999,38.439999,37.619999,37.720001,182100,37.720001
2005-03-24,38.169998,38.57,37.970001,38.240002,116900,38.240002
2005-03-23,39.099998,39.099998,38.110001,38.23,151200,38.23
2005-03-22,39.50,39.950001,38.810001,39.00,137100,39.00
2005-03-21,39.849998,39.98,39.23,39.50,117200,39.50
2005-03-18,40.16,40.16,39.599998,39.970001,359100,39.970001
2005-03-17,40.279999,40.580002,40.00,40.150002,96000,40.150002
2005-03-16,40.75,40.75,40.009998,40.279999,137500,40.279999
2005-03-15,41.400002,41.529999,40.560001,40.849998,130000,40.849998
2005-03-14,40.549999,41.349998,40.549999,41.029999,120300,41.029999
2005-03-11,41.810001,41.810001,40.279999,40.450001,237300,40.450001
2005-03-10,41.279999,41.860001,41.009998,41.860001,187200,41.860001
2005-03-09,41.18,41.380001,40.900002,41.189999,460500,41.189999
2005-03-08,41.009998,41.580002,40.709999,41.299999,139000,41.299999
2005-03-07,40.990002,41.599998,40.810001,41.16,144500,41.16
2005-03-04,40.360001,41.619999,40.360001,40.98,155400,40.98
2005-03-03,40.549999,40.630001,39.650002,40.209999,101700,40.209999
2005-03-02,40.400002,40.889999,39.900002,40.349998,156000,40.349998
2005-03-01,39.150002,40.48,39.150002,40.48,235600,40.48
2005-02-28,39.099998,39.68,38.950001,39.549999,238600,39.549999
2005-02-25,38.830002,39.279999,38.599998,39.00,128000,39.00
2005-02-24,39.200001,39.209999,38.360001,38.740002,490100,38.740002
2005-02-23,39.75,40.099998,38.759998,39.200001,209800,39.200001
2005-02-22,40.200001,40.200001,39.619999,39.619999,366100,39.619999
2005-02-18,40.540001,40.84,39.950001,40.23,228600,40.23
2005-02-17,40.599998,41.00,40.279999,40.299999,151900,40.299999
2005-02-16,40.549999,40.919998,40.310001,40.689999,147000,40.689999
2005-02-15,41.650002,41.93,40.98,41.18,217900,41.18
2005-02-14,41.75,41.849998,41.50,41.810001,114500,41.810001
2005-02-11,40.880001,41.970001,40.75,41.779999,157800,41.779999
2005-02-10,41.419998,41.419998,40.84,41.18,176600,41.18
2005-02-09,40.950001,41.50,40.849998,41.25,278200,41.25
2005-02-08,39.950001,41.200001,39.950001,41.150002,478900,41.150002
2005-02-07,39.50,40.150002,39.41,39.810001,192200,39.810001
2005-02-04,39.00,39.68,39.00,39.650002,179500,39.650002
2005-02-03,39.599998,39.630001,39.119999,39.50,269100,39.50
2005-02-02,39.119999,40.09,39.029999,40.00,242000,40.00
2005-02-01,40.049999,40.060001,38.75,39.02,705000,39.02
2005-01-31,40.00,40.50,39.50,39.580002,398700,39.580002
2005-01-28,40.200001,40.200001,39.439999,40.00,329200,40.00
2005-01-27,40.00,40.220001,39.07,40.200001,544300,40.200001
2005-01-26,41.00,41.299999,39.799999,40.099998,675000,40.099998
2005-01-25,43.029999,43.389999,42.150002,42.880001,272200,42.880001
2005-01-24,43.950001,44.200001,42.830002,42.830002,203900,42.830002
2005-01-21,44.75,44.75,43.41,43.82,117000,43.82
2005-01-20,45.32,45.32,44.560001,44.66,115100,44.66
2005-01-19,47.029999,47.029999,45.080002,45.419998,192300,45.419998
2005-01-18,45.75,47.349998,45.619999,47.18,112100,47.18
2005-01-14,45.650002,46.209999,45.540001,46.150002,66500,46.150002
2005-01-13,47.00,47.049999,45.529999,45.529999,84700,45.529999
2005-01-12,46.450001,46.900002,46.189999,46.740002,103800,46.740002
2005-01-11,47.099998,47.099998,46.169998,46.529999,139200,46.529999
2005-01-10,46.50,47.57,46.400002,46.84,76300,46.84
2005-01-07,46.700001,46.900002,45.869999,46.43,111000,46.43
2005-01-06,46.119999,46.529999,45.740002,46.27,98100,46.27
2005-01-05,47.00,47.00,45.720001,46.099998,180500,46.099998
2005-01-04,47.299999,48.049999,46.860001,47.080002,199100,47.080002
2005-01-03,48.049999,48.549999,47.029999,47.119999,126400,47.119999
2004-12-31,48.25,48.50,47.950001,47.950001,87900,47.950001
2004-12-30,48.57,48.73,48.290001,48.360001,52300,48.360001
2004-12-29,49.200001,49.299999,48.41,48.77,68000,48.77
2004-12-28,48.50,49.209999,48.50,49.00,65400,49.00
2004-12-27,49.50,49.57,48.43,48.599998,50400,48.599998
2004-12-23,49.599998,49.900002,49.25,49.369999,62700,49.369999
2004-12-22,47.599998,49.349998,47.540001,49.259998,162900,49.259998
2004-12-21,47.150002,47.669998,46.970001,47.299999,109000,47.299999
2004-12-20,47.650002,47.849998,46.84,47.00,142000,47.00
2004-12-17,47.209999,47.459999,46.849998,47.049999,146600,47.049999
2004-12-16,47.00,47.799999,47.00,47.459999,86800,47.459999
2004-12-15,47.650002,48.209999,47.419998,47.849998,139500,47.849998
2004-12-14,47.450001,48.150002,47.23,47.700001,153300,47.700001
2004-12-13,47.349998,47.700001,47.029999,47.439999,116900,47.439999
2004-12-10,46.650002,47.00,46.439999,46.849998,100700,46.849998
2004-12-09,46.799999,46.98,46.279999,46.75,134900,46.75
2004-12-08,45.34,46.84,45.34,46.799999,142500,46.799999
2004-12-07,46.599998,47.00,45.27,45.369999,86100,45.369999
2004-12-06,46.900002,46.98,46.200001,46.50,91800,46.50
2004-12-03,47.00,47.040001,46.740002,47.00,111400,47.00
2004-12-02,46.900002,47.200001,46.509998,47.00,160500,47.00
2004-12-01,46.009998,47.09,45.799999,47.00,194400,47.00
2004-11-30,46.48,46.50,45.799999,46.009998,102800,46.009998
2004-11-29,45.700001,46.650002,45.360001,46.41,205600,46.41
2004-11-26,45.549999,45.66,45.119999,45.57,39400,45.57
2004-11-24,45.049999,45.23,44.66,45.119999,123700,45.119999
2004-11-23,44.50,45.09,44.18,44.68,165500,44.68
2004-11-22,44.650002,44.830002,43.349998,43.900002,238800,43.900002
2004-11-19,46.150002,46.150002,44.779999,44.799999,133000,44.799999
2004-11-18,46.299999,46.50,46.130001,46.25,74100,46.25
2004-11-17,45.98,46.75,45.98,46.290001,192900,46.290001
2004-11-16,48.700001,48.709999,45.720001,45.73,457000,45.73
2004-11-15,48.990002,49.419998,48.830002,49.049999,126500,49.049999
2004-11-12,46.509998,48.950001,46.50,48.950001,228500,48.950001
2004-11-11,46.619999,46.720001,46.150002,46.509998,154900,46.509998
2004-11-10,46.50,46.709999,46.209999,46.50,206500,46.50
2004-11-09,45.50,46.580002,45.349998,46.400002,127500,46.400002
2004-11-08,45.790001,45.790001,44.799999,45.490002,141900,45.490002
2004-11-05,44.759998,45.779999,44.400002,45.779999,175300,45.779999
2004-11-04,44.150002,44.509998,43.799999,44.509998,109700,44.509998
2004-11-03,44.25,44.459999,43.799999,44.299999,380300,44.299999
2004-11-02,43.959999,44.25,43.099998,43.41,93400,43.41
2004-11-01,43.799999,44.130001,43.400002,44.060001,83000,44.060001
2004-10-29,44.00,44.25,43.419998,43.73,106000,43.73
2004-10-28,44.150002,44.48,43.619999,44.200001,149000,44.200001
2004-10-27,43.049999,44.009998,42.84,44.009998,185000,44.009998
2004-10-26,43.00,43.349998,42.880001,42.900002,141400,42.900002
2004-10-25,42.549999,43.189999,42.349998,43.060001,139000,43.060001
2004-10-22,43.00,43.650002,42.310001,42.669998,158600,42.669998
2004-10-21,42.200001,43.09,41.700001,43.09,335600,43.09
2004-10-20,38.00,42.25,38.00,41.880001,515700,41.880001
2004-10-19,38.34,39.25,37.709999,37.900002,265300,37.900002
2004-10-18,37.650002,38.740002,37.150002,38.139999,169800,38.139999
2004-10-15,37.650002,38.790001,37.580002,37.759998,155100,37.759998
2004-10-14,38.549999,38.599998,37.599998,37.650002,196000,37.650002
2004-10-13,39.200001,39.450001,38.689999,38.689999,121500,38.689999
2004-10-12,38.799999,39.200001,38.700001,39.00,127400,39.00
2004-10-11,38.799999,39.41,38.700001,39.299999,178500,39.299999
2004-10-08,40.400002,40.400002,38.599998,38.709999,225800,38.709999
2004-10-07,40.779999,40.880001,40.099998,40.450001,128000,40.450001
2004-10-06,39.900002,41.150002,39.810001,40.860001,176700,40.860001
2004-10-05,40.299999,40.32,39.73,39.799999,149200,39.799999
2004-10-04,40.150002,40.50,39.950001,40.189999,142600,40.189999
2004-10-01,39.75,40.18,39.75,40.150002,149200,40.150002
2004-09-30,40.049999,40.279999,39.52,39.59,137400,39.59
2004-09-29,39.830002,40.400002,39.830002,40.00,117800,40.00
2004-09-28,39.849998,40.380001,39.720001,39.779999,180000,39.779999
2004-09-27,40.50,40.50,39.720001,39.75,229800,39.75
2004-09-24,41.00,41.259998,40.630001,40.799999,148100,40.799999
2004-09-23,40.709999,41.959999,40.259998,41.09,215300,41.09
2004-09-22,41.98,41.98,40.82,40.91,190400,40.91
2004-09-21,40.25,42.380001,40.25,42.259998,196700,42.259998
2004-09-20,41.880001,41.880001,40.009998,40.16,214200,40.16
2004-09-17,42.240002,42.299999,41.849998,41.869999,143100,41.869999
2004-09-16,42.02,42.490002,41.939999,42.09,118900,42.09
2004-09-15,42.23,42.369999,41.50,41.970001,209700,41.970001
2004-09-14,42.650002,42.650002,42.02,42.240002,140400,42.240002
2004-09-13,42.150002,42.580002,42.130001,42.50,131200,42.50
2004-09-10,42.200001,42.400002,41.900002,42.279999,142900,42.279999
2004-09-09,42.25,42.43,41.830002,42.139999,132600,42.139999
2004-09-08,42.75,42.990002,42.169998,42.169998,92700,42.169998
2004-09-07,42.990002,43.099998,42.599998,42.799999,182000,42.799999
2004-09-03,43.009998,43.240002,42.540001,42.75,245000,42.75
2004-09-02,42.209999,43.150002,41.869999,43.00,201600,43.00
2004-09-01,43.169998,43.990002,42.34,42.459999,297200,42.459999
2004-08-31,42.990002,43.240002,42.77,43.099998,193200,43.099998
2004-08-30,44.200001,44.200001,42.810001,42.990002,129000,42.990002
2004-08-27,44.540001,44.59,43.799999,44.349998,211200,44.349998
2004-08-26,44.00,44.610001,43.900002,44.540001,147200,44.540001
2004-08-25,43.50,43.860001,42.900002,43.849998,199900,43.849998
2004-08-24,44.349998,44.59,43.279999,43.279999,282300,43.279999
2004-08-23,44.599998,44.880001,44.150002,44.25,198400,44.25
2004-08-20,44.290001,44.740002,44.00,44.700001,219900,44.700001
2004-08-19,44.110001,44.380001,43.830002,44.25,235200,44.25
2004-08-18,42.279999,44.119999,41.73,44.099998,179800,44.099998
2004-08-17,42.099998,42.709999,41.98,42.419998,209700,42.419998
2004-08-16,41.360001,41.91,41.360001,41.880001,188900,41.880001
2004-08-13,40.77,41.970001,40.52,41.240002,90200,41.240002
2004-08-12,41.549999,41.84,40.669998,40.700001,143400,40.700001
2004-08-11,43.00,43.00,41.060001,41.599998,275300,41.599998
2004-08-10,40.599998,43.43,40.599998,43.43,486100,43.43
2004-08-09,39.849998,41.00,39.810001,40.939999,225300,40.939999
2004-08-06,39.73,40.189999,39.099998,39.599998,147300,39.599998
2004-08-05,40.060001,40.700001,39.799999,39.91,70500,39.91
2004-08-04,40.25,40.50,39.50,40.130001,131500,40.130001
2004-08-03,41.169998,41.400002,40.209999,40.349998,125900,40.349998
2004-08-02,40.650002,41.169998,39.810001,41.169998,143500,41.169998
2004-07-30,40.400002,40.900002,39.849998,40.75,151700,40.75
2004-07-29,40.799999,41.049999,40.00,40.279999,115100,40.279999
2004-07-28,40.599998,41.150002,39.919998,40.860001,202800,40.860001
2004-07-27,39.459999,40.549999,39.459999,40.349998,250200,40.349998
2004-07-26,39.200001,39.599998,39.07,39.450001,427200,39.450001
2004-07-23,39.849998,39.849998,38.700001,39.200001,439300,39.200001
2004-07-22,42.009998,42.009998,39.41,40.00,792200,40.00
2004-07-21,43.41,44.50,42.189999,42.189999,648000,42.189999
2004-07-20,40.799999,43.599998,40.799999,43.400002,422100,43.400002
2004-07-19,40.75,41.799999,40.529999,40.82,203300,40.82
2004-07-16,41.400002,41.580002,40.869999,40.900002,82200,40.900002
2004-07-15,41.650002,41.779999,41.150002,41.34,99800,41.34
2004-07-14,42.200001,42.349998,41.700001,41.759998,187300,41.759998
2004-07-13,43.25,43.299999,42.099998,42.299999,191600,42.299999
2004-07-12,41.669998,43.25,41.299999,43.25,223800,43.25
2004-07-09,41.299999,41.790001,41.25,41.540001,359300,41.540001
2004-07-08,42.25,42.25,41.119999,41.299999,342600,41.299999
2004-07-07,42.25,43.00,41.630001,42.310001,349600,42.310001
2004-07-06,44.060001,44.060001,42.169998,42.419998,353900,42.419998
2004-07-02,44.349998,44.349998,43.50,44.060001,320100,44.060001
2004-07-01,45.099998,45.25,44.110001,44.349998,287000,44.349998
2004-06-30,46.080002,46.119999,45.220001,45.23,205100,45.23
2004-06-29,46.349998,46.639999,46.049999,46.07,237500,46.07
2004-06-28,45.900002,46.560001,45.060001,46.50,288900,46.50
2004-06-25,46.639999,46.900002,45.549999,46.299999,823100,46.299999
2004-06-24,46.959999,46.959999,45.389999,46.630001,251500,46.630001
2004-06-23,46.599998,47.23,46.490002,47.09,213300,47.09
2004-06-22,45.25,47.00,45.25,46.740002,297700,46.740002
2004-06-21,45.41,45.75,44.43,45.299999,293700,45.299999
2004-06-18,45.93,46.360001,45.400002,45.41,169900,45.41
2004-06-17,46.900002,46.900002,45.93,45.950001,493800,45.950001
2004-06-16,47.099998,47.27,46.75,47.150002,97200,47.150002
2004-06-15,46.799999,47.369999,46.400002,46.75,262900,46.75
2004-06-14,46.860001,46.919998,46.360001,46.650002,128300,46.650002
2004-06-10,48.240002,48.240002,46.849998,46.950001,155400,46.950001
2004-06-09,48.049999,48.049999,46.73,47.990002,153700,47.990002
2004-06-08,47.849998,48.220001,47.700001,48.110001,66100,48.110001
2004-06-07,46.700001,47.900002,46.700001,47.700001,133500,47.700001
2004-06-04,46.349998,47.450001,46.349998,46.50,203100,46.50
2004-06-03,48.049999,48.049999,46.360001,46.580002,152900,46.580002
2004-06-02,48.220001,48.240002,47.509998,48.040001,97300,48.040001
2004-06-01,48.50,48.66,47.490002,48.169998,155100,48.169998
2004-05-28,49.279999,49.330002,48.220001,48.400002,128300,48.400002
2004-05-27,48.900002,49.48,48.849998,49.380001,99100,49.380001
2004-05-26,48.48,49.700001,48.48,49.549999,96700,49.549999
2004-05-25,47.029999,48.599998,47.00,48.43,135200,48.43
2004-05-24,48.349998,49.119999,47.02,47.02,160300,47.02
2004-05-21,47.75,48.450001,47.580002,48.240002,66700,48.240002
2004-05-20,47.77,48.049999,47.400002,47.950001,96300,47.950001
2004-05-19,47.150002,48.50,47.150002,47.619999,57500,47.619999
2004-05-18,46.91,47.080002,45.82,47.009998,329300,47.009998
2004-05-17,47.900002,48.169998,46.66,46.84,398600,46.84
2004-05-14,48.00,48.279999,47.799999,48.279999,88000,48.279999
2004-05-13,48.279999,48.700001,48.009998,48.099998,124600,48.099998
2004-05-12,48.799999,49.00,48.00,48.380001,164900,48.380001
2004-05-11,48.150002,49.27,48.049999,48.84,113600,48.84
2004-05-10,47.540001,48.490002,46.50,47.950001,289700,47.950001
2004-05-07,48.25,48.700001,47.599998,47.639999,329300,47.639999
2004-05-06,48.900002,48.900002,48.150002,48.360001,138500,48.360001
2004-05-05,48.049999,49.490002,48.049999,48.900002,121400,48.900002
2004-05-04,48.00,48.400002,47.02,47.900002,196100,47.900002
2004-05-03,48.419998,49.349998,47.939999,48.099998,117000,48.099998
2004-04-30,48.700001,49.09,47.91,48.419998,127500,48.419998
2004-04-29,49.810001,50.400002,48.549999,48.759998,198000,48.759998
2004-04-28,52.00,52.00,49.790001,49.799999,223100,49.799999
2004-04-27,52.00,52.59,52.00,52.00,110600,52.00
2004-04-26,52.599998,53.50,51.849998,52.25,148400,52.25
2004-04-23,52.349998,53.189999,51.25,52.549999,218000,52.549999
2004-04-22,49.599998,52.75,49.599998,51.950001,303000,51.950001
2004-04-21,50.00,50.00,48.650002,49.700001,464800,49.700001
2004-04-20,51.84,52.700001,51.700001,51.75,136700,51.75
2004-04-19,52.450001,52.75,51.450001,51.84,115200,51.84
2004-04-16,52.50,52.799999,52.130001,52.549999,159300,52.549999
2004-04-15,54.16,54.16,51.110001,52.50,384900,52.50
2004-04-14,54.400002,54.84,54.029999,54.259998,181500,54.259998
2004-04-13,55.450001,55.650002,54.150002,54.330002,233700,54.330002
2004-04-12,55.349998,55.700001,55.259998,55.48,82400,55.48
2004-04-08,56.00,56.00,54.759998,54.93,132600,54.93
2004-04-07,55.349998,56.240002,55.200001,55.549999,94400,55.549999
2004-04-06,54.650002,55.68,54.650002,55.330002,126300,55.330002
2004-04-05,54.50,55.080002,54.200001,54.970001,91500,54.970001
2004-04-02,54.349998,54.740002,53.669998,54.25,169800,54.25
2004-04-01,54.00,54.299999,53.66,54.00,111300,54.00
2004-03-31,54.200001,54.50,53.75,54.150002,109800,54.150002
2004-03-30,55.68,55.68,54.200001,54.349998,171200,54.349998
2004-03-29,54.349998,55.950001,54.349998,55.880001,161500,55.880001
2004-03-26,53.73,54.619999,53.599998,54.50,111000,54.50
2004-03-25,51.50,53.400002,51.18,53.23,204900,53.23
2004-03-24,51.279999,51.299999,50.75,50.759998,131100,50.759998
2004-03-23,51.950001,52.349998,51.200001,51.380001,123800,51.380001
2004-03-22,52.119999,52.169998,51.00,51.700001,268900,51.700001
2004-03-19,53.200001,53.349998,52.200001,52.240002,163500,52.240002
2004-03-18,53.099998,53.75,53.099998,53.200001,74100,53.200001
2004-03-17,53.220001,53.939999,53.049999,53.299999,124300,53.299999
2004-03-16,53.950001,54.700001,52.650002,52.950001,281800,52.950001
2004-03-15,55.07,55.07,53.779999,53.799999,176200,53.799999
2004-03-12,54.09,55.099998,54.09,55.00,116700,55.00
2004-03-11,55.099998,55.349998,54.00,54.09,175700,54.09
2004-03-10,57.400002,57.400002,55.150002,55.959999,114500,55.959999
2004-03-09,56.75,57.77,56.700001,56.849998,132900,56.849998
2004-03-08,57.00,57.299999,56.360001,56.849998,138900,56.849998
2004-03-05,56.700001,59.59,56.700001,56.900002,299200,56.900002
2004-03-04,53.41,58.639999,52.799999,57.630001,396900,57.630001
2004-03-03,52.549999,53.599998,52.50,53.400002,113700,53.400002
2004-03-02,52.400002,53.389999,52.400002,52.599998,216300,52.599998
2004-03-01,51.75,52.299999,51.50,52.299999,154400,52.299999
2004-02-27,52.200001,52.299999,51.400002,51.52,86300,51.52
2004-02-26,52.00,52.00,51.00,51.970001,75100,51.970001
2004-02-25,50.099998,52.00,50.099998,52.00,149700,52.00
2004-02-24,50.50,50.779999,50.240002,50.50,106300,50.50
2004-02-23,51.75,52.299999,50.799999,51.049999,168500,51.049999
2004-02-20,50.950001,52.150002,50.950001,51.560001,144000,51.560001
2004-02-19,51.099998,51.200001,50.950001,51.099998,293300,51.099998
2004-02-18,50.599998,51.150002,50.299999,51.139999,152100,51.139999
2004-02-17,50.200001,51.48,50.200001,50.75,169500,50.75
2004-02-13,50.98,51.299999,50.450001,50.599998,268400,50.599998
2004-02-12,48.75,51.700001,48.75,51.049999,621000,51.049999
2004-02-11,47.900002,49.900002,47.849998,49.669998,549000,49.669998
2004-02-10,46.939999,48.700001,46.939999,48.00,300200,48.00
2004-02-09,46.650002,46.939999,46.099998,46.939999,200400,46.939999
2004-02-06,44.799999,47.00,44.799999,46.75,185800,46.75
2004-02-05,45.00,45.43,45.00,45.150002,200800,45.150002
2004-02-04,46.700001,47.150002,45.00,45.00,184800,45.00
2004-02-03,46.259998,46.259998,45.459999,46.029999,170700,46.029999
2004-02-02,46.549999,46.75,45.91,46.259998,210800,46.259998
2004-01-30,45.549999,47.580002,45.549999,46.950001,236500,46.950001
2004-01-29,45.950001,46.450001,45.200001,45.650002,206800,45.650002
2004-01-28,47.299999,48.00,45.00,45.450001,566700,45.450001
2004-01-27,46.889999,48.00,46.599998,47.700001,373900,47.700001
2004-01-26,47.200001,47.849998,46.939999,47.389999,316600,47.389999
2004-01-23,48.75,49.00,47.549999,47.549999,394500,47.549999
2004-01-22,46.75,49.00,46.599998,49.00,528700,49.00
2004-01-21,45.099998,47.00,45.00,47.00,367800,47.00
2004-01-20,44.75,45.990002,44.75,45.299999,301200,45.299999
2004-01-16,45.299999,46.720001,45.299999,46.169998,619200,46.169998
2004-01-15,42.900002,45.400002,42.75,45.07,677900,45.07
2004-01-14,41.75,43.240002,41.549999,42.599998,816800,42.599998
2004-01-13,41.75,41.900002,41.540001,41.75,447900,41.75
2004-01-12,41.25,42.09,41.25,42.00,402800,42.00
2004-01-09,41.75,42.200001,41.349998,41.349998,690100,41.349998
2004-01-08,43.00,43.580002,42.139999,42.400002,1001500,42.400002
2004-01-07,42.299999,44.50,42.200001,43.540001,1075400,43.540001
2004-01-06,41.650002,42.650002,41.099998,42.560001,670700,42.560001
2004-01-05,43.549999,43.549999,42.00,42.299999,874600,42.299999
2004-01-02,41.57,43.400002,41.57,43.00,1011300,43.00
