Date,Open,High,Low,Close,Volume,Adj_Close
2016-04-01,220.26,220.26,220.26,220.26,000,220.26
2016-03-31,219.80,219.80,219.80,219.80,000,219.80
2016-03-30,221.00,221.00,221.00,221.00,000,221.00
2016-03-29,222.03,222.03,222.03,222.03,000,222.03
2016-03-28,220.05,220.05,220.05,220.05,000,220.05
2016-03-25,220.05,220.05,220.05,220.05,000,220.05
2016-03-24,220.05,220.05,220.05,220.05,000,220.05
2016-03-23,218.27,218.27,218.27,218.27,000,218.27
2016-03-22,221.87,221.87,221.87,221.87,000,221.87
2016-03-21,219.52,219.52,219.52,219.52,000,219.52
2016-03-18,220.40,220.40,220.40,220.40,000,220.40
2016-03-17,226.73,226.73,226.73,226.73,000,226.73
2016-03-16,227.18,227.18,227.18,227.18,000,227.18
2016-03-15,228.62,228.62,228.62,228.62,000,228.62
2016-03-14,224.91,228.45,224.91,228.45,000,228.45
2016-03-11,225.45,225.45,225.45,225.45,000,225.45
2016-03-10,228.93,228.93,228.93,228.93,000,228.93
2016-03-09,229.78,229.78,229.78,229.78,000,229.78
2016-03-08,229.95,229.95,229.95,229.95,000,229.95
2016-03-07,229.94,229.94,229.94,229.94,000,229.94
2016-03-04,231.29,231.29,231.29,231.29,000,231.29
2016-03-03,234.10,234.10,234.10,234.10,000,234.10
2016-03-02,238.30,238.30,238.30,238.30,000,238.30
2016-03-01,233.87,236.05,233.87,236.05,000,236.05
2016-02-29,238.43,238.43,238.43,238.43,000,238.43
2016-02-26,235.48,235.48,235.48,235.48,000,235.48
2016-02-25,232.40,232.40,232.40,232.40,000,232.40
2016-02-24,231.22,231.22,231.22,231.22,000,231.22
2016-02-23,234.55,234.55,234.55,234.55,000,234.55
2016-02-22,230.01,235.25,230.01,235.25,000,235.25
2016-02-19,231.61,231.61,231.61,231.61,000,231.61
2016-02-18,228.07,228.07,228.07,228.07,000,228.07
2016-02-17,226.11,226.11,226.11,226.11,000,226.11
2016-02-16,227.38,227.38,227.38,227.38,000,227.38
2016-02-15,222.56,227.28,222.56,227.28,000,227.28
2016-02-12,218.50,218.50,218.50,218.50,000,218.50
2016-02-11,219.93,219.93,219.93,219.93,000,219.93
2016-02-10,218.37,218.37,218.37,218.37,000,218.37
2016-02-09,221.33,221.33,221.33,221.33,000,221.33
2016-02-08,227.35,227.35,227.35,227.35,000,227.35
2016-02-05,227.43,227.50,227.43,227.50,100,227.50
2016-02-04,233.83,233.83,233.83,233.83,000,233.83
2016-02-03,234.26,234.26,234.26,234.26,000,234.26
2016-02-02,235.40,235.40,235.40,235.40,000,235.40
2016-02-01,236.18,236.18,236.18,236.18,000,236.18
2016-01-29,232.45,232.45,232.45,232.45,000,232.45
2016-01-28,236.10,236.10,236.10,236.10,000,236.10
2016-01-27,237.13,237.13,237.13,237.13,000,237.13
2016-01-26,237.09,237.09,237.09,237.09,000,237.09
2016-01-25,239.31,239.31,239.31,239.31,000,239.31
2016-01-22,234.91,234.91,234.91,234.91,000,234.91
2016-01-21,228.69,228.69,228.69,228.69,000,228.69
2016-01-20,231.33,231.33,231.33,231.33,000,231.33
2016-01-19,232.13,232.13,232.13,232.13,000,232.13
2016-01-18,231.53,231.53,231.53,231.53,000,231.53
2016-01-15,236.40,236.40,236.40,236.40,000,236.40
2016-01-14,238.71,238.71,238.71,238.71,000,238.71
2016-01-13,241.35,241.35,241.35,241.35,000,241.35
2016-01-12,237.60,237.60,237.60,237.60,000,237.60
2016-01-11,241.08,241.08,241.08,241.08,000,241.08
2016-01-08,246.20,246.20,246.20,246.20,000,246.20
2016-01-07,245.24,245.24,245.24,245.24,000,245.24
2016-01-06,251.38,251.38,251.38,251.38,000,251.38
2016-01-05,248.22,248.22,248.22,248.22,000,248.22
2016-01-04,254.63,254.63,250.00,250.00,000,250.00
2016-01-01,257.35,257.35,257.35,257.35,000,257.35
2015-12-31,257.35,257.35,257.35,257.35,000,257.35
2015-12-30,256.24,257.75,256.24,257.35,000,257.35
2015-12-29,254.14,254.14,254.14,254.14,000,254.14
2015-12-28,252.66,252.66,252.66,252.66,000,252.66
2015-12-25,249.70,249.70,249.70,249.70,000,249.70
2015-12-24,249.70,249.70,249.70,249.70,000,249.70
2015-12-23,249.70,249.70,249.70,249.70,000,249.70
2015-12-22,250.29,250.29,250.29,250.29,000,250.29
2015-12-21,251.54,251.54,251.54,251.54,000,251.54
2015-12-18,251.45,251.45,251.45,251.45,000,251.45
2015-12-17,251.60,251.60,251.60,251.60,000,251.60
2015-12-16,247.81,247.81,247.81,247.81,000,247.81
2015-12-15,245.65,245.65,245.65,245.65,000,245.65
2015-12-14,246.98,246.98,246.98,246.98,000,246.98
2015-12-11,248.07,248.07,248.07,248.07,000,248.07
2015-12-10,245.74,245.74,245.74,245.74,000,245.74
2015-12-09,250.49,250.49,246.85,246.85,000,246.85
2015-12-08,252.39,252.39,252.39,252.39,000,252.39
2015-12-07,250.12,250.12,250.12,250.12,000,250.12
2015-12-04,246.67,246.67,246.67,246.67,000,246.67
2015-12-03,253.23,254.05,253.23,254.05,000,254.05
2015-12-02,250.05,250.05,250.05,250.05,000,250.05
2015-12-01,249.23,249.23,249.23,249.23,000,249.23
2015-11-30,248.11,248.11,248.11,248.11,000,248.11
2015-11-27,248.91,248.91,248.91,248.91,000,248.91
2015-11-26,250.16,250.16,250.16,250.16,000,250.16
2015-11-25,244.50,244.50,244.50,244.50,000,244.50
2015-11-24,250.17,250.17,250.17,250.17,000,250.17
2015-11-23,251.05,251.05,251.05,251.05,000,251.05
2015-11-20,249.98,249.98,249.98,249.98,000,249.98
2015-11-19,250.56,250.56,250.56,250.56,000,250.56
2015-11-18,252.13,252.13,252.13,252.13,000,252.13
2015-11-17,248.92,248.92,248.92,248.92,000,248.92
2015-11-16,246.06,246.06,246.06,246.06,000,246.06
2015-11-13,247.89,247.89,247.89,247.89,000,247.89
2015-11-12,248.66,248.66,248.66,248.66,000,248.66
2015-11-11,246.30,246.30,246.30,246.30,000,246.30
2015-11-10,246.77,246.77,246.77,246.77,000,246.77
2015-11-09,250.93,250.93,250.93,250.93,000,250.93
2015-11-06,251.63,251.63,251.63,251.63,000,251.63
2015-11-05,249.51,249.51,249.51,249.51,000,249.51
2015-11-04,248.72,248.72,248.72,248.72,000,248.72
2015-11-02,249.71,249.71,246.99,246.99,000,246.99
2015-10-30,251.06,251.06,251.06,251.06,000,251.06
2015-10-29,248.62,248.62,248.62,248.62,000,248.62
2015-10-28,242.42,242.42,242.42,242.42,000,242.42
2015-10-27,244.98,244.98,244.98,244.98,000,244.98
2015-10-26,247.41,247.41,247.41,247.41,000,247.41
2015-10-23,245.64,245.64,245.64,245.64,000,245.64
2015-10-22,239.14,239.14,239.14,239.14,000,239.14
2015-10-21,238.57,238.57,238.00,238.00,000,238.00
2015-10-20,242.42,242.42,242.42,242.42,000,242.42
2015-10-19,239.97,239.97,239.97,239.97,000,239.97
2015-10-16,235.51,235.51,235.51,235.51,000,235.51
2015-10-15,233.00,233.00,233.00,233.00,000,233.00
2015-10-14,235.91,235.91,235.91,235.91,000,235.91
2015-10-13,234.18,234.18,234.18,234.18,000,234.18
2015-10-12,232.23,232.23,232.23,232.23,000,232.23
2015-10-09,234.56,234.56,234.56,234.56,000,234.56
2015-10-08,230.51,232.95,230.51,232.40,100,232.40
2015-10-07,240.50,240.50,231.00,231.00,000,231.00
2015-10-06,240.26,240.26,240.26,240.26,000,240.26
2015-10-05,238.93,238.93,238.93,238.93,000,238.93
2015-10-02,236.86,236.86,236.86,236.86,000,236.86
2015-10-01,236.21,236.21,236.21,236.21,000,236.21
2015-09-30,232.20,232.20,232.20,232.20,000,232.20
2015-09-29,229.28,229.28,229.28,229.28,000,229.28
2015-09-28,236.00,236.00,236.00,236.00,000,236.00
2015-09-25,227.61,229.90,227.61,229.90,000,229.90
2015-09-24,228.82,228.82,228.82,228.82,000,228.82
2015-09-23,231.04,231.04,231.04,231.04,000,231.04
2015-09-22,234.78,234.78,234.78,234.78,000,234.78
2015-09-21,233.84,235.94,233.84,235.94,000,235.94
2015-09-18,235.50,236.15,235.50,236.15,000,236.15
2015-09-17,239.04,239.04,239.04,239.04,000,239.04
2015-09-16,237.61,237.61,237.61,237.61,000,237.61
2015-09-15,239.26,239.26,239.26,239.26,000,239.26
2015-09-14,239.47,239.47,239.47,239.47,000,239.47
2015-09-11,239.88,239.88,239.88,239.88,000,239.88
2015-09-10,241.66,241.66,241.66,241.66,000,241.66
2015-09-09,244.05,244.05,244.05,244.05,000,244.05
2015-09-08,240.19,240.19,240.19,240.19,000,240.19
2015-09-07,240.07,240.07,240.07,240.07,000,240.07
2015-09-04,242.03,242.03,242.03,242.03,000,242.03
2015-09-03,238.65,238.65,238.65,238.65,000,238.65
2015-09-02,237.16,237.16,237.16,237.16,000,237.16
2015-09-01,242.77,242.77,242.77,242.77,000,242.77
2015-08-31,243.23,243.23,243.23,243.23,000,243.23
2015-08-28,244.95,244.95,244.95,244.95,000,244.95
2015-08-27,239.44,239.44,239.44,239.44,000,239.44
2015-08-26,239.86,239.86,239.86,239.86,000,239.86
2015-08-25,230.61,234.35,230.61,234.35,000,234.35
2015-08-24,227.11,235.97,227.11,235.97,000,235.97
2015-08-21,246.73,246.73,245.00,245.00,000,245.00
2015-08-20,253.85,253.85,253.85,253.85,000,253.85
2015-08-19,254.14,254.14,254.14,254.14,000,254.14
2015-08-18,254.08,254.08,254.08,254.08,000,254.08
2015-08-17,251.80,251.80,251.80,251.80,000,251.80
2015-08-14,249.60,251.45,249.60,251.45,000,251.45
2015-08-13,251.95,251.95,251.95,251.95,000,251.95
2015-08-12,253.33,253.33,253.33,253.33,000,253.33
2015-08-11,255.99,255.99,255.99,255.99,000,255.99
2015-08-10,255.57,255.57,255.57,255.57,000,255.57
2015-08-07,259.45,259.45,259.45,259.45,000,259.45
2015-08-06,260.08,260.08,260.08,260.08,000,260.08
2015-08-05,260.44,260.44,260.44,260.44,000,260.44
2015-08-04,261.87,261.87,261.87,261.87,000,261.87
2015-08-03,260.84,261.45,260.84,261.45,100,261.45
2015-07-31,261.70,261.70,261.70,261.70,000,261.70
2015-07-30,259.51,259.51,259.51,259.51,000,259.51
2015-07-29,256.31,256.31,256.31,256.31,000,256.31
2015-07-28,251.17,251.17,251.17,251.17,000,251.17
2015-07-27,258.00,258.00,258.00,258.00,000,258.00
2015-07-24,259.32,259.32,259.32,259.32,000,259.32
2015-07-23,257.96,257.96,257.96,257.96,000,257.96
2015-07-22,256.49,256.49,256.49,256.49,000,256.49
2015-07-21,259.54,259.54,259.54,259.54,000,259.54
2015-07-20,256.32,256.32,256.32,256.32,000,256.32
2015-07-17,259.72,259.72,259.72,259.72,000,259.72
2015-07-16,256.15,256.15,256.15,256.15,000,256.15
2015-07-15,255.63,255.63,255.63,255.63,000,255.63
2015-07-14,255.54,255.54,255.54,255.54,000,255.54
2015-07-13,253.72,253.72,253.72,253.72,000,253.72
2015-07-10,249.72,249.72,249.72,249.72,000,249.72
2015-07-09,244.69,244.69,244.69,244.69,000,244.69
2015-07-08,241.08,241.08,241.08,241.08,000,241.08
2015-07-07,245.86,245.86,245.86,245.86,000,245.86
2015-07-06,245.05,245.05,245.05,245.05,000,245.05
2015-07-03,245.98,245.98,245.98,245.98,000,245.98
2015-07-02,245.59,245.59,245.59,245.59,000,245.59
2015-07-01,246.61,246.61,246.61,246.61,000,246.61
2015-06-30,246.59,246.59,246.59,246.59,000,246.59
2015-06-29,245.00,245.00,245.00,245.00,000,245.00
2015-06-26,250.87,250.87,250.87,250.87,000,250.87
2015-06-25,252.31,252.31,252.31,252.31,000,252.31
2015-06-24,252.83,252.83,252.83,252.83,000,252.83
2015-06-23,250.75,250.75,250.75,250.75,000,250.75
2015-06-22,246.25,246.25,246.25,246.25,000,246.25
2015-06-19,247.67,247.67,247.67,247.67,000,247.67
2015-06-18,246.80,246.80,246.80,246.80,000,246.80
2015-06-17,248.00,248.00,248.00,248.00,000,248.00
2015-06-16,246.96,246.96,246.96,246.96,000,246.96
2015-06-15,252.73,252.73,252.73,252.73,000,252.73
2015-06-12,255.87,255.87,255.87,255.87,000,255.87
2015-06-11,255.32,255.32,255.32,255.32,000,255.32
2015-06-10,248.35,250.65,248.35,250.65,000,250.65
2015-06-09,254.05,254.05,249.20,250.00,000,250.00
2015-06-08,255.17,255.17,255.17,255.17,000,255.17
2015-06-05,258.99,258.99,258.99,258.99,000,258.99
2015-06-04,258.09,258.09,258.09,258.09,000,258.09
2015-06-03,261.00,261.00,258.60,258.60,000,258.60
2015-06-02,266.19,266.19,266.19,266.19,000,266.19
2015-06-01,268.83,268.83,268.83,268.83,000,268.83
2015-05-29,267.01,267.01,267.01,267.01,000,267.01
2015-05-28,268.35,268.35,268.35,268.35,000,268.35
2015-05-27,262.35,262.35,262.35,262.35,000,262.35
2015-05-26,262.63,262.63,262.63,262.63,000,262.63
2015-05-25,263.00,263.00,263.00,263.00,000,263.00
2015-05-22,261.31,261.31,261.31,261.31,000,261.31
2015-05-21,263.84,263.84,263.84,263.84,000,263.84
2015-05-20,260.06,260.06,260.06,260.06,000,260.06
2015-05-19,257.42,257.42,257.42,257.42,000,257.42
2015-05-18,255.82,255.82,255.82,255.82,000,255.82
2015-05-15,253.60,258.40,253.60,258.40,000,258.40
2015-05-14,249.60,249.60,249.60,249.60,000,249.60
2015-05-13,249.06,249.06,249.06,249.06,000,249.06
2015-05-12,251.52,251.52,251.52,251.52,000,251.52
2015-05-11,252.12,252.12,252.12,252.12,000,252.12
2015-05-08,246.55,246.55,246.55,246.55,000,246.55
2015-05-07,246.89,246.89,246.89,246.89,000,246.89
2015-05-06,251.52,251.52,251.52,251.52,000,251.52
2015-05-05,253.20,253.20,253.20,253.20,000,253.20
2015-05-04,251.07,254.50,251.07,254.50,1000,254.50
2015-05-01,250.75,250.75,250.75,250.75,000,250.75
2015-04-30,253.14,253.14,250.75,250.75,300,250.75
2015-04-29,254.51,254.51,254.51,254.51,000,254.51
2015-04-28,263.82,263.82,263.82,263.82,000,263.82
2015-04-27,260.52,262.95,260.52,262.95,000,262.95
2015-04-24,263.09,263.09,263.09,263.09,000,263.09
2015-04-23,261.50,261.50,261.50,261.50,000,261.50
2015-04-22,262.64,263.00,262.64,263.00,000,263.00
2015-04-21,259.34,259.34,259.34,259.34,000,259.34
2015-04-20,256.62,259.05,256.62,259.05,000,259.05
2015-04-17,260.74,260.74,260.74,260.74,000,260.74
2015-04-16,262.00,262.00,262.00,262.00,000,262.00
2015-04-15,261.38,261.38,261.38,261.38,000,261.38
2015-04-14,264.35,264.35,264.35,264.35,000,264.35
2015-04-13,262.53,262.53,262.53,262.53,000,262.53
2015-04-10,262.00,262.00,262.00,262.00,000,262.00
2015-04-09,256.68,256.68,256.68,256.68,000,256.68
2015-04-08,257.44,257.44,257.44,257.44,000,257.44
2015-04-07,251.83,251.83,251.83,251.83,000,251.83
2015-04-06,255.14,255.14,255.14,255.14,000,255.14
2015-04-03,255.14,255.14,255.14,255.14,000,255.14
2015-04-02,255.14,255.14,255.14,255.14,000,255.14
2015-04-01,253.53,256.05,253.53,256.05,000,256.05
2015-03-31,250.44,256.05,250.44,256.05,000,256.05
2015-03-30,249.00,249.00,249.00,249.00,000,249.00
2015-03-27,247.56,247.56,247.56,247.56,000,247.56
2015-03-26,251.63,251.63,251.63,251.63,000,251.63
2015-03-25,255.68,255.68,255.68,255.68,000,255.68
2015-03-24,256.40,256.40,256.40,256.40,000,256.40
2015-03-23,257.00,257.00,257.00,257.00,000,257.00
2015-03-20,255.71,255.71,255.71,255.71,000,255.71
2015-03-19,251.67,251.67,251.67,251.67,000,251.67
2015-03-18,248.96,248.96,248.96,248.96,000,248.96
2015-03-17,250.05,250.05,250.05,250.05,000,250.05
2015-03-16,248.91,248.91,248.91,248.91,000,248.91
2015-03-13,245.19,245.19,245.19,245.19,000,245.19
2015-03-12,244.08,244.08,244.08,244.08,000,244.08
2015-03-11,241.38,241.38,241.38,241.38,000,241.38
2015-03-10,244.25,244.25,244.25,244.25,000,244.25
2015-03-09,243.76,243.76,243.76,243.76,000,243.76
2015-03-06,240.10,242.80,240.10,242.80,000,242.80
2015-03-05,238.28,241.80,238.28,241.80,000,241.80
2015-03-04,242.70,244.77,242.70,244.77,100,236.77
2015-03-03,244.05,246.30,244.05,246.30,000,238.25
2015-03-02,247.03,247.03,247.03,247.03,000,238.96
2015-02-27,243.00,243.00,243.00,243.00,000,235.06
2015-02-26,238.55,242.50,238.55,242.50,000,234.57
2015-02-25,237.99,237.99,237.99,237.99,000,230.21
2015-02-24,240.58,240.58,240.00,240.00,000,232.16
2015-02-23,239.83,239.83,239.83,239.83,000,231.99
2015-02-20,237.50,237.50,237.50,237.50,000,229.74
2015-02-19,235.28,235.28,235.28,235.28,000,227.59
2015-02-18,234.82,235.00,234.82,235.00,000,227.32
2015-02-17,234.50,234.60,234.50,234.60,000,226.93
2015-02-16,233.50,233.50,233.50,233.50,000,225.87
2015-02-13,234.53,234.53,231.62,231.62,000,224.05
2015-02-12,236.46,236.46,236.46,236.46,000,228.73
2015-02-11,235.83,235.83,235.83,235.83,000,228.12
2015-02-10,237.11,238.70,237.11,238.70,000,230.90
2015-02-09,243.33,243.33,239.90,239.90,100,232.06
2015-02-06,237.43,237.43,237.43,237.43,000,229.67
2015-02-05,242.08,242.08,242.08,242.08,000,234.17
2015-02-04,234.33,234.33,234.33,234.33,000,226.67
2015-02-03,239.50,239.50,239.50,239.50,000,231.67
2015-02-02,240.00,240.00,240.00,240.00,000,232.16
2015-01-30,245.16,245.16,245.16,245.16,000,237.15
2015-01-29,247.84,247.84,247.50,247.50,000,239.41
2015-01-28,246.54,246.54,246.54,246.54,000,238.48
2015-01-27,253.65,253.65,253.50,253.50,000,245.21
2015-01-26,252.60,252.60,252.60,252.60,000,244.34
2015-01-23,245.97,245.97,245.97,245.97,000,237.93
2015-01-22,245.68,245.68,245.68,245.68,000,237.65
2015-01-21,252.02,252.02,252.02,252.02,000,243.78
2015-01-20,249.87,254.96,249.87,254.96,000,246.63
2015-01-19,245.77,253.05,245.77,253.05,000,244.78
2015-01-16,249.85,249.85,246.75,246.75,000,238.69
2015-01-15,235.14,252.00,235.14,246.95,100,238.88
2015-01-14,236.13,236.13,236.13,236.13,000,228.41
2015-01-13,234.20,234.20,234.20,234.20,000,226.55
2015-01-12,231.78,234.55,231.78,234.55,100,226.88
2015-01-09,236.09,236.09,236.09,236.09,000,228.37
2015-01-08,227.89,227.89,227.89,227.89,000,220.44
2015-01-07,227.38,227.38,227.38,227.38,000,219.95
2015-01-06,228.73,228.73,228.73,228.73,000,221.25
2015-01-05,228.09,228.09,228.09,228.09,000,220.64
2015-01-02,224.94,226.00,224.94,226.00,000,218.61
2015-01-01,223.80,223.80,223.80,223.80,000,216.49
2014-12-31,223.80,223.80,223.80,223.80,000,216.49
2014-12-30,224.63,224.63,223.80,223.80,000,216.49
2014-12-29,226.99,226.99,226.99,226.99,000,219.57
2014-12-26,228.95,228.95,228.95,228.95,000,221.47
2014-12-25,228.95,228.95,228.95,228.95,000,221.47
2014-12-24,228.95,228.95,228.95,228.95,000,221.47
2014-12-23,226.00,228.95,226.00,228.95,000,221.47
2014-12-22,226.25,226.25,226.25,226.25,000,218.86
2014-12-19,237.04,237.04,237.04,237.04,000,229.29
2014-12-18,228.93,228.93,228.93,228.93,000,221.45
2014-12-17,228.81,228.81,228.81,228.81,000,221.33
2014-12-16,228.80,228.80,228.80,228.80,000,221.32
2014-12-15,234.82,234.82,229.00,229.00,000,221.52
2014-12-12,238.00,238.00,238.00,238.00,000,230.22
2014-12-11,234.32,234.32,234.32,234.32,000,226.66
2014-12-10,235.83,235.83,235.83,235.83,000,228.12
2014-12-09,239.56,239.56,239.56,239.56,000,231.73
2014-12-08,240.27,240.27,240.27,240.27,000,232.42
2014-12-05,236.99,240.15,236.99,240.15,000,232.30
2014-12-04,237.92,237.92,237.92,237.92,000,230.14
2014-12-03,236.69,236.69,236.69,236.69,000,228.95
2014-12-02,236.45,236.45,236.45,236.45,000,228.72
2014-12-01,234.71,234.71,234.71,234.71,000,227.04
2014-11-28,236.02,236.02,236.02,236.02,000,228.31
2014-11-27,232.32,235.58,232.32,235.58,000,227.88
2014-11-26,231.81,231.81,231.81,231.81,000,224.23
2014-11-25,235.68,235.68,235.68,235.68,000,227.98
2014-11-24,236.00,236.00,236.00,236.00,000,228.29
2014-11-21,233.14,233.14,233.14,233.14,000,225.52
2014-11-20,233.51,233.51,233.51,233.51,000,225.88
2014-11-19,231.22,231.22,231.22,231.22,000,223.66
2014-11-18,229.98,229.98,229.98,229.98,000,222.46
2014-11-17,229.71,229.71,229.71,229.71,000,222.20
2014-11-14,229.62,229.62,229.62,229.62,000,222.12
2014-11-13,227.48,229.20,227.48,229.20,000,221.71
2014-11-12,228.92,228.92,227.05,227.05,000,219.63
2014-11-11,227.55,227.55,227.55,227.55,000,220.11
2014-11-10,225.52,225.52,225.52,225.52,000,218.15
2014-11-07,227.64,227.64,227.64,227.64,000,220.20
2014-11-06,226.86,226.86,226.86,226.86,000,219.45
2014-11-05,223.64,223.64,223.64,223.64,000,216.33
2014-11-04,222.94,222.94,222.94,222.94,000,215.65
2014-11-03,226.28,226.28,226.28,226.28,000,218.88
2014-10-31,226.89,226.89,226.89,226.89,000,219.47
2014-10-30,223.88,223.88,223.88,223.88,000,216.56
2014-10-29,223.87,223.87,223.87,223.87,000,216.55
2014-10-28,222.05,222.84,222.05,222.84,000,215.56
2014-10-27,225.00,225.00,225.00,225.00,000,217.65
2014-10-24,222.95,222.95,222.95,222.95,000,215.66
2014-10-23,222.20,222.20,222.20,222.20,000,214.94
2014-10-22,220.43,220.43,220.43,220.43,000,213.23
2014-10-21,215.33,215.33,215.33,215.33,000,208.29
2014-10-20,214.60,214.60,214.60,214.60,000,207.59
2014-10-17,208.60,214.21,208.60,214.21,000,207.21
2014-10-16,207.01,207.01,207.01,207.01,000,200.24
2014-10-15,211.31,211.31,211.31,211.31,000,204.40
2014-10-14,210.63,210.63,210.63,210.63,000,203.75
2014-10-13,211.66,211.66,211.66,211.66,000,204.74
2014-10-10,215.65,215.65,215.65,215.65,000,208.60
2014-10-09,216.23,216.23,216.23,216.23,000,209.16
2014-10-08,218.94,218.94,217.25,217.25,100,210.15
2014-10-07,225.20,225.20,225.20,225.20,000,217.84
2014-10-06,224.00,224.00,224.00,224.00,000,216.68
2014-10-03,225.14,225.14,225.14,225.14,000,217.78
2014-10-02,227.06,227.06,227.06,227.06,000,219.64
2014-10-01,228.95,228.95,228.95,228.95,000,221.47
2014-09-30,227.36,227.36,227.36,227.36,000,219.93
2014-09-29,228.04,228.04,228.04,228.04,000,220.59
2014-09-26,227.99,227.99,227.99,227.99,000,220.54
2014-09-25,228.01,228.01,228.01,228.01,000,220.56
2014-09-24,226.08,226.08,226.08,226.08,000,218.69
2014-09-23,228.15,228.15,228.15,228.15,000,220.69
2014-09-22,227.80,227.80,227.80,227.80,000,220.35
2014-09-19,228.90,228.90,228.90,228.90,000,221.42
2014-09-18,223.77,223.77,223.77,223.77,000,216.46
2014-09-17,222.45,222.45,222.45,222.45,000,215.18
2014-09-16,220.67,220.67,220.67,220.67,000,213.46
2014-09-15,219.85,219.85,219.85,219.85,000,212.66
2014-09-12,221.52,221.52,221.52,221.52,000,214.28
2014-09-11,218.34,218.34,218.34,218.34,000,211.20
2014-09-10,218.49,218.49,218.49,218.49,000,211.35
2014-09-09,217.26,217.26,217.26,217.26,000,210.16
2014-09-08,217.70,217.70,217.70,217.70,000,210.58
2014-09-05,217.67,217.67,217.67,217.67,000,210.56
2014-09-04,217.60,217.60,217.60,217.60,000,210.49
2014-09-03,216.31,216.31,216.31,216.31,000,209.24
2014-09-02,215.33,215.33,215.33,215.33,000,208.29
2014-09-01,217.16,217.16,217.16,217.16,000,210.06
2014-08-29,215.87,215.87,215.87,215.87,000,208.81
2014-08-28,217.32,217.32,217.32,217.32,000,210.22
2014-08-27,216.94,216.94,216.94,216.94,000,209.85
2014-08-26,217.24,217.24,217.24,217.24,000,210.14
2014-08-25,215.68,215.68,215.68,215.68,000,208.63
2014-08-22,214.33,214.33,214.33,214.33,000,207.32
2014-08-21,214.55,214.55,214.55,214.55,000,207.54
2014-08-20,214.14,214.14,214.14,214.14,000,207.14
2014-08-19,212.62,212.62,212.62,212.62,000,205.67
2014-08-18,210.39,210.39,210.39,210.39,000,203.51
2014-08-15,212.52,212.52,212.52,212.52,000,205.57
2014-08-14,210.32,210.32,210.32,210.32,000,203.45
2014-08-13,209.63,209.63,209.63,209.63,000,202.78
2014-08-12,208.79,208.79,208.79,208.79,000,201.97
2014-08-11,209.14,209.14,209.14,209.14,000,202.30
2014-08-08,206.96,206.96,205.40,205.40,100,198.69
2014-08-07,210.55,210.55,210.55,210.55,000,203.67
2014-08-06,212.99,212.99,212.99,212.99,000,206.03
2014-08-05,210.74,210.74,210.74,210.74,000,203.85
2014-08-04,208.50,208.50,208.50,208.50,000,201.69
2014-08-01,212.98,212.98,206.05,210.05,000,203.18
2014-07-31,214.26,214.26,214.26,214.26,000,207.26
2014-07-30,213.61,213.61,213.61,213.61,000,206.63
2014-07-29,214.09,214.09,214.09,214.09,000,207.09
2014-07-28,214.98,214.98,214.35,214.35,000,207.34
2014-07-25,214.75,214.75,214.75,214.75,000,207.73
2014-07-24,213.32,213.32,213.32,213.32,000,206.35
2014-07-23,212.53,212.53,212.53,212.53,000,205.58
2014-07-22,210.79,210.79,210.79,210.79,000,203.90
2014-07-21,211.89,211.89,211.89,211.89,000,204.96
2014-07-18,213.55,213.55,212.50,212.50,100,205.55
2014-07-17,214.79,214.79,214.79,214.79,000,207.77
2014-07-16,216.63,216.63,216.63,216.63,000,209.55
2014-07-15,215.33,215.33,215.33,215.33,000,208.29
2014-07-14,213.65,213.65,213.65,213.65,000,206.67
2014-07-11,212.40,212.40,212.40,212.40,000,205.46
2014-07-10,214.00,214.00,214.00,214.00,000,207.01
2014-07-09,215.18,215.18,215.18,215.18,000,208.15
2014-07-08,215.45,215.45,215.45,215.45,000,208.41
2014-07-07,216.10,216.10,216.10,216.10,000,209.04
2014-07-04,216.28,216.28,216.28,216.28,000,209.21
2014-07-03,212.62,212.62,212.62,212.62,000,205.67
2014-07-02,212.61,212.61,212.61,212.61,000,205.66
2014-07-01,213.12,213.12,213.12,213.12,000,206.15
2014-06-30,212.25,212.25,212.25,212.25,000,205.31
2014-06-27,210.52,210.52,210.52,210.52,000,203.64
2014-06-26,210.70,210.70,210.70,210.70,000,203.81
2014-06-25,213.00,213.00,213.00,213.00,000,206.04
2014-06-24,213.89,213.89,213.89,213.89,000,206.90
2014-06-23,216.10,216.10,216.10,216.10,000,209.04
2014-06-20,214.34,214.34,214.34,214.34,000,207.33
2014-06-19,214.26,214.26,214.26,214.26,000,207.26
2014-06-18,213.91,213.91,213.91,213.91,000,206.92
2014-06-17,214.86,214.86,214.86,214.86,000,207.84
2014-06-16,214.78,214.78,214.78,214.78,000,207.76
2014-06-13,216.83,216.83,216.83,216.83,000,209.74
2014-06-12,218.14,218.14,218.14,218.14,000,211.01
2014-06-11,218.49,218.49,218.49,218.49,000,211.35
2014-06-10,216.54,216.54,216.54,216.54,000,209.46
2014-06-09,214.96,214.96,214.96,214.96,000,207.93
2014-06-06,215.49,215.49,215.49,215.49,000,208.45
2014-06-05,215.12,216.95,215.12,216.95,000,209.86
2014-06-04,214.72,214.72,214.72,214.72,000,207.70
2014-06-03,215.58,215.58,215.58,215.58,000,208.53
2014-06-02,214.45,214.45,214.45,214.45,000,207.44
2014-05-30,214.27,214.27,214.27,214.27,000,207.27
2014-05-29,214.46,214.46,214.46,214.46,000,207.45
2014-05-28,214.35,214.35,214.35,214.35,000,207.34
2014-05-27,215.56,215.56,215.56,215.56,000,208.51
2014-05-26,216.11,216.11,216.11,216.11,000,209.05
2014-05-23,216.57,216.57,216.57,216.57,000,209.49
2014-05-22,215.48,215.48,214.70,214.70,100,207.68
2014-05-21,215.13,216.04,215.13,216.04,000,208.98
2014-05-20,216.56,216.56,216.56,216.56,000,209.48
2014-05-19,216.94,216.94,216.94,216.94,000,209.85
2014-05-16,216.32,217.00,216.32,217.00,000,209.91
2014-05-15,214.29,214.29,214.29,214.29,000,207.29
2014-05-14,210.95,210.95,210.95,210.95,000,204.06
2014-05-13,208.64,208.64,208.64,208.64,000,201.82
2014-05-12,209.89,209.89,207.90,207.90,100,201.11
2014-05-09,206.91,206.91,206.91,206.91,000,200.15
2014-05-08,205.89,205.89,205.89,205.89,000,199.16
2014-05-07,205.46,205.46,205.46,205.46,000,198.74
2014-05-06,207.24,207.24,207.24,207.24,000,200.47
2014-05-05,207.48,207.48,207.48,207.48,000,200.70
2014-05-02,209.86,209.86,209.86,209.86,000,203.00
2014-05-01,208.00,208.00,208.00,208.00,000,201.20
2014-04-30,208.00,208.00,208.00,208.00,000,201.20
2014-04-29,206.35,206.35,206.35,206.35,000,199.61
2014-04-28,207.76,207.76,207.76,207.76,000,200.97
2014-04-25,207.53,207.53,207.53,207.53,000,200.75
2014-04-24,208.64,208.64,208.64,208.64,000,201.82
2014-04-23,208.63,208.63,208.63,208.63,000,201.81
2014-04-22,208.23,209.60,208.23,209.60,000,202.75
2014-04-21,207.02,207.02,207.02,207.02,000,200.25
2014-04-18,207.02,207.02,207.02,207.02,000,200.25
2014-04-17,207.02,207.02,207.02,207.02,000,200.25
2014-04-16,208.37,208.37,208.37,208.37,000,201.56
2014-04-15,207.64,207.64,206.50,206.50,100,199.75
2014-04-14,204.70,204.70,204.70,204.70,000,198.01
2014-04-11,207.65,207.65,207.65,207.65,000,200.86
2014-04-10,208.89,208.89,208.89,208.89,000,202.06
2014-04-09,209.88,209.88,208.07,208.07,000,201.27
2014-04-08,210.93,210.93,210.93,210.93,000,204.04
2014-04-07,214.03,214.03,214.03,214.03,000,207.03
2014-04-04,215.19,215.19,215.19,215.19,000,208.16
2014-04-03,214.26,216.20,214.26,216.20,000,209.13
2014-04-02,215.32,215.32,215.32,215.32,000,208.28
2014-04-01,216.23,217.35,216.23,217.35,000,210.25
2014-03-31,217.80,217.80,217.80,217.80,000,210.68
2014-03-28,213.88,215.38,213.88,215.38,000,208.34
2014-03-27,214.37,214.37,214.37,214.37,000,207.36
2014-03-26,216.63,216.63,216.63,216.63,000,209.55
2014-03-25,211.40,211.40,211.40,211.40,000,204.49
2014-03-24,215.64,215.64,211.00,211.00,000,204.10
2014-03-21,213.63,213.63,213.63,213.63,000,206.65
2014-03-20,211.56,211.56,211.56,211.56,000,204.65
2014-03-19,211.12,211.12,211.12,211.12,000,204.22
2014-03-18,208.44,208.44,208.44,208.44,000,201.63
2014-03-17,208.82,208.82,208.82,208.82,000,201.99
2014-03-14,205.06,205.06,205.06,205.06,000,198.36
2014-03-13,211.14,211.14,211.14,211.14,000,204.24
2014-03-12,212.39,212.39,212.39,212.39,000,205.45
2014-03-11,212.45,212.45,212.45,212.45,000,205.51
2014-03-10,212.00,212.00,212.00,212.00,000,205.07
2014-03-07,214.58,214.58,212.45,212.45,000,205.51
2014-03-06,208.91,208.91,208.91,208.91,000,202.08
2014-03-05,217.98,217.98,217.98,217.98,000,203.31
2014-03-04,213.50,215.80,213.50,215.80,000,201.28
2014-03-03,218.00,218.00,218.00,218.00,000,203.33
2014-02-28,221.86,221.95,221.86,221.95,000,207.01
2014-02-27,221.83,221.83,221.83,221.83,000,206.90
2014-02-26,220.81,220.81,220.81,220.81,000,205.95
2014-02-25,219.29,219.29,219.29,219.29,000,204.53
2014-02-24,217.62,217.62,217.62,217.62,000,202.97
2014-02-21,216.30,216.30,216.30,216.30,000,201.74
2014-02-20,215.29,215.29,215.29,215.29,000,200.80
2014-02-19,216.40,216.40,216.40,216.40,000,201.84
2014-02-18,214.28,215.60,214.28,215.60,000,201.09
2014-02-17,215.18,215.18,215.18,215.18,000,200.70
2014-02-14,211.33,211.33,211.33,211.33,000,197.11
2014-02-13,208.40,208.40,208.40,208.40,000,194.38
2014-02-12,208.91,208.91,208.91,208.91,000,194.85
2014-02-11,208.06,208.06,208.06,208.06,000,194.06
2014-02-10,206.40,206.40,206.40,206.40,000,192.51
2014-02-07,203.00,203.00,203.00,203.00,000,189.34
2014-02-06,201.71,201.71,201.71,201.71,000,188.14
2014-02-05,202.84,202.84,202.84,202.84,000,189.19
2014-02-04,203.11,203.11,203.11,203.11,000,189.44
2014-02-03,203.42,203.42,203.42,203.42,000,189.73
2014-01-31,203.10,203.10,203.10,203.10,000,189.43
2014-01-30,195.00,195.00,195.00,195.00,000,181.88
2014-01-29,196.24,196.24,196.24,196.24,000,183.03
2014-01-28,195.53,197.15,195.53,197.15,000,183.88
2014-01-27,198.39,198.39,196.15,196.15,100,182.95
2014-01-24,201.90,201.90,201.90,201.90,000,188.31
2014-01-23,200.27,200.27,200.27,200.27,000,186.79
2014-01-22,200.38,201.25,200.38,201.25,000,187.71
2014-01-21,202.15,202.15,202.15,202.15,000,188.55
2014-01-20,202.32,203.55,202.32,203.55,100,189.85
2014-01-17,203.41,203.41,203.41,203.41,000,189.72
2014-01-16,203.20,203.20,203.20,203.20,000,189.53
2014-01-15,203.86,203.86,203.86,203.86,000,190.14
2014-01-14,207.73,207.73,207.73,207.73,000,193.75
2014-01-13,207.29,207.29,207.29,207.29,000,193.34
2014-01-10,205.60,207.80,205.60,207.00,000,193.07
2014-01-09,204.69,207.20,204.69,207.20,000,193.26
2014-01-08,204.39,204.39,204.39,204.39,000,190.64
2014-01-07,202.95,202.95,202.95,202.95,000,189.29
2014-01-06,203.02,203.02,203.02,203.02,000,189.36
2014-01-03,200.13,200.13,200.13,200.13,000,186.66
2014-01-02,201.45,201.45,201.45,201.45,000,187.89
2014-01-01,200.37,200.37,200.37,200.37,000,186.89
2013-12-31,200.37,200.37,200.37,200.37,000,186.89
2013-12-30,201.75,201.75,200.37,200.37,200,186.89
2013-12-27,198.11,198.11,198.11,198.11,000,184.78
2013-12-26,196.40,196.40,196.40,196.40,000,183.18
2013-12-25,196.40,196.40,196.40,196.40,000,183.18
2013-12-24,196.40,196.40,196.40,196.40,000,183.18
2013-12-23,198.00,198.00,196.40,196.40,000,183.18
2013-12-20,195.50,195.50,195.50,195.50,000,182.34
2013-12-19,192.14,196.50,192.14,196.50,100,183.28
2013-12-18,191.44,191.44,191.44,191.44,000,178.56
2013-12-17,194.30,194.30,194.30,194.30,000,181.22
2013-12-16,190.44,191.50,190.44,191.50,000,178.61
2013-12-13,192.56,192.56,191.00,191.00,200,178.15
2013-12-12,193.46,193.46,190.84,190.84,000,178.00
2013-12-11,194.07,194.07,194.07,194.07,000,181.01
2013-12-10,196.80,196.80,196.80,196.80,000,183.56
2013-12-09,198.90,198.90,198.90,198.90,000,185.51
2013-12-06,197.55,197.55,197.55,197.55,000,184.26
2013-12-05,197.57,197.57,197.57,197.57,000,184.27
2013-12-04,200.19,200.19,200.19,200.19,000,186.72
2013-12-03,204.01,204.01,204.01,204.01,000,190.28
2013-12-02,203.89,203.89,203.89,203.89,000,190.17
2013-11-29,202.80,202.80,202.80,202.80,000,189.15
2013-11-28,203.74,203.74,203.74,203.74,000,190.03
2013-11-27,204.33,204.33,204.33,204.33,000,190.58
2013-11-26,203.50,203.50,203.50,203.50,000,189.80
2013-11-25,204.22,204.22,204.22,204.22,000,190.48
2013-11-22,204.21,204.21,204.21,204.21,000,190.47
2013-11-21,203.97,203.97,203.97,203.97,000,190.24
2013-11-20,204.80,204.80,202.90,202.90,000,189.25
2013-11-19,206.24,206.24,206.24,206.24,000,192.36
2013-11-18,205.21,205.21,205.21,205.21,000,191.40
2013-11-15,203.80,203.80,203.80,203.80,000,190.08
2013-11-14,202.93,202.93,202.93,202.93,000,189.27
2013-11-13,203.29,203.29,203.29,203.29,000,189.61
2013-11-12,202.95,202.95,202.95,202.95,000,189.29
2013-11-11,202.57,202.57,202.57,202.57,000,188.94
2013-11-08,202.63,202.63,202.63,202.63,000,188.99
2013-11-07,203.22,203.22,202.50,202.50,000,188.87
2013-11-06,202.47,202.47,202.47,202.47,000,188.84
2013-11-05,204.07,204.07,204.07,204.07,000,190.34
2013-11-04,203.31,205.45,203.31,205.45,100,191.62
2013-11-01,203.58,203.58,203.58,203.58,000,189.88
2013-10-31,201.58,201.58,201.58,201.58,000,188.01
2013-10-30,200.54,200.54,200.54,200.54,000,187.04
2013-10-29,200.68,200.68,200.68,200.68,000,187.17
2013-10-28,200.42,200.42,200.42,200.42,000,186.93
2013-10-25,200.34,200.34,200.34,200.34,000,186.86
2013-10-24,200.14,200.14,200.14,200.14,000,186.67
2013-10-23,198.24,198.24,198.24,198.24,000,184.90
2013-10-22,196.76,199.33,196.76,199.33,000,185.92
2013-10-21,195.07,195.07,195.07,195.07,000,181.94
2013-10-18,197.05,197.05,197.05,197.05,000,183.79
2013-10-17,197.16,197.16,197.16,197.16,000,183.89
2013-10-16,198.71,198.71,198.71,198.71,000,185.34
2013-10-15,192.44,192.44,192.44,192.44,000,179.49
2013-10-14,193.12,193.12,193.12,193.12,000,180.12
2013-10-11,189.66,189.66,189.66,189.66,000,176.90
2013-10-10,188.08,190.70,188.08,190.00,000,177.21
2013-10-09,191.84,191.84,191.84,191.84,000,178.93
2013-10-08,192.49,192.49,192.49,192.49,000,179.54
2013-10-07,196.27,196.27,196.27,196.27,000,183.06
2013-10-04,196.09,196.09,196.09,196.09,000,182.89
2013-10-03,196.20,196.20,196.20,196.20,000,183.00
2013-10-02,198.76,198.76,197.15,197.15,000,183.88
2013-10-01,198.59,198.59,198.59,198.59,000,185.23
2013-09-30,198.33,198.33,198.33,198.33,000,184.98
2013-09-27,196.72,196.72,196.72,196.72,000,183.48
2013-09-26,195.17,195.17,195.17,195.17,000,182.04
2013-09-25,193.61,193.61,193.61,193.61,000,180.58
2013-09-24,194.89,194.89,194.89,194.89,000,181.77
2013-09-23,195.73,195.73,195.73,195.73,000,182.56
2013-09-20,192.78,192.78,192.78,192.78,000,179.81
2013-09-19,191.88,191.88,191.88,191.88,000,178.97
2013-09-18,188.76,188.76,188.76,188.76,000,176.06
2013-09-17,189.75,189.75,189.75,189.75,000,176.98
2013-09-16,192.25,192.25,192.25,192.25,000,179.31
2013-09-13,190.43,190.43,190.43,190.43,000,177.61
2013-09-12,191.63,191.63,191.63,191.63,000,178.73
2013-09-11,190.02,190.02,190.02,190.02,000,177.23
2013-09-10,189.18,189.18,189.18,189.18,000,176.45
2013-09-09,188.67,188.67,188.67,188.67,000,175.97
2013-09-06,188.14,188.14,188.14,188.14,000,175.48
2013-09-05,189.09,189.09,189.09,189.09,000,176.36
2013-09-04,189.03,189.03,189.03,189.03,000,176.31
2013-09-03,190.80,190.80,190.80,190.80,000,177.96
2013-09-02,188.37,188.37,188.37,188.37,000,175.69
2013-08-30,189.68,189.68,189.68,189.68,000,176.92
2013-08-29,190.20,190.20,190.20,190.20,000,177.40
2013-08-28,192.15,192.15,192.15,192.15,000,179.22
2013-08-27,195.19,195.19,195.19,195.19,000,182.05
2013-08-26,193.88,195.55,193.88,195.55,000,182.39
2013-08-23,194.64,194.64,194.64,194.64,000,181.54
2013-08-22,192.68,192.68,192.68,192.68,000,179.71
2013-08-21,194.62,194.62,194.62,194.62,000,181.52
2013-08-20,193.06,193.06,193.06,193.06,000,180.07
2013-08-19,190.36,190.36,190.36,190.36,000,177.55
2013-08-16,191.10,191.10,191.10,191.10,000,178.24
2013-08-15,193.56,193.56,193.56,193.56,000,180.53
2013-08-14,193.17,193.17,193.17,193.17,000,180.17
2013-08-13,193.80,193.80,193.80,193.80,000,180.76
2013-08-12,192.40,192.40,192.40,192.40,000,179.45
2013-08-09,188.06,188.06,188.06,188.06,000,175.40
2013-08-08,189.59,189.59,186.40,186.40,000,173.86
2013-08-07,188.59,188.59,188.59,188.59,000,175.90
2013-08-06,187.00,187.00,187.00,187.00,000,174.42
2013-08-05,187.36,187.36,187.36,187.36,000,174.75
2013-08-02,187.58,187.58,187.58,187.58,000,174.96
2013-08-01,186.43,186.43,186.43,186.43,000,173.88
2013-07-31,188.74,188.74,188.74,188.74,000,176.04
2013-07-30,189.14,189.14,189.14,189.14,000,176.41
2013-07-29,189.80,189.80,189.80,189.80,000,177.03
2013-07-26,192.00,192.00,192.00,192.00,000,179.08
2013-07-25,189.94,189.94,189.94,189.94,000,177.16
2013-07-24,186.97,186.97,186.97,186.97,000,174.39
2013-07-23,189.28,189.28,189.28,189.28,000,176.54
2013-07-22,189.93,189.93,189.93,189.93,000,177.15
2013-07-19,190.78,190.78,190.78,190.78,000,177.94
2013-07-18,191.62,191.62,191.62,191.62,000,178.72
2013-07-17,191.70,191.70,191.70,191.70,000,178.80
2013-07-16,195.20,195.20,195.20,195.20,000,182.06
2013-07-15,196.99,196.99,195.00,195.00,000,181.88
2013-07-12,195.46,195.46,195.46,195.46,000,182.31
2013-07-11,199.19,199.19,199.19,199.19,000,185.79
2013-07-10,195.45,195.45,195.45,195.45,000,182.30
2013-07-09,193.09,193.09,193.09,193.09,000,180.10
2013-07-08,192.08,192.08,192.08,192.08,000,179.15
2013-07-05,193.95,193.95,193.95,193.95,000,180.90
2013-07-04,190.40,190.40,190.40,190.40,000,177.59
2013-07-03,190.89,190.89,190.89,190.89,000,178.04
2013-07-02,189.19,189.19,189.19,189.19,000,176.46
2013-07-01,191.45,191.45,191.45,191.45,000,178.57
2013-06-28,190.62,190.62,187.20,187.20,000,174.60
2013-06-27,185.18,185.18,185.18,185.18,000,172.72
2013-06-26,178.05,178.05,178.05,178.05,000,166.07
2013-06-25,175.65,175.65,175.65,175.65,000,163.83
2013-06-24,179.16,179.16,175.55,175.55,000,163.74
2013-06-21,180.42,180.42,180.42,180.42,000,168.28
2013-06-20,184.55,184.55,184.55,184.55,000,172.13
2013-06-19,185.00,185.00,185.00,185.00,000,172.55
2013-06-18,186.92,186.92,186.92,186.92,000,174.34
2013-06-17,185.31,185.31,185.31,185.31,000,172.84
2013-06-14,184.57,184.57,184.57,184.57,000,172.15
2013-06-13,184.55,184.55,184.55,184.55,000,172.13
2013-06-12,185.73,185.73,185.73,185.73,000,173.23
2013-06-11,188.40,188.40,188.40,188.40,000,175.72
2013-06-10,187.87,187.87,187.87,187.87,000,175.23
2013-06-07,183.00,183.00,183.00,183.00,000,170.68
2013-06-06,186.16,187.60,183.55,183.55,100,171.20
2013-06-05,186.87,186.87,186.87,186.87,000,174.29
2013-06-04,185.83,185.83,185.83,185.83,000,173.32
2013-06-03,190.95,190.95,187.30,187.30,000,174.70
2013-05-31,194.22,194.22,194.22,194.22,000,181.15
2013-05-30,195.20,195.20,191.25,191.25,000,178.38
2013-05-29,200.87,200.87,200.87,200.87,000,187.35
2013-05-28,201.64,201.64,201.64,201.64,000,188.07
2013-05-27,202.71,202.71,202.71,202.71,000,189.07
2013-05-24,199.93,199.93,199.93,199.93,000,186.48
2013-05-23,203.51,203.51,199.50,199.50,000,186.07
2013-05-22,199.09,199.09,199.09,199.09,000,185.69
2013-05-21,196.25,198.45,196.25,198.45,000,185.09
2013-05-20,196.51,196.51,196.51,196.51,000,183.29
2013-05-17,196.95,196.95,196.95,196.95,000,183.70
2013-05-16,199.00,199.00,199.00,199.00,000,185.61
2013-05-15,195.80,195.80,195.80,195.80,000,182.62
2013-05-14,194.34,194.34,194.34,194.34,000,181.26
2013-05-13,194.13,194.13,194.13,194.13,000,181.07
2013-05-10,193.50,193.50,193.50,193.50,000,180.48
2013-05-09,189.03,189.03,189.03,189.03,000,176.31
2013-05-08,189.13,189.13,189.13,189.13,000,176.40
2013-05-07,189.24,189.24,189.24,189.24,000,176.50
2013-05-06,191.04,191.04,191.04,191.04,000,178.18
2013-05-03,188.99,188.99,188.99,188.99,000,176.27
2013-05-02,189.14,189.14,189.14,189.14,000,176.41
2013-05-01,189.39,189.39,189.39,189.39,000,176.64
2013-04-30,189.39,189.39,189.39,189.39,000,176.64
2013-04-29,187.72,187.72,187.72,187.72,000,175.09
2013-04-26,188.22,188.22,188.22,188.22,000,175.55
2013-04-25,187.01,187.01,187.01,187.01,000,174.42
2013-04-24,186.72,186.72,186.72,186.72,000,174.15
2013-04-23,184.33,184.33,184.33,184.33,000,171.93
2013-04-22,185.99,185.99,185.99,185.99,000,173.47
2013-04-19,185.89,185.89,185.89,185.89,000,173.38
2013-04-18,183.15,183.15,183.15,183.15,000,170.82
2013-04-17,187.32,187.32,187.32,187.32,000,174.71
2013-04-16,189.64,189.64,189.64,189.64,000,176.88
2013-04-15,184.56,187.55,184.56,187.55,000,174.93
2013-04-12,185.49,185.49,185.49,185.49,000,173.01
2013-04-11,184.83,184.83,184.83,184.83,000,172.39
2013-04-10,182.21,182.21,182.21,182.21,000,169.95
2013-04-09,183.47,183.47,183.47,183.47,000,171.12
2013-04-08,181.54,181.54,181.54,181.54,000,169.32
2013-04-05,181.77,181.77,181.77,181.77,000,169.54
2013-04-04,185.19,185.19,185.19,185.19,000,172.73
2013-04-03,183.84,183.84,183.84,183.84,000,171.47
2013-04-02,183.30,183.30,183.30,183.30,000,170.96
2013-04-01,181.50,181.50,181.50,181.50,000,169.29
2013-03-29,181.50,181.50,181.50,181.50,000,163.53
2013-03-28,179.83,181.50,179.83,181.50,000,163.53
2013-03-27,179.87,179.87,179.87,179.87,000,162.06
2013-03-26,179.46,179.46,179.46,179.46,000,161.69
2013-03-25,178.77,178.77,178.77,178.77,000,161.07
2013-03-22,177.47,177.47,177.47,177.47,000,159.90
2013-03-21,179.30,179.30,179.30,179.30,000,161.55
2013-03-20,178.19,178.19,178.19,178.19,000,160.55
2013-03-19,176.43,178.80,176.43,178.80,000,161.10
2013-03-18,174.82,174.82,174.82,174.82,000,157.51
2013-03-15,174.32,174.32,174.32,174.32,000,157.06
2013-03-14,172.48,172.48,172.48,172.48,000,155.40
2013-03-13,173.66,173.80,173.66,173.80,000,156.59
2013-03-12,172.79,172.79,172.79,172.79,000,155.68
2013-03-11,172.82,172.82,171.80,171.80,000,154.79
2013-03-08,173.47,174.68,173.47,174.68,000,157.39
2013-03-07,171.52,175.30,171.52,174.50,000,157.22
2013-03-06,178.30,178.30,178.30,178.30,000,154.03
2013-03-05,175.74,175.74,175.74,175.74,000,151.81
2013-03-04,175.81,175.81,175.81,175.81,000,151.87
2013-03-01,175.23,175.23,175.23,175.23,000,151.37
2013-02-28,173.97,173.97,173.97,173.97,000,150.29
2013-02-27,174.19,174.19,174.19,174.19,000,150.48
2013-02-26,174.77,174.77,174.77,174.77,000,150.98
2013-02-25,172.99,175.00,172.99,175.00,000,151.18
2013-02-22,170.00,170.00,170.00,170.00,000,146.86
2013-02-21,173.50,173.50,173.50,173.50,000,149.88
2013-02-20,172.00,172.00,172.00,172.00,000,148.58
2013-02-19,169.03,171.30,169.03,171.30,000,147.98
2013-02-18,167.24,167.24,167.24,167.24,000,144.47
2013-02-15,166.34,166.34,166.34,166.34,000,143.69
2013-02-14,165.26,166.35,165.26,166.35,000,143.70
2013-02-13,164.80,164.80,164.80,164.80,000,142.36
2013-02-12,164.65,164.65,164.65,164.65,000,142.23
2013-02-11,165.93,166.85,165.93,166.85,000,144.13
2013-02-08,162.75,163.94,162.75,163.94,000,141.62
2013-02-07,165.58,165.58,165.58,165.58,000,143.04
2013-02-06,166.96,166.96,166.96,166.96,000,144.23
2013-02-05,166.68,166.68,166.68,166.68,000,143.99
2013-02-04,165.36,165.36,165.36,165.36,000,142.85
2013-02-01,165.38,167.00,165.38,167.00,300,144.26
2013-01-31,163.60,163.60,163.60,163.60,000,141.33
2013-01-30,165.00,165.00,163.40,163.40,000,141.15
2013-01-29,165.31,165.31,165.31,165.31,000,142.80
2013-01-28,165.32,165.32,165.32,165.32,000,142.81
2013-01-25,166.29,166.29,166.29,166.29,000,143.65
2013-01-24,164.05,164.05,164.05,164.05,000,141.72
2013-01-23,161.04,161.04,161.04,161.04,000,139.12
2013-01-22,161.52,161.52,161.52,161.52,000,139.53
2013-01-21,161.82,161.82,161.82,161.82,000,139.79
2013-01-18,162.65,162.65,162.65,162.65,000,140.51
2013-01-17,160.45,160.45,160.45,160.45,000,138.61
2013-01-16,159.06,159.06,159.06,159.06,000,137.41
2013-01-15,159.00,159.00,159.00,159.00,000,137.35
2013-01-14,160.60,160.60,160.60,160.60,000,138.74
2013-01-11,160.00,160.00,160.00,160.00,000,138.22
2013-01-10,160.66,160.66,160.66,160.66,000,138.79
2013-01-09,159.72,159.72,159.72,159.72,000,137.98
2013-01-08,158.10,158.60,158.10,158.60,000,137.01
2013-01-07,158.14,158.14,158.14,158.14,000,136.61
2013-01-04,157.30,157.30,157.30,157.30,000,135.88
2013-01-03,158.00,158.85,158.00,158.85,000,137.22
2013-01-02,155.09,157.11,155.09,157.11,000,135.72
2013-01-01,155.24,155.24,155.24,155.24,000,134.11
2012-12-31,155.24,155.24,155.24,155.24,000,134.11
2012-12-28,155.24,155.24,155.24,155.24,000,134.11
2012-12-27,155.84,155.84,155.84,155.84,000,134.62
2012-12-26,155.05,155.05,155.05,155.05,000,133.94
2012-12-25,155.05,155.05,155.05,155.05,000,133.94
2012-12-24,155.05,155.05,155.05,155.05,000,133.94
2012-12-21,155.05,155.05,155.05,155.05,000,133.94
2012-12-20,157.14,157.14,157.14,157.14,000,135.75
2012-12-19,155.75,155.75,155.75,155.75,000,134.55
2012-12-18,155.78,155.78,155.78,155.78,000,134.57
2012-12-17,157.40,157.40,156.15,156.15,000,134.89
2012-12-14,155.88,155.88,155.88,155.88,000,134.66
2012-12-13,156.34,156.34,156.05,156.05,000,134.81
2012-12-12,157.00,158.00,157.00,158.00,000,136.49
2012-12-11,156.61,156.61,156.61,156.61,000,135.29
2012-12-10,154.98,154.98,154.98,154.98,000,133.88
2012-12-07,154.13,154.13,154.13,154.13,000,133.15
2012-12-06,151.85,151.85,151.85,151.85,000,131.18
2012-12-05,150.77,152.00,150.77,152.00,000,131.31
2012-12-04,152.00,152.00,152.00,152.00,000,131.31
2012-12-03,152.61,152.61,152.61,152.61,000,131.83
2012-11-30,153.09,153.09,153.09,153.09,000,132.25
2012-11-29,151.41,151.41,151.41,151.41,000,130.80
2012-11-28,150.50,150.50,150.50,150.50,000,130.01
2012-11-27,149.66,149.66,149.66,149.66,000,129.28
2012-11-26,150.39,150.39,150.39,150.39,000,129.92
2012-11-23,149.90,149.90,149.90,149.90,000,129.49
2012-11-22,149.05,149.05,149.05,149.05,000,128.76
2012-11-21,148.46,148.46,148.46,148.46,000,128.25
2012-11-20,149.75,149.75,149.75,149.75,000,129.36
2012-11-19,147.64,147.64,147.64,147.64,000,127.54
2012-11-16,147.64,147.64,147.64,147.64,000,127.54
2012-11-15,152.59,152.59,152.59,152.59,000,131.82
2012-11-14,152.82,152.82,152.82,152.82,000,132.01
2012-11-13,151.92,151.92,151.92,151.92,000,131.24
2012-11-12,152.50,152.50,152.50,152.50,000,131.74
2012-11-09,152.81,152.81,152.81,152.81,000,132.01
2012-11-08,153.41,153.41,153.41,153.41,000,132.52
2012-11-07,154.71,154.71,154.71,154.71,000,133.65
2012-11-06,153.34,154.20,153.34,154.20,100,133.21
2012-11-05,153.24,153.24,153.24,153.24,000,132.38
2012-11-02,152.09,152.09,152.09,152.09,000,131.38
2012-11-01,152.71,152.71,152.71,152.71,000,131.92
2012-10-31,153.18,153.18,153.18,153.18,000,132.33
2012-10-30,152.40,152.40,152.40,152.40,000,131.65
2012-10-29,153.42,153.42,153.42,153.42,000,132.53
2012-10-26,152.80,152.80,152.80,152.80,000,132.00
2012-10-25,152.97,152.97,152.97,152.97,000,132.14
2012-10-24,154.00,154.00,154.00,154.00,000,133.03
2012-10-23,156.21,156.21,153.36,153.36,000,132.48
2012-10-22,158.17,158.17,158.17,158.17,000,136.64
2012-10-19,157.90,157.90,157.90,157.90,000,136.40
2012-10-18,156.69,156.69,156.69,156.69,000,135.36
2012-10-17,157.43,157.43,157.43,157.43,000,136.00
2012-10-16,156.85,156.85,156.85,156.85,000,135.50
2012-10-15,154.37,154.37,154.37,154.37,000,133.35
2012-10-12,153.15,153.15,153.15,153.15,000,132.30
2012-10-11,153.38,153.38,153.38,153.38,000,132.50
2012-10-10,155.03,155.03,155.03,155.03,000,133.92
2012-10-09,154.89,154.89,154.89,154.89,000,133.80
2012-10-08,154.18,154.18,154.18,154.18,000,133.19
2012-10-05,153.36,153.36,153.36,153.36,000,132.48
2012-10-04,152.25,152.25,152.25,152.25,000,131.52
2012-10-03,151.77,151.77,151.77,151.77,000,131.11
2012-10-02,152.66,152.66,152.66,152.66,000,131.88
2012-10-01,148.94,148.94,148.94,148.94,000,128.66
2012-09-28,151.06,151.06,151.06,151.06,000,130.49
2012-09-27,149.76,149.76,149.76,149.76,000,129.37
2012-09-26,151.33,151.33,151.33,151.33,000,130.73
2012-09-25,151.16,151.16,151.16,151.16,000,130.58
2012-09-24,152.00,152.00,152.00,152.00,000,131.31
2012-09-21,150.61,150.61,150.61,150.61,000,130.11
2012-09-20,150.64,150.64,150.64,150.64,000,130.13
2012-09-19,150.05,150.05,150.05,150.05,000,129.62
2012-09-18,148.66,148.66,148.66,148.66,000,128.42
2012-09-17,149.15,149.15,149.15,149.15,000,128.84
2012-09-14,150.40,150.40,150.40,150.40,000,129.92
2012-09-13,148.52,148.52,148.52,148.52,000,128.30
2012-09-12,149.71,149.71,149.71,149.71,000,129.33
2012-09-11,149.84,149.84,149.84,149.84,000,129.44
2012-09-10,151.22,151.22,151.22,151.22,000,130.63
2012-09-07,151.04,151.04,151.04,151.04,000,130.48
2012-09-06,148.76,148.76,148.76,148.76,000,128.51
2012-09-05,147.34,147.34,147.34,147.34,000,127.28
2012-09-04,149.02,149.02,149.02,149.02,000,128.73
2012-09-03,147.85,147.85,147.85,147.85,000,127.72
2012-08-31,146.65,146.65,146.65,146.65,000,126.68
2012-08-30,147.66,147.66,147.66,147.66,000,127.56
2012-08-29,148.68,148.68,148.68,148.68,000,128.44
2012-08-28,149.64,149.64,148.55,148.55,100,128.33
2012-08-27,150.36,150.36,150.36,150.36,100,129.89
2012-08-24,146.64,146.64,146.64,146.64,000,126.68
2012-08-23,148.00,148.00,147.00,147.00,000,126.99
2012-08-22,148.81,148.81,148.81,148.81,000,128.55
2012-08-21,148.89,148.89,148.89,148.89,000,128.62
2012-08-20,149.53,149.53,149.53,149.53,000,129.17
2012-08-17,150.34,150.34,150.34,150.34,000,129.87
2012-08-16,150.07,150.07,150.07,150.07,000,129.64
2012-08-15,149.98,149.98,149.98,149.98,000,129.56
2012-08-14,150.07,150.07,150.07,150.07,000,129.64
2012-08-13,148.98,148.98,148.98,148.98,000,128.70
2012-08-10,149.04,149.04,149.04,149.04,000,128.75
2012-08-09,148.12,148.12,148.12,148.12,000,127.95
2012-08-08,147.97,147.97,147.97,147.97,000,127.83
2012-08-07,147.34,147.34,147.34,147.34,000,127.28
2012-08-06,149.36,149.36,149.36,149.36,000,129.03
2012-08-03,149.15,150.55,149.15,150.55,000,130.05
2012-08-02,149.54,149.54,149.54,149.54,000,129.18
2012-08-01,149.19,149.19,149.19,149.19,000,128.88
2012-07-31,146.27,146.27,146.27,146.27,000,126.36
2012-07-30,145.82,145.82,145.82,145.82,000,125.97
2012-07-27,144.81,144.81,144.81,144.81,000,125.10
2012-07-26,144.77,144.77,144.77,144.77,000,125.06
2012-07-25,143.75,143.75,143.75,143.75,000,124.18
2012-07-24,145.54,145.54,145.54,145.54,000,125.73
2012-07-23,148.00,148.00,148.00,148.00,000,127.85
2012-07-20,147.95,147.95,147.95,147.95,000,127.81
2012-07-19,147.31,147.31,147.31,147.31,000,127.25
2012-07-18,146.01,146.01,146.01,146.01,000,126.13
2012-07-17,145.77,145.77,145.77,145.77,000,125.92
2012-07-16,144.24,144.24,144.24,144.24,000,124.60
2012-07-13,144.35,144.35,144.35,144.35,000,124.70
2012-07-12,143.88,143.88,143.88,143.88,000,124.29
2012-07-11,144.51,144.51,144.10,144.10,000,124.48
2012-07-10,144.51,144.51,144.51,144.51,000,124.84
2012-07-09,144.10,144.10,144.10,144.10,000,124.48
2012-07-06,143.34,143.34,143.34,143.34,000,123.83
2012-07-05,143.53,143.53,143.53,143.53,000,123.99
2012-07-04,143.11,143.11,143.11,143.11,000,123.63
2012-07-03,142.33,142.33,142.33,142.33,000,122.95
2012-07-02,141.59,144.15,141.59,144.15,000,124.53
2012-06-29,143.03,143.03,143.03,143.03,000,123.56
2012-06-28,141.10,141.10,141.10,141.10,000,121.89
2012-06-27,141.09,141.09,141.09,141.09,000,121.88
2012-06-26,138.50,138.50,138.50,138.50,000,119.64
2012-06-25,140.56,140.56,140.56,140.56,000,121.42
2012-06-22,138.50,138.50,138.50,138.50,000,119.64
2012-06-21,138.50,138.50,138.50,138.50,000,119.64
2012-06-20,139.19,139.19,139.00,139.00,000,120.08
2012-06-19,135.00,135.00,135.00,135.00,000,116.62
2012-06-18,136.77,136.77,136.77,136.77,000,118.15
2012-06-15,135.86,135.86,135.86,135.86,000,117.36
2012-06-14,135.83,136.70,135.83,136.70,000,118.09
2012-06-13,135.53,135.53,135.53,135.53,000,117.08
2012-06-12,133.65,133.65,133.65,133.65,000,115.45
2012-06-11,135.03,135.03,135.03,135.03,000,116.65
2012-06-08,133.37,133.37,133.37,133.37,000,115.21
2012-06-07,132.72,132.72,132.72,132.72,000,114.65
2012-06-06,130.16,130.16,130.16,130.16,000,112.44
2012-06-05,130.87,130.87,130.87,130.87,000,113.05
2012-06-04,130.00,130.00,130.00,130.00,000,112.30
2012-06-01,132.80,132.80,132.80,132.80,000,114.72
2012-05-31,132.57,132.57,132.57,132.57,000,114.52
2012-05-30,133.12,133.12,133.12,133.12,000,115.00
2012-05-29,133.45,133.45,133.45,133.45,000,115.28
2012-05-28,131.45,131.45,131.45,131.45,000,113.55
2012-05-25,131.39,131.39,131.39,131.39,000,113.50
2012-05-24,131.97,131.97,131.97,131.97,000,114.00
2012-05-23,133.72,133.72,133.72,133.72,000,115.52
2012-05-22,131.95,131.95,131.95,131.95,000,113.99
2012-05-21,131.72,131.72,131.72,131.72,000,113.79
2012-05-18,134.00,134.00,134.00,134.00,000,115.76
2012-05-17,134.00,134.00,134.00,134.00,000,115.76
2012-05-16,133.79,133.79,133.79,133.79,000,115.58
2012-05-15,134.18,134.18,134.18,134.18,000,115.91
2012-05-14,137.91,137.91,137.91,137.91,000,119.13
2012-05-11,136.11,136.11,136.11,136.11,000,117.58
2012-05-10,135.79,135.79,135.79,135.79,000,117.30
2012-05-09,136.18,136.18,136.18,136.18,000,117.64
2012-05-08,137.91,137.91,137.91,137.91,000,119.13
2012-05-07,139.80,139.80,139.80,139.80,000,120.77
2012-05-04,142.86,142.86,142.86,142.86,000,123.41
2012-05-03,143.24,143.24,143.24,143.24,000,123.74
2012-05-02,144.81,144.81,144.81,144.81,000,125.10
2012-05-01,143.50,143.50,143.50,143.50,000,123.96
2012-04-30,143.50,143.50,143.50,143.50,000,123.96
2012-04-27,143.74,143.74,143.74,143.74,000,124.17
2012-04-26,144.91,144.91,144.91,144.91,000,125.18
2012-04-25,144.56,144.56,144.56,144.56,000,124.88
2012-04-24,144.06,144.06,144.06,144.06,000,124.45
2012-04-23,146.23,146.23,146.23,146.23,000,126.32
2012-04-20,143.12,143.12,143.12,143.12,000,123.64
2012-04-19,142.07,142.07,142.07,142.07,000,122.73
2012-04-18,139.71,139.71,139.71,139.71,000,120.69
2012-04-17,140.25,140.25,140.25,140.25,000,121.16
2012-04-16,137.93,140.23,137.93,140.23,000,121.14
2012-04-13,136.74,136.74,136.74,136.74,000,118.12
2012-04-12,135.37,135.37,135.37,135.37,000,116.94
2012-04-11,135.11,135.11,135.11,135.11,000,116.72
2012-04-10,138.30,138.30,138.30,138.30,000,119.47
2012-04-09,139.16,139.16,139.16,139.16,000,120.21
2012-04-06,139.16,139.16,139.16,139.16,000,120.21
2012-04-05,139.16,139.16,139.16,139.16,000,120.21
2012-04-04,140.06,140.06,140.06,140.06,000,120.99
2012-04-03,140.41,140.41,140.41,140.41,000,121.29
2012-04-02,137.16,137.16,137.16,137.16,000,118.49
2012-03-30,137.02,137.02,137.02,137.02,000,118.37
2012-03-29,140.21,140.21,140.21,140.21,000,125.38
2012-03-28,139.15,139.15,139.15,139.15,000,124.44
2012-03-27,138.84,138.84,138.84,138.84,000,124.16
2012-03-26,138.80,138.80,138.80,138.80,000,124.12
2012-03-23,138.66,138.66,138.66,138.66,000,124.00
2012-03-22,139.31,139.31,139.31,139.31,000,124.58
2012-03-21,138.61,138.61,138.61,138.61,000,123.95
2012-03-20,139.51,139.51,139.51,139.51,000,124.76
2012-03-19,138.47,138.47,138.47,138.47,000,123.83
2012-03-16,138.61,138.61,138.61,138.61,000,123.95
2012-03-15,137.84,137.84,137.84,137.84,000,123.26
2012-03-14,137.16,137.16,137.16,137.16,000,122.66
2012-03-13,136.78,136.78,136.78,136.78,000,122.32
2012-03-12,135.77,136.65,135.77,135.31,000,121.00
2012-03-09,135.31,135.31,135.31,135.31,000,121.00
2012-03-08,132.77,132.77,132.77,132.77,000,118.73
2012-03-07,134.91,134.91,134.91,134.91,000,114.56
2012-03-06,136.74,136.74,136.74,136.74,000,116.12
2012-03-05,135.98,135.98,135.98,135.98,000,115.47
2012-03-02,134.34,134.34,134.34,134.34,000,114.08
2012-03-01,135.50,135.50,135.50,135.50,000,115.06
2012-02-29,135.40,135.40,135.40,135.40,000,114.98
2012-02-28,136.43,136.43,136.43,136.43,000,115.85
2012-02-27,136.68,136.68,136.68,136.68,000,116.07
2012-02-24,138.56,138.56,138.56,138.56,000,117.66
2012-02-23,136.78,136.78,136.78,136.78,000,116.15
2012-02-22,138.27,138.95,138.27,138.95,000,117.99
2012-02-21,139.10,139.10,138.10,138.10,100,117.27
2012-02-20,139.78,139.78,139.78,139.78,000,118.70
2012-02-17,140.28,140.28,140.28,140.28,000,119.12
2012-02-16,140.15,140.15,140.15,140.15,000,119.01
2012-02-15,140.04,140.04,140.04,140.04,000,118.92
2012-02-14,141.74,141.74,141.74,141.74,000,120.36
2012-02-13,139.78,139.78,139.78,139.78,000,118.70
2012-02-10,139.76,139.76,139.76,139.76,000,118.68
2012-02-09,139.70,139.70,139.70,139.70,000,118.63
2012-02-08,139.29,139.29,139.29,139.29,000,118.28
2012-02-07,136.53,136.53,136.53,136.53,000,115.94
2012-02-06,135.00,135.00,135.00,135.00,000,114.64
2012-02-03,132.02,132.02,132.02,132.02,000,112.11
2012-02-02,132.83,132.83,132.83,132.83,000,112.80
2012-02-01,133.12,133.12,133.12,133.12,000,113.04
2012-01-31,135.50,135.50,135.50,135.50,000,115.06
2012-01-30,134.36,134.36,134.36,134.36,000,114.10
2012-01-27,138.15,138.15,138.15,138.15,000,117.31
2012-01-26,138.07,138.07,138.07,138.07,000,117.25
2012-01-25,140.51,140.51,140.51,140.51,000,119.32
2012-01-24,139.63,139.63,139.63,139.63,000,118.57
2012-01-23,140.91,140.91,140.91,140.91,000,119.66
2012-01-20,141.61,141.61,141.61,141.61,000,120.25
2012-01-19,141.26,141.26,141.26,141.26,000,119.96
2012-01-18,140.00,140.00,140.00,140.00,000,118.89
2012-01-17,141.31,141.31,141.31,141.31,000,120.00
2012-01-16,139.91,139.91,139.91,139.91,000,118.81
2012-01-13,140.45,141.55,140.45,141.55,000,120.20
2012-01-12,140.39,140.39,140.39,140.39,000,119.22
2012-01-11,140.92,140.92,140.92,140.92,000,119.67
2012-01-10,140.01,140.01,140.01,140.01,000,118.89
2012-01-09,139.69,139.69,139.69,139.69,000,118.62
2012-01-06,137.12,137.12,137.12,137.12,000,116.44
2012-01-05,137.96,137.96,137.96,137.96,000,117.15
2012-01-04,138.08,138.08,138.08,138.08,000,117.25
2012-01-03,136.02,136.02,136.02,136.02,000,115.51
2012-01-02,135.81,135.81,135.81,135.81,000,115.33
2011-12-30,135.77,136.33,135.77,136.33,000,115.77
2011-12-29,136.38,136.38,136.38,136.38,000,115.81
2011-12-28,134.95,136.90,134.95,136.90,000,116.25
2011-12-27,135.01,135.01,135.01,135.01,000,114.65
2011-12-26,132.31,132.31,132.31,132.31,000,112.36
2011-12-23,132.31,132.31,132.31,132.31,000,112.36
2011-12-22,133.22,133.22,133.22,133.22,000,113.13
2011-12-21,133.01,133.01,133.01,133.01,000,112.95
2011-12-20,133.08,133.08,133.08,133.08,000,113.01
2011-12-19,133.48,133.48,133.48,133.48,000,113.35
2011-12-16,134.77,135.65,133.65,135.65,000,115.19
2011-12-15,131.21,131.21,131.21,131.21,000,111.42
2011-12-14,131.66,131.66,131.66,131.66,000,111.80
2011-12-13,130.00,130.00,130.00,130.00,000,110.39
2011-12-12,129.20,129.20,129.20,129.20,000,109.71
2011-12-09,126.07,126.07,126.07,126.07,000,107.06
2011-12-08,125.49,125.49,125.49,125.49,000,106.56
2011-12-07,125.60,125.60,125.60,125.60,000,106.66
2011-12-06,124.00,124.00,124.00,124.00,000,105.30
2011-12-05,127.00,127.00,124.50,124.50,000,105.72
2011-12-02,124.19,124.19,124.19,124.19,000,105.46
2011-12-01,124.62,126.20,124.62,126.20,000,107.17
2011-11-30,121.58,121.58,121.58,121.58,000,103.24
2011-11-29,119.64,119.64,119.64,119.64,000,101.60
2011-11-28,120.00,120.00,120.00,120.00,000,101.90
2011-11-25,116.33,118.40,116.33,118.40,000,100.54
2011-11-24,118.75,118.75,117.65,117.65,000,99.91
2011-11-23,118.22,118.22,118.22,118.22,000,100.39
2011-11-22,116.48,116.48,116.48,116.48,000,98.91
2011-11-21,120.81,120.81,120.81,120.81,000,102.59
2011-11-18,120.67,121.60,120.67,121.60,000,103.26
2011-11-17,119.62,119.62,119.62,119.62,000,101.58
2011-11-16,119.91,119.91,119.91,119.91,000,101.83
2011-11-15,119.96,119.96,119.96,119.96,000,101.87
2011-11-14,119.81,122.50,119.81,122.50,300,104.02
2011-11-11,117.36,117.36,117.36,117.36,000,99.66
2011-11-10,119.21,119.21,119.21,119.21,000,101.23
2011-11-09,121.59,121.59,121.59,121.59,000,103.25
2011-11-08,120.39,120.39,120.39,120.39,000,102.23
2011-11-07,122.47,122.47,122.47,122.47,000,104.00
2011-11-04,122.43,122.43,122.43,122.43,000,103.97
2011-11-03,120.86,120.86,120.86,120.86,000,102.63
2011-11-02,122.08,122.08,122.08,122.08,000,103.67
2011-11-01,120.57,120.57,120.57,120.57,000,102.39
2011-10-31,121.61,121.61,121.61,123.05,100,104.49
2011-10-28,122.16,123.65,122.16,123.05,100,104.49
2011-10-27,122.46,122.46,122.46,122.46,000,103.99
2011-10-26,119.86,119.86,119.86,119.86,000,101.78
2011-10-25,120.25,121.50,120.25,121.50,000,103.18
2011-10-24,121.93,121.93,121.93,121.93,000,103.54
2011-10-21,121.26,121.26,121.26,121.26,000,102.97
2011-10-20,120.05,120.05,120.05,120.05,000,101.94
2011-10-19,121.54,121.54,121.45,121.45,000,103.13
2011-10-18,119.28,119.28,119.28,119.28,000,101.29
2011-10-17,121.61,121.61,120.70,120.70,100,102.50
2011-10-14,119.00,121.55,119.00,121.55,000,103.22
2011-10-13,125.26,125.26,120.70,120.70,000,102.50
2011-10-12,124.75,124.75,124.75,124.75,000,105.94
2011-10-11,126.09,126.09,125.05,125.05,100,106.19
2011-10-10,125.68,127.50,125.68,127.50,000,108.27
2011-10-07,122.56,122.56,122.56,122.56,000,104.08
2011-10-06,122.38,122.38,122.38,122.38,000,103.92
2011-10-05,125.24,125.24,125.24,125.24,000,106.35
2011-10-04,125.54,126.00,125.54,126.00,000,107.00
2011-10-03,123.73,123.73,123.73,123.73,000,105.07
2011-09-30,123.69,123.69,123.69,123.69,000,105.04
2011-09-29,122.01,124.40,122.01,124.40,000,105.64
2011-09-28,122.32,122.32,122.32,122.32,000,103.87
2011-09-27,118.33,118.33,118.33,118.33,000,100.48
2011-09-26,115.96,115.96,115.96,115.96,000,98.47
2011-09-23,114.40,114.40,114.40,114.40,000,97.15
2011-09-22,117.00,117.00,117.00,117.00,000,99.35
2011-09-21,118.00,118.00,118.00,118.00,000,100.20
2011-09-20,115.76,115.76,115.76,115.76,000,98.30
2011-09-19,116.20,116.20,116.20,116.20,000,98.67
2011-09-16,119.30,119.30,119.20,119.20,000,101.22
2011-09-15,119.64,120.50,119.27,119.27,000,101.28
2011-09-14,118.22,118.22,118.22,118.22,000,100.39
2011-09-13,118.16,118.16,118.16,118.16,000,100.34
2011-09-12,120.54,120.54,120.54,120.54,000,102.36
2011-09-09,121.89,121.89,121.89,121.89,000,103.51
2011-09-08,120.91,120.91,120.91,120.91,000,102.67
2011-09-07,121.14,121.14,121.14,121.14,000,102.87
2011-09-06,124.78,126.72,124.78,126.72,000,107.61
2011-09-05,129.00,129.00,129.00,129.00,000,109.54
2011-09-02,130.49,130.49,130.49,130.49,000,110.81
2011-09-01,125.94,125.94,125.94,125.94,000,106.95
2011-08-31,123.04,123.04,123.04,123.04,000,104.48
2011-08-30,121.38,124.15,121.38,124.15,000,105.43
2011-08-29,122.23,122.23,122.23,122.23,000,103.80
2011-08-26,123.01,123.01,123.01,123.01,000,104.46
2011-08-25,124.04,124.04,124.04,124.04,000,105.33
2011-08-24,121.75,121.75,121.75,121.75,000,103.39
2011-08-23,120.74,120.74,120.74,120.74,000,102.53
2011-08-22,119.67,120.90,119.67,120.90,000,102.67
2011-08-19,118.71,118.71,118.71,118.71,000,100.81
2011-08-18,120.97,121.10,120.97,121.10,000,102.84
2011-08-17,118.49,118.49,118.49,118.49,000,100.62
2011-08-16,120.12,120.12,120.12,120.12,000,102.00
2011-08-15,116.76,118.00,116.76,118.00,000,100.20
2011-08-12,118.07,120.90,118.07,120.90,000,102.67
2011-08-11,118.70,119.64,116.35,116.35,000,98.80
2011-08-10,122.01,122.01,122.01,122.01,000,103.61
2011-08-09,116.69,116.69,115.05,115.05,100,97.70
2011-08-08,119.32,123.10,119.32,120.05,100,101.94
2011-08-05,124.67,124.67,124.67,124.67,000,105.87
2011-08-04,127.87,129.05,127.87,129.05,000,109.59
2011-08-03,128.82,130.20,127.10,130.20,200,110.56
2011-08-02,130.00,130.00,130.00,130.00,000,110.39
2011-08-01,131.43,131.43,130.50,130.50,000,110.82
2011-07-29,130.09,130.09,130.09,130.09,000,110.47
2011-07-28,129.49,129.49,129.49,129.49,000,109.96
2011-07-27,129.02,129.02,129.02,129.02,000,109.56
2011-07-26,130.00,130.00,128.55,128.55,100,109.16
2011-07-25,127.94,127.94,127.94,127.94,000,108.64
2011-07-22,124.30,124.30,124.10,124.10,700,105.38
2011-07-21,123.82,123.82,123.82,123.82,000,105.15
2011-07-20,124.11,124.11,124.11,124.11,000,105.39
2011-07-19,124.02,125.20,124.02,125.10,200,106.23
2011-07-18,124.36,124.36,124.36,124.36,000,105.60
2011-07-15,124.00,124.31,124.00,124.31,100,105.56
2011-07-14,124.52,124.52,123.50,123.50,000,104.87
2011-07-13,123.13,123.13,123.13,123.13,000,104.56
2011-07-12,120.14,120.14,120.14,120.14,000,102.02
2011-07-11,120.51,121.60,120.51,121.60,000,103.26
2011-07-08,118.95,118.95,118.95,118.95,000,101.01
2011-07-07,120.75,122.50,120.75,122.50,000,104.02
2011-07-06,120.79,120.79,120.79,120.79,000,102.57
2011-07-05,120.79,120.79,120.79,120.79,000,102.57
2011-07-04,120.18,121.11,120.18,121.11,000,102.84
2011-07-01,120.44,121.55,120.44,121.55,000,103.22
2011-06-30,122.43,122.43,122.43,122.43,000,103.97
2011-06-29,122.57,122.57,122.57,122.57,000,104.08
2011-06-28,122.80,122.80,122.80,122.80,000,104.28
2011-06-27,123.54,123.54,123.54,123.54,000,104.91
2011-06-24,121.70,121.70,121.70,121.70,000,103.35
2011-06-23,122.24,122.24,122.24,122.24,000,103.80
2011-06-22,122.15,122.15,122.15,122.15,000,103.73
2011-06-21,124.65,124.65,124.50,124.55,000,105.77
2011-06-20,124.53,124.53,124.53,124.53,000,105.75
2011-06-17,125.67,125.67,125.00,125.00,100,106.15
2011-06-16,126.43,126.43,126.43,126.43,000,107.36
2011-06-15,126.21,126.21,126.21,126.21,000,107.18
2011-06-14,124.78,125.50,124.78,125.50,000,106.57
2011-06-13,126.02,126.02,126.02,126.02,000,107.01
2011-06-10,125.59,125.59,124.70,125.45,100,106.53
2011-06-09,124.18,124.18,124.18,124.18,000,105.45
2011-06-08,127.45,127.45,127.45,127.45,000,108.23
2011-06-07,128.11,128.11,128.11,128.11,000,108.79
2011-06-06,128.86,130.65,128.86,129.30,300,109.80
2011-06-03,128.45,128.45,128.45,128.45,000,109.08
2011-06-02,129.26,129.26,129.26,129.26,000,109.77
2011-06-01,129.11,129.90,129.11,129.90,000,110.31
2011-05-31,128.46,128.46,128.46,128.46,000,109.09
2011-05-30,128.84,130.00,128.84,130.00,400,110.39
2011-05-27,128.39,128.39,128.39,128.39,000,109.03
2011-05-26,126.90,126.90,126.30,126.30,000,107.25
2011-05-25,126.62,126.62,126.20,126.20,200,107.17
2011-05-24,126.00,126.00,126.00,126.00,000,107.00
2011-05-23,127.25,127.25,127.00,127.00,000,107.85
2011-05-20,126.48,127.95,126.48,127.70,000,108.44
2011-05-19,128.00,128.00,128.00,128.00,000,108.70
2011-05-18,126.25,126.25,126.25,126.25,000,107.21
2011-05-17,127.50,127.50,127.50,127.50,000,108.27
2011-05-16,127.02,127.02,127.02,127.02,000,107.86
2011-05-13,125.77,125.77,125.77,125.77,000,106.80
2011-05-12,125.08,125.08,125.08,125.08,000,106.22
2011-05-11,124.05,124.05,124.05,124.05,000,105.34
2011-05-10,123.90,123.90,123.90,123.90,000,105.21
2011-05-09,125.17,125.17,125.17,125.17,000,106.29
2011-05-06,121.00,121.00,121.00,121.00,000,102.75
2011-05-05,120.65,120.65,120.65,120.65,000,102.45
2011-05-04,122.08,122.96,122.08,122.96,100,104.42
2011-05-03,120.78,120.78,120.78,120.78,000,102.56
2011-05-02,118.75,120.25,118.75,120.25,000,102.11
2011-04-29,118.42,118.42,118.42,118.42,000,100.56
2011-04-28,117.80,118.45,117.80,118.45,000,100.59
2011-04-27,119.85,119.85,119.85,119.85,000,101.77
2011-04-26,119.40,120.40,119.40,120.40,000,102.24
2011-04-21,118.96,118.96,118.96,118.96,000,101.02
2011-04-20,117.00,117.00,117.00,117.00,000,99.35
2011-04-19,117.68,117.68,117.68,117.68,000,99.93
2011-04-18,117.07,117.07,117.07,117.07,000,99.41
2011-04-15,115.51,117.35,115.51,117.35,100,99.65
2011-04-14,115.50,115.50,115.50,115.50,000,98.08
2011-04-13,116.10,116.10,116.10,116.10,000,98.59
2011-04-12,114.45,115.20,114.45,115.20,000,97.83
2011-04-11,114.50,114.50,114.50,114.50,000,97.23
2011-04-08,114.06,114.06,114.00,114.00,000,96.81
2011-04-07,114.75,114.96,114.55,114.55,100,97.27
2011-04-06,114.00,114.00,114.00,114.00,000,96.81
2011-04-05,114.00,114.20,114.00,114.20,000,96.98
2011-04-04,114.87,115.00,114.87,115.00,300,97.66
2011-04-01,115.23,115.23,114.79,114.79,000,97.48
2011-03-31,116.60,116.60,116.25,116.25,000,98.72
2011-03-30,115.14,115.14,115.14,115.14,000,97.77
2011-03-29,114.20,114.20,114.20,114.20,000,93.68
2011-03-28,109.05,109.05,109.05,109.05,000,89.46
2011-03-25,104.75,105.85,104.75,105.85,000,86.83
2011-03-24,104.30,104.30,103.80,103.80,000,85.15
2011-03-23,104.28,104.28,104.28,104.28,000,85.54
2011-03-22,103.00,103.00,103.00,103.00,000,84.49
2011-03-21,103.50,103.50,103.50,103.50,000,84.90
2011-03-18,103.30,103.90,103.30,103.90,000,85.23
2011-03-17,103.18,103.18,103.18,103.18,000,84.64
2011-03-16,102.85,103.40,102.85,103.40,100,84.82
2011-03-15,103.70,103.70,103.70,103.70,000,85.07
2011-03-14,105.50,105.90,105.50,105.90,000,86.87
2011-03-11,105.77,105.77,105.77,105.77,000,86.76
2011-03-10,105.90,106.85,105.90,106.85,000,87.65
2011-03-09,105.25,105.25,105.25,105.25,000,86.34
2011-03-08,106.15,106.15,106.00,106.00,000,86.95
2011-03-07,107.00,107.00,107.00,107.00,000,87.77
2011-03-04,107.20,107.20,107.20,107.20,000,87.94
2011-03-03,107.00,107.85,107.00,107.85,000,88.47
2011-03-02,112.02,112.02,112.02,112.02,000,91.89
2011-03-01,112.50,112.50,112.50,112.50,000,92.29
2011-02-28,111.20,112.50,111.20,111.65,100,91.59
2011-02-25,110.22,111.58,110.22,111.58,000,91.53
2011-02-24,111.60,111.60,111.60,111.60,000,91.55
2011-02-23,110.70,110.70,110.70,110.70,000,90.81
2011-02-22,111.45,111.50,111.45,111.50,000,91.47
2011-02-21,111.66,112.10,111.66,112.10,000,91.96
2011-02-18,111.42,111.70,111.13,111.13,200,91.16
2011-02-17,110.07,110.07,110.07,110.07,000,90.29
2011-02-16,109.80,109.80,109.80,109.80,000,90.07
2011-02-15,110.50,110.50,109.95,109.95,000,90.19
2011-02-14,112.94,112.94,112.41,112.41,100,92.21
2011-02-11,110.10,110.10,110.10,110.10,000,90.32
2011-02-10,110.50,110.50,110.50,110.50,000,90.64
2011-02-09,112.25,112.52,110.90,110.90,200,90.97
2011-02-08,112.65,112.65,112.65,112.65,000,92.41
2011-02-07,113.01,114.05,112.95,113.95,400,93.48
2011-02-04,114.95,114.95,114.95,114.95,000,94.30
2011-02-03,113.85,114.60,113.85,114.60,000,94.01
2011-02-02,112.65,112.65,112.65,112.65,000,92.41
2011-02-01,114.65,114.65,114.65,114.65,000,94.05
2011-01-31,115.50,115.50,115.50,115.50,000,94.75
2011-01-28,115.00,115.00,115.00,115.00,000,94.34
2011-01-27,116.13,116.13,116.13,116.13,000,95.26
2011-01-26,115.70,115.70,115.70,115.70,000,94.91
2011-01-25,115.00,116.80,115.00,116.80,500,95.81
2011-01-24,113.20,113.20,113.20,113.20,000,92.86
2011-01-21,113.07,113.07,113.07,113.07,000,92.75
2011-01-20,114.40,114.40,114.40,114.40,000,93.84
2011-01-19,114.55,115.30,114.55,114.89,300,94.25
2011-01-18,115.00,115.80,114.90,114.90,000,94.25
2011-01-17,112.70,112.70,112.70,112.70,000,92.45
2011-01-14,111.00,111.00,111.00,111.00,000,91.06
2011-01-13,112.10,112.10,111.80,111.80,000,91.71
2011-01-12,112.10,112.10,112.10,112.10,000,91.96
2011-01-11,112.90,113.40,112.90,113.40,300,93.02
2011-01-10,114.80,114.80,114.20,114.20,200,93.68
2011-01-07,114.25,114.25,113.55,113.55,100,93.15
2011-01-06,112.55,112.55,112.55,112.55,000,92.33
2011-01-05,113.00,113.00,113.00,113.00,000,92.70
2011-01-04,113.10,113.10,113.10,113.10,000,92.78
2011-01-03,114.00,115.15,114.00,115.15,100,94.46
2010-12-30,114.80,114.80,114.40,114.40,000,93.84
2010-12-29,115.00,115.00,115.00,115.00,000,94.34
2010-12-28,113.50,114.08,113.50,114.08,000,93.58
2010-12-27,112.60,112.60,112.60,112.60,000,92.37
2010-12-23,113.30,113.30,113.30,113.30,000,92.94
2010-12-22,113.15,113.15,113.15,113.15,000,92.82
2010-12-21,112.20,112.20,112.00,112.00,000,91.88
2010-12-20,113.00,113.05,112.50,113.05,100,92.74
2010-12-17,112.00,112.00,111.40,111.40,200,91.38
2010-12-16,113.00,113.05,111.80,111.80,200,91.71
2010-12-15,113.35,113.35,113.35,113.35,000,92.98
2010-12-14,112.60,113.45,112.60,113.45,100,93.06
2010-12-13,113.00,113.35,113.00,113.10,400,92.78
2010-12-10,112.39,112.70,112.25,112.70,000,92.45
2010-12-09,111.40,112.95,111.40,112.95,000,92.65
2010-12-08,109.45,111.55,109.45,111.55,000,91.51
2010-12-07,109.80,109.80,109.40,109.80,100,90.07
2010-12-06,110.07,110.07,109.85,109.85,000,90.11
2010-12-03,109.20,109.75,108.95,109.75,400,90.03
2010-12-02,109.55,109.55,108.50,108.50,100,89.00
2010-12-01,109.50,109.50,109.50,109.50,000,89.82
2010-11-30,109.80,109.80,109.80,109.80,000,90.07
2010-11-29,109.18,109.95,109.18,109.95,000,90.19
2010-11-26,108.65,109.25,108.65,109.25,200,89.62
2010-11-25,108.55,108.55,108.55,108.55,000,89.05
2010-11-24,108.99,108.99,108.99,108.99,000,89.41
2010-11-23,109.10,109.90,109.10,109.90,000,90.15
2010-11-22,110.55,110.55,110.55,110.55,000,90.69
2010-11-19,110.50,111.00,110.45,110.45,300,90.60
2010-11-18,111.00,111.83,111.00,111.00,000,91.06
2010-11-17,110.66,110.66,110.66,110.66,000,90.78
2010-11-16,110.05,111.60,110.05,111.50,500,91.47
2010-11-15,109.05,109.50,109.05,109.50,000,89.82
2010-11-12,110.00,110.49,110.00,110.49,000,90.64
2010-11-11,110.60,110.60,110.60,110.60,000,90.73
2010-11-10,109.80,109.80,109.80,109.80,000,90.07
2010-11-09,110.30,110.30,110.30,110.30,000,90.48
2010-11-08,112.00,112.00,112.00,112.00,000,91.88
2010-11-05,110.15,110.15,110.15,110.15,000,90.36
2010-11-04,109.23,109.23,109.23,109.23,000,89.60
2010-11-03,110.50,110.50,110.15,110.15,000,90.36
2010-11-02,109.00,109.00,109.00,109.00,000,89.41
2010-11-01,109.10,109.10,109.10,109.10,000,89.50
2010-10-29,110.05,110.30,109.88,109.88,100,90.14
2010-10-28,110.70,110.70,110.70,110.70,000,90.81
2010-10-27,109.10,109.10,109.10,109.10,000,89.50
2010-10-26,110.01,110.01,110.01,110.01,000,90.24
2010-10-25,110.00,110.25,110.00,110.25,000,90.44
2010-10-22,110.15,110.15,110.15,110.15,000,90.36
2010-10-21,111.00,111.50,111.00,111.25,100,91.26
2010-10-20,112.35,112.35,112.35,112.35,000,92.16
2010-10-19,112.00,112.00,112.00,112.00,000,91.88
2010-10-18,111.55,111.55,111.55,111.55,000,91.51
2010-10-15,107.00,107.00,107.00,107.00,000,87.77
2010-10-14,106.40,107.40,106.40,107.40,000,88.10
2010-10-13,107.35,107.35,107.35,107.35,000,88.06
2010-10-12,108.05,108.05,108.05,108.05,000,88.64
2010-10-11,108.80,108.80,108.80,108.80,000,89.25
2010-10-08,107.00,107.00,107.00,107.00,000,87.77
2010-10-07,106.34,106.34,106.34,106.34,000,87.23
2010-10-06,106.00,106.00,106.00,106.00,000,86.95
2010-10-05,105.20,105.20,105.20,105.20,000,86.30
2010-10-04,105.73,105.73,105.73,105.73,000,86.73
2010-10-01,105.50,105.50,105.50,105.50,000,86.54
2010-09-30,102.59,105.35,102.59,105.35,100,86.42
2010-09-29,102.00,102.00,102.00,102.00,000,83.67
2010-09-28,101.80,101.80,101.80,101.80,000,83.51
2010-09-27,103.13,103.13,103.13,103.13,000,84.60
2010-09-24,105.65,105.65,105.65,105.65,000,86.67
2010-09-23,106.33,106.33,106.30,106.30,300,87.20
2010-09-22,108.05,108.05,106.20,106.20,000,87.12
2010-09-21,107.80,107.80,107.28,107.28,100,88.00
2010-09-20,107.80,107.80,107.80,107.80,000,88.43
2010-09-17,108.00,108.00,107.85,107.85,000,88.47
2010-09-16,110.05,110.05,110.05,110.05,000,90.28
2010-09-15,112.43,112.43,111.30,111.30,000,91.30
2010-09-14,113.50,113.50,113.50,113.50,000,93.11
2010-09-13,113.55,113.55,113.55,113.55,000,93.15
2010-09-10,114.10,114.10,114.10,114.10,000,93.60
2010-09-09,114.45,114.45,114.45,114.45,000,93.89
2010-09-08,114.01,114.01,114.01,114.01,000,93.52
2010-09-07,113.74,113.74,113.74,113.74,000,93.30
2010-09-06,113.25,113.25,113.25,113.25,000,92.90
2010-09-03,112.85,113.00,112.85,113.00,000,92.70
2010-09-02,112.55,112.55,112.55,112.55,000,92.33
2010-09-01,112.55,112.55,112.55,112.55,000,92.33
2010-08-31,111.39,111.39,111.39,111.39,000,91.37
2010-08-30,111.55,112.80,111.55,112.80,000,92.53
2010-08-27,111.50,111.50,111.50,111.50,000,91.47
2010-08-26,111.00,111.00,111.00,111.00,000,91.06
2010-08-25,112.33,112.33,112.33,112.33,000,92.15
2010-08-24,112.00,112.80,112.00,112.80,000,92.53
2010-08-23,111.79,112.75,111.79,112.75,000,92.49
2010-08-20,110.70,110.70,110.70,110.70,000,90.81
2010-08-19,111.10,111.10,111.10,111.10,000,91.14
2010-08-18,110.34,110.34,110.34,110.34,000,90.51
2010-08-17,110.42,110.95,110.42,110.95,000,91.01
2010-08-16,110.38,110.38,110.05,110.05,000,90.28
2010-08-13,109.91,110.95,109.91,110.90,400,90.97
2010-08-12,109.00,109.00,109.00,109.00,000,89.41
2010-08-11,108.72,108.72,108.72,108.72,000,89.18
2010-08-10,108.30,108.30,108.30,108.30,000,88.84
2010-08-09,108.40,108.40,108.40,108.40,000,88.92
2010-08-06,108.30,108.30,108.30,108.30,000,88.84
2010-08-05,108.25,108.25,108.25,108.25,000,88.80
2010-08-04,108.05,108.05,108.05,108.05,000,88.64
2010-08-03,107.90,107.90,107.90,107.90,000,88.51
2010-08-02,107.85,107.85,107.85,107.85,000,88.47
2010-07-30,109.00,109.00,109.00,109.00,100,89.41
2010-07-29,109.05,110.58,109.05,110.58,100,90.71
2010-07-28,107.81,107.81,107.81,107.81,000,88.44
2010-07-27,109.10,109.10,109.05,109.05,000,89.46
2010-07-26,109.00,109.00,109.00,109.00,000,89.41
2010-07-23,111.20,111.20,111.20,111.20,000,91.22
2010-07-22,111.45,113.30,111.45,113.30,000,92.94
2010-07-21,107.70,107.70,107.70,107.70,000,88.35
2010-07-20,111.40,111.40,111.40,111.40,000,91.38
2010-07-19,112.85,112.85,112.85,112.85,000,92.57
2010-07-16,119.00,119.00,119.00,119.00,000,97.62
2010-07-15,119.05,119.05,119.05,119.05,000,97.66
2010-07-14,118.10,119.00,117.85,117.85,100,96.67
2010-07-13,118.40,118.40,118.15,118.15,000,96.92
2010-07-12,120.00,120.00,119.95,119.95,000,98.40
2010-07-09,120.30,120.30,120.30,120.30,000,98.68
2010-07-08,119.75,119.75,119.75,119.75,000,98.23
2010-07-07,116.50,116.50,116.50,116.50,000,95.57
2010-07-06,117.00,117.00,117.00,117.00,000,95.98
2010-07-05,118.00,118.00,118.00,118.00,000,96.80
2010-07-02,116.80,116.80,116.80,116.80,000,95.81
2010-07-01,118.55,118.55,118.55,118.55,000,97.25
2010-06-30,118.50,118.50,118.50,118.50,000,97.21
2010-06-29,120.45,120.45,120.45,120.45,000,98.81
2010-06-28,119.20,119.20,119.20,119.20,000,97.78
2010-06-25,118.95,118.95,118.95,118.95,000,97.58
2010-06-24,120.00,120.00,120.00,120.00,000,98.44
2010-06-23,118.30,118.30,118.30,118.30,000,97.04
2010-06-22,118.85,118.85,118.85,118.85,000,97.49
2010-06-21,121.00,121.00,119.50,119.50,000,98.03
2010-06-18,120.50,120.50,120.50,120.50,000,98.85
2010-06-17,122.40,122.40,122.40,122.40,000,100.41
2010-06-16,121.00,121.00,121.00,121.00,000,99.26
2010-06-15,120.50,120.50,120.50,120.50,000,98.85
2010-06-14,120.25,120.25,120.25,120.25,000,98.64
2010-06-11,120.80,121.75,120.80,121.75,100,99.87
2010-06-10,121.65,121.65,121.65,121.65,000,99.79
2010-06-09,120.30,120.30,120.30,120.30,000,98.68
2010-06-08,120.55,120.75,120.55,120.75,000,99.05
2010-06-07,121.70,121.70,121.70,121.70,000,99.83
2010-06-04,125.20,125.20,125.20,125.20,000,102.70
2010-06-03,121.90,121.90,121.90,121.90,000,100.00
2010-06-02,119.00,121.55,119.00,121.55,000,99.71
2010-06-01,117.95,120.00,117.95,120.00,200,98.44
2010-05-31,118.90,118.90,118.90,118.90,000,97.54
2010-05-28,117.75,117.75,117.75,117.75,000,96.59
2010-05-27,117.20,117.20,117.20,117.20,000,96.14
2010-05-26,117.10,117.10,117.10,117.10,400,96.06
2010-05-25,115.00,115.00,115.00,115.00,000,94.34
2010-05-24,116.75,116.75,116.75,116.75,000,95.77
2010-05-21,116.70,116.70,116.70,116.70,000,95.73
2010-05-20,121.50,121.50,121.50,121.50,000,99.67
2010-05-19,123.00,123.00,123.00,123.00,000,100.90
2010-05-18,123.00,123.00,123.00,123.00,000,100.90
2010-05-17,122.60,122.60,122.60,122.60,000,100.57
2010-05-14,122.90,123.00,122.90,123.00,000,100.90
2010-05-13,123.35,123.70,123.35,123.70,000,101.47
2010-05-12,121.90,121.90,121.90,121.90,000,100.00
2010-05-11,119.60,120.80,119.60,120.80,000,99.09
2010-05-10,119.25,121.35,119.25,121.35,000,99.55
2010-05-07,118.00,118.00,118.00,118.00,000,96.80
2010-05-06,118.40,118.40,118.40,118.40,000,97.13
2010-05-05,120.25,120.25,120.25,120.25,000,98.64
2010-05-04,120.00,120.00,120.00,120.00,100,98.44
2010-05-03,121.20,121.20,121.20,121.20,000,99.42
2010-04-30,121.90,121.90,121.90,121.90,000,100.00
2010-04-29,121.00,121.00,121.00,121.00,000,99.26
2010-04-28,121.10,121.10,121.00,121.00,000,99.26
2010-04-27,123.45,123.45,123.45,123.45,000,101.27
2010-04-26,123.70,123.70,123.70,123.70,000,101.47
2010-04-23,124.00,124.00,124.00,124.00,000,101.72
2010-04-22,125.20,125.20,125.20,125.20,000,102.70
2010-04-21,126.00,126.00,126.00,126.00,400,103.36
2010-04-20,125.40,126.80,125.40,126.01,200,103.37
2010-04-19,126.00,128.95,126.00,128.95,000,105.78
2010-04-16,127.10,127.10,126.50,126.50,000,103.77
2010-04-15,125.30,125.30,125.30,125.30,000,102.79
2010-04-14,123.20,123.20,123.20,123.20,000,101.06
2010-04-13,123.00,124.10,123.00,124.10,100,101.80
2010-04-12,123.00,124.00,123.00,124.00,000,101.72
2010-04-09,123.00,123.00,123.00,123.00,000,100.90
2010-04-08,120.50,120.50,120.50,120.50,000,98.85
2010-04-07,121.00,121.00,121.00,121.00,000,99.26
2010-04-06,121.60,121.60,121.60,121.60,000,99.75
2010-04-01,124.00,124.00,124.00,124.00,000,101.72
2010-03-31,121.50,121.50,121.50,121.50,000,99.67
2010-03-30,122.40,122.40,122.40,122.40,000,100.41
2010-03-29,121.15,121.45,121.15,121.45,1000,99.63
2010-03-26,123.30,123.30,120.65,121.80,2300,103.43
2010-03-25,124.00,124.00,124.00,124.00,000,105.30
2010-03-24,125.05,125.05,125.05,125.05,000,106.19
2010-03-23,125.70,125.70,125.70,125.70,000,106.74
2010-03-22,125.00,125.00,125.00,125.00,000,106.15
2010-03-19,125.15,125.25,125.15,125.25,000,106.36
2010-03-18,124.25,124.25,124.05,124.05,000,105.34
2010-03-17,123.00,123.00,123.00,123.00,000,104.45
2010-03-16,124.25,124.25,124.25,124.25,000,105.51
2010-03-15,122.10,122.10,122.10,122.10,000,103.68
2010-03-12,123.20,123.20,123.20,123.20,000,104.62
2010-03-11,124.85,124.85,124.85,124.85,000,106.02
2010-03-10,126.00,128.95,126.00,128.95,2300,109.50
2010-03-09,128.20,128.20,128.20,128.20,000,108.86
2010-03-08,127.00,127.00,127.00,127.00,000,107.85
2010-03-05,126.05,126.05,126.05,126.05,000,107.04
2010-03-04,126.30,126.30,126.30,126.30,000,107.25
2010-03-03,128.80,128.80,128.80,128.80,000,109.37
2010-03-02,127.85,128.05,127.85,128.05,000,108.74
2010-03-01,127.10,127.10,127.10,127.10,000,107.93
2010-02-26,126.25,126.25,126.25,126.25,000,107.21
2010-02-25,126.40,127.20,126.40,127.20,000,108.02
2010-02-24,125.95,125.95,125.95,125.95,000,106.95
2010-02-23,126.20,126.20,126.20,126.20,000,107.17
2010-02-22,130.00,130.00,128.75,128.75,000,109.33
2010-02-19,128.35,128.35,128.35,128.35,000,108.99
2010-02-18,127.55,128.50,127.55,128.50,000,109.12
2010-02-17,126.15,126.15,126.15,126.15,000,107.12
2010-02-16,126.15,127.00,126.15,127.00,000,107.85
2010-02-15,127.95,127.95,127.95,127.95,000,108.65
2010-02-12,126.70,126.70,126.70,126.70,000,107.59
2010-02-11,124.00,124.00,124.00,124.00,000,105.30
2010-02-10,124.65,124.65,124.65,124.65,000,105.85
2010-02-09,124.50,124.50,124.50,124.50,000,105.72
2010-02-08,122.00,122.00,122.00,122.00,000,103.60
2010-02-05,124.20,124.20,121.05,121.05,300,102.79
2010-02-04,126.70,126.70,126.70,126.70,000,107.59
2010-02-03,124.30,124.30,124.30,124.30,000,105.55
2010-02-02,125.80,125.80,125.80,125.80,000,106.83
2010-02-01,125.50,125.50,125.50,125.50,000,106.57
2010-01-29,127.70,127.70,127.70,127.70,000,108.44
2010-01-25,124.05,126.00,124.05,126.00,200,107.00
2010-01-21,130.35,130.35,130.00,130.00,000,110.39
2010-01-20,128.50,130.10,128.50,130.10,000,110.48
2010-01-18,127.05,128.30,126.45,126.45,000,107.38
2010-01-14,123.60,124.50,123.60,124.50,100,105.72
2009-12-28,120.14,120.14,119.53,119.53,000,101.50
2009-12-22,119.00,119.88,119.00,119.88,000,101.80
2009-12-18,119.20,119.20,119.20,119.20,000,101.22
2009-12-15,112.57,113.74,112.57,113.74,000,96.59
2009-12-11,113.12,113.12,113.00,113.00,000,95.96
2009-12-04,113.13,114.48,113.13,114.48,000,97.21
2009-11-30,113.00,113.00,113.00,113.00,100,95.96
2009-11-27,110.10,110.26,110.10,110.26,000,93.63
2009-11-24,111.80,113.97,111.80,113.97,100,96.78
2009-11-23,110.54,112.68,110.54,112.68,200,95.69
2009-11-20,109.00,109.10,109.00,109.10,000,92.65
2009-11-17,110.55,112.00,110.55,110.55,000,93.88
2009-11-16,111.40,111.40,110.64,111.40,000,94.60
2009-11-13,111.05,111.10,111.05,111.05,000,94.30
2009-11-10,111.90,113.21,111.90,111.90,000,95.02
2009-11-03,110.91,111.01,110.91,110.91,000,94.18
2009-10-30,112.00,112.98,112.00,112.00,000,95.11
2009-10-26,111.20,111.20,110.50,111.20,100,94.43
2009-10-16,111.90,111.90,111.90,111.90,000,95.02
2009-10-15,114.05,114.05,113.30,114.05,100,96.85
2009-10-13,114.27,114.27,114.01,114.27,000,97.04
2009-10-08,113.90,116.38,113.90,116.38,000,98.83
2009-10-01,113.51,116.05,113.51,116.05,000,98.55
2009-09-29,115.00,117.11,115.00,117.11,000,99.45
2009-09-28,112.64,114.87,112.64,114.87,000,97.55
2009-09-24,114.52,115.85,114.52,115.85,000,98.38
2009-09-18,113.22,115.06,113.22,115.06,000,97.71
2009-09-11,112.96,114.69,112.96,114.69,000,97.39
2009-08-24,113.75,113.75,113.01,113.01,100,95.97
2009-08-21,113.68,114.99,113.68,114.99,000,97.65
2009-08-20,113.14,113.14,112.66,112.66,000,95.67
2009-08-18,110.63,110.63,110.02,110.02,000,93.43
2009-08-12,112.68,112.68,112.39,112.39,000,95.44
2009-08-10,115.00,116.39,115.00,116.39,000,98.84
2009-08-06,115.01,115.20,115.01,115.20,100,97.83
2009-07-31,113.50,113.50,113.50,113.50,000,96.38
2009-07-29,113.00,114.49,113.00,114.49,000,97.22
2009-07-28,112.22,113.99,112.22,113.99,000,96.80
2009-07-27,110.03,114.49,110.03,114.39,100,97.14
2009-07-22,105.85,105.85,105.85,105.85,000,89.89
2009-07-14,100.01,100.72,100.01,100.72,000,85.53
2009-07-03,101.09,101.90,101.09,101.90,000,86.53
2009-06-26,98.75,98.75,98.75,98.75,100,83.86
2009-06-16,101.00,102.00,101.00,102.00,100,86.62
2009-06-12,103.00,103.19,103.00,103.19,000,87.63
2009-06-11,101.23,103.00,101.23,103.00,100,87.47
2009-05-21,101.81,101.85,101.81,101.85,000,86.49
2009-05-12,98.79,100.45,98.79,100.45,000,85.30
2009-05-07,99.72,99.72,98.95,99.29,500,84.32
2009-05-06,103.00,103.00,100.51,101.00,000,85.77
2009-05-05,101.68,101.80,100.60,100.60,000,85.43
2009-05-04,106.00,106.00,103.00,103.00,000,87.47
2009-04-30,106.55,106.85,105.00,105.17,700,89.31
2009-04-29,106.50,106.50,104.00,105.00,500,89.16
2009-04-28,105.36,107.00,104.99,105.48,600,89.57
2009-04-27,106.50,106.60,104.30,104.30,500,88.57
2009-04-24,94.74,98.26,94.74,98.26,000,83.44
2009-04-21,105.20,105.20,103.74,103.74,000,88.09
2009-04-20,103.69,104.21,103.69,104.21,000,88.49
2009-04-17,104.70,104.70,102.76,102.76,000,87.26
2009-04-16,103.01,103.69,103.01,103.69,000,88.05
2009-04-15,102.38,103.07,101.33,101.33,000,86.05
2009-04-14,104.18,104.18,101.73,102.30,000,86.87
2009-04-09,104.31,104.31,104.06,104.06,000,88.37
2009-04-08,105.82,105.82,104.15,104.15,000,88.44
2009-04-07,105.48,106.66,105.48,105.66,000,89.72
2009-04-06,104.97,104.97,104.55,104.55,000,88.78
2009-04-03,107.66,107.66,105.08,105.08,000,89.23
2009-04-02,104.50,109.25,104.50,108.53,000,92.16
2009-04-01,106.34,106.34,104.00,104.00,000,88.31
2009-03-31,103.61,106.61,103.61,106.61,100,90.53
2009-03-30,101.86,102.15,101.77,101.77,100,86.42
2009-03-27,99.00,103.40,99.00,103.40,000,84.73
2009-03-26,100.43,101.74,98.82,98.82,000,80.98
2009-03-25,100.16,100.16,99.36,99.36,000,81.42
2009-03-24,98.65,99.61,98.65,99.57,000,81.60
2009-03-23,97.12,97.12,97.00,97.00,000,79.49
2009-03-20,97.00,97.20,97.00,97.20,000,79.65
2009-03-19,97.64,97.64,97.00,97.00,000,79.49
2009-03-18,98.07,98.07,97.37,97.51,000,79.91
2009-03-17,97.06,97.95,97.06,97.95,000,80.27
2009-03-16,98.00,98.00,97.23,97.23,000,79.68
2009-03-13,99.14,99.14,98.78,98.78,000,80.95
2009-03-12,101.60,101.60,100.15,100.15,000,82.07
2009-03-11,97.65,99.78,97.65,99.00,000,81.13
2009-03-10,92.95,95.54,92.95,95.54,000,78.29
2009-03-09,91.32,92.40,90.40,90.40,000,74.08
2009-03-06,90.30,91.83,90.30,91.57,000,75.04
2009-03-05,85.00,92.98,85.00,89.70,000,73.51
2009-03-04,89.21,89.21,85.00,87.30,000,71.54
2009-03-03,87.20,91.00,87.20,91.00,000,74.57
2009-03-02,91.25,91.25,88.24,88.99,000,72.93
2009-02-27,91.07,92.28,90.00,92.28,200,75.62
2009-02-25,95.49,95.49,95.00,95.00,000,77.85
2009-02-24,98.79,98.79,96.39,97.45,000,79.86
2009-02-20,102.20,102.20,100.00,100.00,000,81.95
2009-02-19,102.64,102.64,102.21,102.21,000,83.76
2009-02-18,102.00,102.68,102.00,102.55,000,84.04
2009-02-17,104.50,104.50,100.51,102.00,000,83.59
2009-02-16,104.50,104.51,104.50,104.50,000,85.64
2009-02-13,104.50,104.66,104.50,104.50,000,85.64
2009-02-12,105.00,105.00,104.50,104.50,000,85.64
2009-02-11,104.00,104.20,104.00,104.01,000,85.23
2009-02-10,104.05,104.05,104.00,104.00,000,85.23
2009-02-09,102.51,104.88,102.51,104.88,000,85.95
2009-02-06,104.00,104.00,102.15,102.15,000,83.71
2009-02-05,104.50,104.50,103.16,104.08,000,85.29
2009-02-04,103.65,107.51,103.63,107.51,100,88.10
2009-02-03,114.00,114.00,111.13,112.74,000,92.39
2009-02-02,115.00,115.00,114.00,114.00,000,93.42
2009-01-30,113.02,115.07,113.01,115.07,000,94.30
2009-01-29,114.00,114.00,114.00,114.00,000,93.42
2009-01-28,112.10,112.10,112.10,112.10,000,91.86
2009-01-27,115.00,115.00,115.00,115.00,000,94.24
2009-01-26,115.08,115.08,115.01,115.01,000,94.25
2009-01-23,115.81,115.81,115.81,115.81,000,94.90
2009-01-22,118.00,119.76,118.00,119.76,000,98.14
2009-01-21,115.00,115.00,115.00,115.00,000,94.24
2009-01-20,116.00,116.00,116.00,116.00,000,95.06
2009-01-19,114.77,114.77,114.77,114.77,000,94.05
2009-01-16,110.00,110.00,110.00,110.00,000,90.14
2009-01-15,115.89,115.89,115.89,115.89,000,94.97
2009-01-14,113.80,113.80,113.80,113.80,000,93.26
2009-01-13,113.50,113.50,113.50,113.50,000,93.01
2009-01-12,115.08,115.08,115.08,115.08,000,94.31
2009-01-09,115.81,115.81,115.81,115.81,000,94.90
2009-01-08,116.00,116.00,116.00,116.00,000,95.06
2009-01-07,115.00,115.00,115.00,115.00,000,94.24
2009-01-06,112.99,112.99,112.99,112.99,000,92.59
2009-01-05,104.00,104.00,104.00,104.00,000,85.23
2009-01-02,116.55,116.55,116.55,116.55,000,95.51
2008-12-30,116.00,116.00,111.84,111.84,000,91.65
2008-12-29,112.72,116.00,111.84,115.13,100,94.35
2008-12-23,112.00,112.00,112.00,112.00,000,91.78
2008-12-22,108.02,113.00,108.02,113.00,100,92.60
2008-12-19,105.00,110.00,105.00,110.00,000,90.14
2008-12-18,108.00,108.00,108.00,108.00,000,88.50
2008-12-17,105.02,105.02,105.02,105.02,000,86.06
2008-12-16,107.00,107.90,107.00,107.00,100,87.68
2008-12-15,108.00,108.00,108.00,108.00,000,88.50
2008-12-12,106.79,106.79,106.79,106.79,000,87.51
2008-12-11,109.66,109.66,109.66,109.66,000,89.86
2008-12-10,111.88,111.88,111.88,111.88,000,91.68
2008-12-09,110.00,110.00,110.00,110.00,000,90.14
2008-12-08,110.30,112.30,110.30,112.30,000,92.03
2008-12-05,108.93,110.55,108.93,110.55,000,90.59
2008-12-04,107.02,107.02,107.02,107.02,000,87.70
2008-12-03,106.90,106.90,106.90,106.90,000,87.60
2008-12-01,111.40,111.40,111.40,111.40,000,91.29
2008-11-28,108.41,108.41,108.41,108.41,000,88.84
2008-11-27,109.63,109.63,109.63,109.63,000,89.84
2008-11-26,108.90,108.90,108.90,108.90,000,89.24
2008-11-25,106.25,106.25,106.25,106.25,000,87.07
2008-11-24,103.35,103.35,103.35,103.35,000,84.69
2008-11-21,103.50,103.50,103.50,103.50,000,84.82
2008-11-20,110.06,110.06,110.06,110.06,000,90.19
2008-11-19,114.01,114.01,110.40,110.40,000,90.47
2008-11-18,113.02,114.15,113.02,114.15,000,93.54
2008-11-17,117.57,117.57,117.57,117.57,000,96.35
2008-11-14,115.93,115.93,115.93,115.93,000,95.00
2008-11-13,113.43,113.43,113.43,113.43,000,92.95
2008-11-12,113.54,113.54,113.54,113.54,000,93.04
2008-11-11,112.94,112.94,112.94,112.94,000,92.55
2008-11-10,114.76,114.76,114.76,114.76,000,94.04
2008-11-07,112.72,112.72,112.72,112.72,000,92.37
2008-11-06,110.46,110.46,110.46,110.46,000,90.52
2008-11-05,118.48,118.48,118.48,118.48,000,97.09
2008-11-04,119.15,119.15,119.15,119.15,000,97.64
2008-11-03,119.22,119.22,119.22,119.22,000,97.70
2008-10-31,115.56,115.56,115.56,115.56,000,94.70
2008-10-30,114.71,114.71,114.63,114.63,300,93.94
2008-10-29,112.99,112.99,112.99,112.99,000,92.59
2008-10-28,112.18,112.18,112.18,112.18,000,91.93
2008-10-27,108.95,108.95,108.95,108.95,000,89.28
2008-10-24,109.88,109.88,109.88,109.88,000,90.04
2008-10-23,113.07,113.07,113.07,113.07,000,92.66
2008-10-22,112.96,112.96,112.96,112.96,000,92.57
2008-10-21,119.60,119.60,119.60,119.60,000,98.01
2008-10-20,116.33,116.33,116.33,116.33,000,95.33
2008-10-17,111.00,111.00,111.00,111.00,000,90.96
2008-10-16,107.13,107.13,107.13,107.13,000,87.79
2008-10-15,109.19,109.19,109.19,109.19,000,89.48
2008-10-14,114.40,115.00,114.40,115.00,000,94.24
2008-10-13,105.17,105.17,105.17,105.17,000,86.18
2008-10-10,98.93,102.34,98.93,102.34,000,83.87
2008-10-09,108.89,108.89,105.00,105.00,000,86.05
2008-10-08,108.97,108.97,108.97,108.97,000,89.30
2008-10-07,113.70,113.70,113.70,113.70,000,93.18
2008-10-06,116.38,116.38,116.38,116.38,000,95.37
2008-10-03,116.49,116.49,116.49,116.49,000,95.46
2008-10-02,116.60,116.60,116.60,116.60,000,95.55
2008-10-01,112.47,112.47,112.47,112.47,000,92.17
2008-09-30,110.29,112.96,110.29,112.96,000,92.57
2008-09-29,114.00,114.00,114.00,114.00,000,93.42
2008-09-26,116.11,116.11,115.01,115.01,000,94.25
2008-09-25,115.00,116.22,115.00,116.22,000,95.24
2008-09-24,115.10,115.10,115.00,115.00,000,94.24
2008-09-23,114.70,115.45,114.70,115.45,000,94.61
2008-09-22,115.00,115.00,115.00,115.00,000,94.24
2008-09-19,121.87,121.87,112.99,112.99,000,92.59
2008-09-18,118.27,119.99,118.27,119.54,000,97.96
2008-09-17,120.03,120.03,118.38,118.38,000,97.01
2008-09-16,123.91,123.91,123.91,123.91,000,101.54
2008-09-15,122.84,122.84,122.08,122.64,000,100.50
2008-09-12,125.55,125.55,124.25,124.25,000,101.82
2008-09-11,126.05,126.05,124.67,124.67,000,102.16
2008-09-10,121.86,123.51,121.86,123.36,000,101.09
2008-09-09,122.73,123.64,121.83,121.83,000,99.84
2008-09-08,121.51,123.27,121.51,123.27,000,101.02
2008-09-05,123.00,123.68,123.00,123.68,000,101.35
2008-09-04,125.06,125.06,123.67,123.68,000,101.35
2008-09-03,124.00,124.99,124.00,124.13,000,101.72
2008-09-02,126.14,127.01,126.14,127.00,000,104.07
2008-09-01,125.73,126.03,125.71,126.03,000,103.28
2008-08-29,125.82,125.82,125.68,125.68,000,102.99
2008-08-28,124.82,126.02,124.82,126.02,000,103.27
2008-08-27,125.39,125.39,123.96,123.96,000,101.58
2008-08-26,123.59,124.16,123.59,124.16,000,101.75
2008-08-25,124.13,124.13,123.34,123.46,000,101.17
2008-08-22,123.17,123.47,123.17,123.47,000,101.18
2008-08-21,124.03,124.40,124.00,124.40,000,101.94
2008-08-20,126.85,126.85,125.75,126.25,000,103.46
2008-08-19,127.03,127.03,126.74,126.74,000,103.86
2008-08-18,125.78,127.10,125.78,126.80,000,103.91
2008-08-15,128.37,128.37,126.09,127.45,000,104.44
2008-08-14,124.79,126.67,124.79,126.67,000,103.80
2008-08-13,123.14,125.00,123.14,124.52,000,102.04
2008-08-12,124.20,124.20,122.17,123.84,000,101.48
2008-08-11,125.00,125.00,124.20,124.20,000,101.78
2008-08-08,120.20,125.79,120.20,124.37,000,101.92
2008-08-07,125.10,125.10,123.77,123.77,000,101.43
2008-08-06,126.30,126.67,124.28,124.28,000,101.85
2008-08-05,127.05,127.05,123.24,123.24,000,100.99
2008-08-04,126.42,127.14,126.42,127.14,000,104.19
2008-08-01,123.04,123.09,123.04,123.09,000,100.87
2008-07-31,120.20,126.61,120.20,124.66,000,102.16
2008-07-30,123.60,124.41,121.57,121.57,000,99.62
2008-07-29,122.56,122.56,121.68,122.45,000,100.35
2008-07-28,123.70,123.70,121.25,123.39,000,101.12
2008-07-25,121.86,124.05,121.14,124.05,000,101.66
2008-07-24,119.24,120.60,119.24,120.60,000,98.83
2008-07-23,120.80,120.80,120.80,120.80,000,98.99
2008-07-22,114.95,119.53,114.95,119.53,000,97.95
2008-07-21,119.39,119.90,119.39,119.90,100,98.26
2008-07-18,118.11,118.11,118.11,118.11,000,96.79
2008-07-17,118.28,118.28,118.28,118.28,000,96.93
2008-07-16,122.19,122.19,122.19,122.19,000,100.13
2008-07-15,121.12,121.12,120.74,120.74,000,98.94
2008-07-14,121.15,121.15,121.15,121.15,000,99.28
2008-07-11,121.95,121.95,120.85,120.85,000,99.03
2008-07-10,120.05,120.05,120.05,120.05,000,98.38
2008-07-09,121.00,121.00,121.00,121.00,000,99.16
2008-07-08,119.03,121.53,119.03,121.53,000,99.59
2008-07-07,121.51,121.51,121.50,121.50,000,99.57
2008-07-04,122.51,122.51,121.74,121.74,000,99.76
2008-07-03,122.61,122.61,122.57,122.57,000,100.44
2008-07-02,123.10,123.10,123.10,123.10,000,100.88
2008-07-01,125.34,125.34,123.76,123.76,000,101.42
2008-06-30,118.54,123.49,118.54,123.49,000,101.20
2008-06-27,120.16,120.16,120.02,120.02,000,98.35
2008-06-26,118.84,118.84,118.84,118.84,000,97.39
2008-06-25,119.00,119.00,117.15,118.87,000,97.41
2008-06-24,116.55,119.40,116.55,119.40,000,97.85
2008-06-23,118.20,118.20,116.79,116.79,000,95.71
2008-06-20,120.21,120.21,119.56,119.56,000,97.98
2008-06-19,120.91,121.64,120.91,121.64,000,99.68
2008-06-18,122.22,123.20,121.28,121.28,000,99.39
2008-06-17,123.83,123.83,122.97,123.34,000,101.07
2008-06-16,124.52,124.52,121.30,121.30,000,99.40
2008-06-13,124.76,124.76,123.86,124.28,000,101.85
2008-06-12,122.67,124.60,122.67,124.60,000,102.11
2008-06-11,124.13,124.13,122.94,122.94,000,100.75
2008-06-10,123.96,123.96,123.23,123.23,000,100.98
2008-06-09,123.60,127.05,123.60,126.03,000,103.28
2008-06-06,130.07,130.07,127.00,127.00,000,104.07
2008-06-05,129.10,129.33,129.10,129.13,000,105.82
2008-06-04,130.11,130.11,130.11,130.11,000,106.62
2008-06-03,131.31,131.31,131.31,131.31,000,107.61
2008-06-02,128.57,131.00,128.57,131.00,000,107.35
2008-05-30,125.37,125.37,125.37,125.37,000,102.74
2008-05-29,124.38,124.38,124.38,124.38,000,101.93
2008-05-28,124.58,124.58,124.58,124.58,000,102.09
2008-05-27,123.00,123.00,123.00,123.00,000,100.80
2008-05-26,123.03,123.03,123.03,123.03,000,100.82
2008-05-23,123.20,123.20,123.20,123.20,000,100.96
2008-05-22,124.10,124.10,124.10,124.10,000,101.70
2008-05-21,124.41,124.41,124.41,124.41,000,101.95
2008-05-20,125.00,125.00,125.00,125.00,000,102.44
2008-05-19,123.20,123.20,123.20,123.20,000,100.96
2008-05-16,121.51,121.51,121.51,121.51,000,99.58
2008-05-15,119.64,119.64,119.64,119.64,000,98.04
2008-05-14,119.53,119.53,119.53,119.53,000,97.95
2008-05-13,116.13,116.13,116.13,116.13,000,95.17
2008-05-12,116.07,118.40,116.07,116.07,000,95.12
2008-05-09,116.53,116.53,116.53,116.53,000,95.49
2008-05-08,116.20,116.20,116.20,116.20,000,95.22
2008-05-07,115.45,115.45,115.45,115.45,000,94.61
2008-05-06,114.92,114.92,114.92,114.92,000,94.17
2008-05-05,117.00,117.00,117.00,117.00,000,95.88
2008-05-02,114.01,114.01,114.01,114.01,000,93.43
2008-04-30,115.91,115.91,115.91,115.91,000,94.99
2008-04-29,117.01,117.01,117.01,117.01,000,95.89
2008-04-28,114.00,114.00,114.00,114.00,000,93.42
2008-04-25,117.87,120.60,117.87,120.60,000,98.83
2008-04-24,115.05,115.05,115.05,115.05,000,94.28
2008-04-23,116.27,116.27,116.27,116.27,000,95.28
2008-04-22,115.25,117.00,115.25,117.00,000,95.88
2008-04-21,117.50,117.50,117.50,117.50,000,96.29
2008-04-18,112.53,117.46,112.53,117.46,000,96.26
2008-04-17,116.20,116.20,113.00,115.30,000,94.49
2008-04-16,116.68,119.55,116.68,119.55,000,97.97
2008-04-15,120.47,120.47,117.00,117.00,000,95.88
2008-04-14,122.87,122.87,122.87,122.87,000,100.69
2008-04-11,125.41,125.41,125.41,125.41,000,102.77
2008-04-10,130.74,130.74,130.74,130.74,000,107.14
2008-04-09,128.27,128.27,128.00,128.00,200,104.89
2008-04-08,129.65,129.65,129.65,129.65,000,106.25
2008-04-07,129.23,129.23,129.23,129.23,000,105.90
2008-04-04,130.32,130.32,130.32,130.32,000,106.79
2008-04-03,130.20,130.20,130.20,130.20,000,106.70
2008-04-02,132.00,133.55,132.00,133.55,000,109.44
2008-04-01,128.00,128.00,128.00,128.00,000,104.89
2008-03-31,130.55,130.55,130.55,130.55,000,106.98
2008-03-28,131.06,131.06,131.06,131.06,000,107.40
2008-03-27,129.36,129.36,129.36,129.36,000,106.01
2008-03-26,130.00,130.00,130.00,130.00,000,106.64
2008-03-25,129.60,129.60,129.60,129.60,000,106.31
2008-03-20,127.27,127.27,127.27,127.27,000,104.40
2008-03-19,129.64,129.65,129.64,129.65,000,106.35
2008-03-18,128.56,128.56,128.56,128.56,000,105.46
2008-03-17,129.00,129.00,129.00,129.00,000,105.82
2008-03-14,129.43,129.43,129.43,129.43,000,106.17
2008-03-13,129.50,129.50,129.50,129.50,000,106.23
2008-03-12,132.50,132.50,132.50,132.50,000,108.69
2008-03-11,132.00,132.00,132.00,132.00,000,108.28
2008-03-10,132.39,133.00,132.39,133.00,000,109.10
2008-03-07,135.83,135.83,135.83,135.83,000,111.42
2008-03-06,134.93,134.93,134.93,134.93,000,110.69
2008-03-05,138.54,138.54,138.54,138.54,000,113.65
2008-03-04,139.24,139.24,139.24,139.24,000,114.22
2008-03-03,140.24,140.24,140.24,140.24,000,115.04
2008-02-29,140.78,140.78,140.78,140.78,000,115.48
2008-02-28,141.84,141.84,141.84,141.84,000,116.35
2008-02-27,140.44,141.00,140.44,141.00,100,115.66
2008-02-26,138.57,139.97,138.57,139.97,200,114.82
2008-02-25,137.13,140.19,137.13,140.19,000,115.00
2008-02-22,131.40,131.40,131.40,131.40,000,107.79
2008-02-21,130.25,130.25,130.00,130.00,000,106.64
2008-02-20,130.44,130.44,130.44,130.44,000,107.00
2008-02-19,130.68,130.68,130.68,130.68,000,107.20
2008-02-18,133.00,134.90,133.00,134.90,000,110.66
2008-02-15,133.82,133.82,133.82,133.82,000,109.77
2008-02-14,136.00,136.00,136.00,136.00,100,111.56
2008-02-13,132.47,132.47,132.47,132.47,000,108.67
2008-02-12,130.18,130.18,130.18,130.18,000,106.79
2008-02-11,130.43,130.55,130.43,130.55,000,107.09
2008-02-08,132.56,132.56,132.56,132.56,000,108.74
2008-02-07,131.50,131.63,131.50,131.63,100,107.98
2008-02-06,131.50,131.50,131.50,131.50,000,107.87
2008-02-05,133.03,133.03,133.03,133.03,000,109.13
2008-02-04,136.00,136.00,136.00,136.00,000,111.56
2008-02-01,132.97,132.97,132.97,132.97,000,109.08
2008-01-31,131.76,131.76,131.76,131.76,000,108.08
2008-01-30,125.38,129.11,125.38,129.11,000,105.91
2008-01-29,128.02,129.50,128.02,129.50,000,106.23
2008-01-28,128.02,128.02,128.02,128.02,000,105.02
2008-01-25,129.85,129.85,129.85,129.85,000,106.52
2008-01-24,129.28,129.28,129.27,129.27,000,106.04
2008-01-23,130.13,130.13,130.13,130.13,000,106.75
2008-01-22,125.40,125.40,125.40,125.40,000,102.87
2008-01-21,133.85,133.85,133.85,133.85,000,109.80
2008-01-18,135.05,135.05,135.05,135.05,000,110.78
2008-01-17,133.72,133.72,133.72,133.72,000,109.69
2008-01-16,132.55,132.55,132.55,132.55,000,108.73
2008-01-15,131.52,131.52,131.52,131.52,000,107.89
2008-01-14,135.40,135.40,135.40,135.40,000,111.07
2008-01-11,137.30,137.30,137.30,137.30,000,112.63
2008-01-10,134.59,136.00,134.59,136.00,000,111.56
2008-01-09,132.21,136.00,132.21,136.00,000,111.56
2008-01-08,127.79,127.79,127.79,127.79,000,104.83
2008-01-07,128.00,128.00,128.00,128.00,000,105.00
2008-01-04,129.87,129.87,129.87,129.87,000,106.53
2008-01-03,130.17,130.17,130.17,130.17,000,106.78
2008-01-02,128.50,128.50,128.50,128.50,000,105.41
2007-12-28,126.87,128.65,126.87,128.38,000,105.31
2007-12-27,126.87,128.00,126.87,128.00,000,105.00
2007-12-21,129.30,129.30,129.30,129.30,000,106.07
2007-12-20,130.28,130.28,130.28,130.28,000,106.87
2007-12-19,129.74,129.74,129.74,129.74,000,106.43
2007-12-18,130.77,130.77,130.77,130.77,000,107.27
2007-12-17,132.00,132.00,132.00,132.00,000,108.28
2007-12-14,132.00,132.00,132.00,132.00,000,108.28
2007-12-13,132.52,132.52,132.52,132.52,000,108.71
2007-12-12,133.50,133.50,133.50,133.50,000,109.51
2007-12-11,132.00,132.00,132.00,132.00,000,108.28
2007-12-10,134.05,134.05,134.05,134.05,000,109.96
2007-12-07,134.63,134.63,134.63,134.63,000,110.44
2007-12-06,132.59,132.59,132.59,132.59,000,108.77
2007-12-05,135.92,135.92,135.92,135.92,000,111.50
2007-12-04,136.00,138.15,136.00,136.63,000,112.08
2007-12-03,140.17,140.17,140.17,140.17,000,114.98
2007-11-30,139.87,139.87,139.87,139.87,000,114.74
2007-11-29,136.76,136.76,136.76,136.76,000,112.19
2007-11-28,139.00,139.00,139.00,139.00,000,114.02
2007-11-27,137.98,140.55,137.98,140.55,000,115.30
2007-11-26,141.40,141.40,141.40,141.40,000,115.99
2007-11-23,140.78,140.78,140.78,140.78,000,115.48
2007-11-22,135.47,135.47,135.47,135.47,000,111.13
2007-11-21,133.39,133.39,133.39,133.39,000,109.42
2007-11-20,132.00,132.00,132.00,132.00,000,108.28
2007-11-19,132.61,134.59,132.61,134.59,100,110.41
2007-11-16,133.36,133.36,133.36,133.36,000,109.40
2007-11-15,133.61,133.61,133.61,133.61,000,109.60
2007-11-14,129.69,129.69,129.69,129.69,000,106.39
2007-11-13,127.42,127.42,127.42,127.42,000,104.52
2007-11-12,127.14,127.14,127.14,127.14,000,104.29
2007-11-09,129.65,129.65,129.65,129.65,000,106.35
2007-11-08,129.26,129.26,129.26,129.26,000,106.03
2007-11-07,129.11,129.11,129.11,129.11,000,105.91
2007-11-06,131.03,131.03,131.03,131.03,000,107.49
2007-11-05,130.33,130.33,130.33,130.33,000,106.91
2007-11-02,130.56,131.00,130.50,131.00,000,107.46
2007-11-01,130.82,130.82,130.82,130.82,000,107.31
2007-10-31,130.00,130.00,130.00,130.00,000,106.64
2007-10-30,133.42,133.42,133.42,133.42,000,109.45
2007-10-29,132.67,132.67,132.67,132.67,000,108.83
2007-10-26,138.36,138.36,138.36,138.36,000,113.50
2007-10-25,138.79,138.79,138.79,138.79,000,113.85
2007-10-24,137.69,137.69,137.69,137.69,000,112.95
2007-10-23,138.41,138.41,138.41,138.41,000,113.54
2007-10-22,138.50,138.50,138.50,138.50,000,113.61
2007-10-19,141.31,141.31,141.31,141.31,000,115.92
2007-10-18,141.67,141.67,141.67,141.67,000,116.21
2007-10-17,141.19,141.19,141.19,141.19,000,115.82
2007-10-16,142.52,142.52,142.52,142.52,000,116.91
2007-10-15,145.75,145.75,145.75,145.75,000,119.56
2007-10-12,145.91,145.91,145.91,145.91,000,119.69
2007-10-11,147.18,147.18,146.90,146.90,000,120.50
2007-10-10,146.93,146.93,146.93,146.93,000,120.53
2007-10-09,147.84,147.84,147.84,147.84,000,121.28
2007-10-08,147.31,147.31,147.31,147.31,000,120.84
2007-10-05,147.14,147.14,147.14,147.14,000,120.70
2007-10-04,147.12,147.12,147.12,147.12,000,120.68
2007-10-03,146.36,146.36,146.36,146.36,000,120.06
2007-10-02,146.00,146.00,146.00,146.00,000,119.77
2007-10-01,146.00,146.00,146.00,146.00,000,119.77
2007-09-28,145.12,145.12,145.12,145.12,000,119.04
2007-09-27,145.92,145.92,145.92,145.92,000,119.70
2007-09-26,145.27,145.27,145.27,145.27,000,119.17
2007-09-25,145.27,145.27,145.27,145.27,000,119.17
2007-09-24,144.00,144.00,144.00,144.00,000,118.13
2007-09-21,143.94,143.94,143.94,143.94,000,118.08
2007-09-20,142.87,142.87,142.87,142.87,000,117.20
2007-09-19,141.81,141.81,141.81,141.81,000,116.33
2007-09-18,140.00,140.00,140.00,140.00,000,114.84
2007-09-17,140.00,140.00,140.00,140.00,000,114.84
2007-09-14,141.18,141.18,141.18,141.18,000,115.81
2007-09-13,141.18,141.18,141.18,141.18,000,115.81
2007-09-12,140.22,140.22,140.22,140.22,000,115.02
2007-09-11,143.00,143.00,143.00,143.00,000,117.31
2007-09-10,143.05,143.05,143.05,143.05,000,117.35
2007-09-07,141.62,141.62,141.62,141.62,000,116.17
2007-09-06,142.43,142.43,142.43,142.43,000,116.84
2007-09-05,145.35,145.35,145.35,145.35,000,119.23
2007-09-04,145.37,145.37,145.37,145.37,000,119.25
2007-09-03,143.54,143.54,143.54,143.54,000,117.75
2007-08-31,143.52,143.52,143.52,143.52,000,117.73
2007-08-30,142.11,142.11,142.11,142.11,000,116.58
2007-08-29,143.20,143.20,143.20,143.20,000,117.47
2007-08-28,144.66,144.66,144.66,144.66,000,118.67
2007-08-27,147.00,147.00,147.00,147.00,000,120.59
2007-08-24,145.71,145.71,145.71,145.71,000,119.53
2007-08-23,146.15,146.15,146.15,146.15,000,119.89
2007-08-22,142.80,142.80,142.80,142.80,000,117.14
2007-08-21,142.35,142.35,142.35,142.35,000,116.77
2007-08-20,142.50,142.50,142.50,142.50,000,116.90
2007-08-17,139.63,139.63,139.63,139.63,000,114.54
2007-08-16,143.50,143.50,143.50,143.50,000,117.72
2007-08-15,142.61,142.61,142.61,142.61,000,116.99
2007-08-14,142.58,142.58,142.58,142.58,000,116.96
2007-08-13,142.79,142.79,142.79,142.79,000,117.13
2007-08-10,143.34,143.34,143.34,143.34,000,117.58
2007-08-09,146.61,146.61,146.61,146.61,000,120.27
2007-08-08,144.26,144.26,144.26,144.26,000,118.34
2007-08-07,140.50,140.50,140.50,140.50,000,115.25
2007-08-06,142.10,142.10,142.10,142.10,000,116.57
2007-08-03,142.61,142.61,142.61,142.61,000,116.99
2007-08-02,145.22,145.22,145.22,145.22,000,119.13
2007-08-01,145.97,145.97,145.97,145.97,000,119.74
2007-07-31,143.59,143.59,143.59,143.59,000,117.79
2007-07-30,141.43,141.43,141.43,141.43,000,116.02
2007-07-27,141.00,141.00,141.00,141.00,000,115.66
2007-07-26,142.60,142.60,142.60,142.60,000,116.98
2007-07-25,144.50,144.50,144.50,144.50,000,118.54
2007-07-24,145.00,145.00,145.00,145.00,000,118.95
2007-07-23,146.65,146.65,146.65,146.65,000,120.30
2007-07-20,149.00,149.00,149.00,149.00,000,122.23
2007-07-19,147.34,147.34,147.34,147.34,000,120.87
2007-07-18,145.00,145.00,145.00,145.00,000,118.95
2007-07-17,145.50,145.50,145.50,145.50,000,119.36
2007-07-16,146.00,146.00,146.00,146.00,000,119.77
2007-07-13,145.86,145.86,145.86,145.86,000,119.65
2007-07-12,145.85,145.85,145.85,145.85,000,119.64
2007-07-11,147.10,147.10,147.10,147.10,000,120.67
2007-07-10,147.38,148.71,147.38,148.71,000,121.99
2007-07-09,148.00,148.00,148.00,148.00,000,121.41
2007-07-06,146.32,146.32,146.32,146.32,000,120.03
2007-07-05,149.09,149.09,149.09,149.09,000,122.30
2007-07-04,146.94,146.94,146.94,146.94,000,120.54
2007-07-03,149.01,149.01,149.01,149.01,000,122.24
2007-07-02,148.67,148.67,148.67,148.67,000,121.96
2007-06-29,145.96,145.96,145.96,145.96,000,119.73
2007-06-28,145.00,145.00,145.00,145.00,000,118.95
2007-06-27,144.00,144.00,144.00,144.00,000,118.13
2007-06-26,144.43,144.43,144.43,144.43,000,118.48
2007-06-25,143.68,143.68,143.68,143.68,000,117.86
2007-06-22,143.72,143.72,143.72,143.72,000,117.90
2007-06-21,146.00,146.00,146.00,146.00,000,119.77
2007-06-20,147.10,147.10,147.10,147.10,000,120.67
2007-06-19,148.66,148.66,148.66,148.66,000,121.95
2007-06-18,147.93,149.03,147.93,149.03,000,122.25
2007-06-15,147.12,147.12,147.12,147.12,000,120.68
2007-06-14,146.38,146.38,146.38,146.38,000,120.08
2007-06-13,146.73,146.73,146.20,146.20,000,119.93
2007-06-12,148.00,148.00,148.00,148.00,000,121.41
2007-06-11,149.00,149.00,149.00,149.00,000,122.23
2007-06-08,146.08,146.08,146.08,146.08,000,119.83
2007-06-07,152.00,152.00,152.00,152.00,000,124.69
2007-06-06,151.32,151.32,151.32,151.32,000,124.13
2007-06-05,152.11,152.11,152.11,152.11,000,124.78
2007-06-04,151.16,151.16,151.16,151.16,000,124.00
2007-06-01,152.19,152.19,152.19,152.19,000,124.84
2007-05-31,152.90,152.90,152.90,152.90,000,125.43
2007-05-30,152.50,152.50,152.50,152.50,000,125.10
2007-05-29,152.72,152.72,152.72,152.72,000,125.28
2007-05-25,153.00,153.00,153.00,153.00,000,125.51
2007-05-24,153.70,153.70,153.70,153.70,000,126.08
2007-05-23,154.13,154.13,154.13,154.13,000,126.44
2007-05-22,154.06,154.06,154.06,154.06,000,126.38
2007-05-21,156.06,156.06,156.06,156.06,000,128.02
2007-05-18,156.70,156.70,156.70,156.70,000,128.54
2007-05-17,156.06,156.06,156.06,156.06,000,128.02
2007-05-16,156.70,156.70,156.70,156.70,000,128.54
2007-05-15,156.33,156.33,156.33,156.33,000,128.24
2007-05-14,157.70,157.70,157.70,157.70,000,129.36
2007-05-11,156.67,156.67,156.67,156.67,000,128.52
2007-05-10,158.62,158.62,158.62,158.62,000,130.12
2007-05-09,159.40,159.40,159.40,159.40,000,130.76
2007-05-08,158.18,158.18,158.18,158.18,000,129.76
2007-05-07,160.35,160.35,160.35,160.35,000,131.54
2007-05-04,157.50,157.50,157.50,157.50,000,129.20
2007-05-03,157.50,157.50,157.50,157.50,000,129.20
2007-05-02,155.33,158.13,155.33,158.13,000,129.72
2007-04-30,156.52,156.52,156.52,156.52,100,128.40
2007-04-27,158.47,158.47,158.47,158.47,000,130.00
2007-04-26,154.50,154.50,154.50,154.50,000,126.74
2007-04-25,154.00,154.00,154.00,154.00,000,126.33
2007-04-24,153.47,153.47,153.47,153.47,000,125.89
2007-04-23,154.23,154.23,154.23,154.23,000,126.52
2007-04-20,152.00,152.00,152.00,152.00,000,124.69
2007-04-19,149.95,149.95,149.95,149.95,000,123.01
2007-04-18,149.41,149.41,149.41,149.41,000,122.56
2007-04-17,147.38,147.38,147.38,147.38,000,120.90
2007-04-16,147.00,147.00,147.00,147.00,000,120.59
2007-04-13,144.94,144.94,144.94,144.94,000,118.90
2007-04-12,145.00,145.00,145.00,145.00,000,118.95
2007-04-11,146.61,146.61,146.61,146.61,000,120.27
2007-04-10,145.55,145.55,145.55,145.55,000,119.40
2007-04-05,145.10,145.10,145.10,145.10,100,119.03
2007-04-04,145.48,145.48,145.48,145.48,000,119.34
2007-04-03,143.67,143.67,143.67,143.67,000,117.85
2007-04-02,144.12,144.12,144.12,144.12,000,118.22
2007-03-30,144.37,144.37,144.37,144.37,000,118.43
2007-03-29,143.63,143.63,143.63,143.63,000,117.82
2007-03-28,144.99,144.99,144.99,144.99,000,118.94
2007-03-27,146.06,146.06,146.06,146.06,000,119.82
2007-03-26,146.20,146.20,146.20,146.20,000,124.15
2007-03-23,145.60,147.30,145.60,147.30,100,125.08
2007-03-22,145.62,145.62,145.62,145.62,000,123.66
2007-03-21,143.81,145.52,143.81,145.52,100,123.57
2007-03-20,142.67,142.67,142.67,142.67,000,121.15
2007-03-19,143.72,143.72,143.72,143.72,000,122.04
2007-03-16,143.56,143.56,143.56,143.56,000,121.91
2007-03-15,143.43,143.43,143.43,143.43,000,121.80
2007-03-14,142.85,142.85,142.85,142.85,000,121.31
2007-03-13,147.28,147.28,147.28,147.28,000,125.07
2007-03-12,147.04,147.04,147.04,147.04,000,124.86
2007-03-09,146.07,146.07,146.07,146.07,000,124.04
2007-03-08,149.88,149.88,149.88,149.88,000,127.28
2007-03-07,147.15,147.15,147.15,147.15,000,124.96
2007-03-06,146.31,146.31,146.31,146.31,000,124.24
2007-03-05,146.74,146.74,146.74,146.74,000,124.61
2007-03-02,149.12,149.12,149.12,149.12,000,126.63
2007-03-01,146.39,146.39,146.39,146.39,000,124.31
2007-02-28,147.73,147.73,147.73,147.73,000,125.45
2007-02-27,152.04,152.04,152.04,152.04,000,129.11
2007-02-26,152.85,152.85,152.85,152.85,000,129.80
2007-02-23,153.00,153.00,153.00,153.00,000,129.92
2007-02-22,153.00,153.00,153.00,153.00,000,129.92
2007-02-21,155.49,155.49,155.49,155.49,000,132.04
2007-02-20,156.60,156.60,156.60,156.60,000,132.98
2007-02-19,155.63,155.63,155.63,155.63,000,132.16
2007-02-16,155.36,155.36,155.36,155.36,000,131.93
2007-02-15,156.60,156.60,156.60,156.60,000,132.98
2007-02-14,155.10,155.10,155.10,155.10,000,131.71
2007-02-13,155.13,155.13,155.13,155.13,000,131.73
2007-02-12,155.40,155.40,155.40,155.40,000,131.96
2007-02-09,156.00,156.65,155.00,155.00,000,131.62
2007-02-08,160.04,160.04,158.90,158.90,000,134.93
2007-02-07,161.40,161.40,161.40,161.40,000,137.06
2007-02-06,162.73,162.73,162.73,162.73,000,138.19
2007-02-05,161.42,161.42,161.42,161.42,000,137.07
2007-02-02,162.03,162.03,162.03,162.03,000,137.59
2007-02-01,160.49,160.49,160.49,160.49,000,136.28
2007-01-31,159.78,159.78,159.78,159.78,000,135.68
2007-01-30,160.80,160.80,160.80,160.80,000,136.55
2007-01-29,160.39,160.39,160.39,160.39,000,136.20
2007-01-26,161.10,161.10,161.10,161.10,000,136.80
2007-01-25,161.00,161.00,161.00,161.00,000,136.72
2007-01-24,161.23,161.23,161.23,161.23,000,136.91
2007-01-23,161.09,161.09,161.09,161.09,000,136.79
2007-01-22,162.98,162.98,162.98,162.98,000,138.40
2007-01-19,161.82,161.82,161.82,161.82,000,137.41
2007-01-18,161.87,161.87,161.87,161.87,000,137.46
2007-01-17,161.87,161.87,161.87,161.87,000,137.46
2007-01-16,158.89,158.89,158.89,158.89,000,134.93
2007-01-15,158.38,158.38,158.38,158.38,000,134.49
2007-01-12,158.00,158.00,158.00,158.00,000,134.17
2007-01-11,155.66,155.66,155.66,155.66,000,132.18
2007-01-10,155.37,155.37,155.37,155.37,000,131.94
2007-01-09,156.17,156.17,156.17,156.17,000,132.62
2007-01-08,158.38,158.38,158.38,158.38,000,134.49
2007-01-05,155.33,155.33,155.33,155.33,000,131.90
2007-01-04,153.92,153.92,153.92,153.92,000,130.71
2007-01-03,152.88,152.88,152.88,152.88,000,129.82
2007-01-02,152.68,152.68,152.68,152.68,000,129.65
2006-12-29,152.70,152.70,152.18,152.18,000,129.23
2006-12-28,153.20,153.20,153.20,153.20,000,130.09
2006-12-27,152.98,152.98,152.98,152.98,000,129.91
2006-12-22,153.28,153.28,153.28,153.28,000,130.16
2006-12-21,152.41,152.41,152.41,152.41,000,129.42
2006-12-20,154.10,154.10,154.10,154.10,000,130.86
2006-12-19,155.55,155.55,155.55,155.55,000,132.09
2006-12-18,152.35,152.35,152.35,152.35,000,129.37
2006-12-15,150.84,150.84,150.84,150.84,000,128.09
2006-12-14,150.39,150.39,150.39,150.39,000,127.71
2006-12-13,148.67,148.67,148.67,148.67,000,126.25
2006-12-12,147.90,147.90,147.90,147.90,000,125.59
2006-12-11,149.78,149.78,149.78,149.78,000,127.19
2006-12-08,150.00,150.00,150.00,150.00,000,127.38
2006-12-07,147.00,147.00,147.00,147.00,000,124.83
2006-12-06,149.00,149.00,149.00,149.00,000,126.53
2006-12-05,149.00,149.85,149.00,149.85,000,127.25
2006-12-04,150.41,150.41,150.41,150.41,000,127.73
2006-12-01,152.00,152.00,152.00,152.00,000,129.08
2006-11-30,152.36,152.36,152.36,152.36,000,129.38
2006-11-29,151.07,151.07,151.07,151.07,000,128.29
2006-11-28,152.81,152.83,152.81,152.83,300,129.78
2006-11-27,155.01,155.01,155.01,155.01,000,131.63
2006-11-24,155.28,155.28,155.28,155.28,000,131.86
2006-11-23,157.86,157.86,157.86,157.86,000,134.05
2006-11-22,158.00,158.00,158.00,158.00,000,134.17
2006-11-21,157.20,157.20,157.20,157.20,000,133.49
2006-11-20,154.70,154.70,154.70,154.70,000,131.37
2006-11-17,155.49,155.49,155.49,155.49,000,132.04
2006-11-16,154.75,154.75,154.75,154.75,000,131.41
2006-11-15,153.23,153.23,153.23,153.23,000,130.12
2006-11-14,152.90,152.90,152.90,152.90,000,129.84
2006-11-13,153.06,153.06,153.06,153.06,000,129.98
2006-11-10,152.10,152.10,152.10,152.10,000,129.16
2006-11-09,152.80,152.80,152.80,152.80,000,129.75
2006-11-08,152.80,152.80,152.80,152.80,000,129.75
2006-11-07,152.50,152.50,152.50,152.50,000,129.50
2006-11-06,152.60,152.60,152.60,152.60,000,129.58
2006-11-03,152.60,152.60,152.60,152.60,000,129.58
2006-11-02,153.50,153.50,153.50,153.50,000,130.35
2006-11-01,152.50,152.50,152.50,152.50,000,129.50
2006-10-31,153.29,153.29,153.29,153.29,000,130.17
2006-10-30,152.80,154.39,152.80,154.39,000,131.10
2006-10-27,152.30,152.30,152.30,152.30,000,129.33
2006-10-26,152.80,152.80,152.80,152.80,000,129.75
2006-10-25,152.70,152.70,152.70,152.70,000,129.67
2006-10-24,153.50,153.50,153.50,153.50,000,130.35
2006-10-23,153.00,153.00,153.00,153.00,000,129.92
2006-10-20,153.36,153.36,153.36,153.36,000,130.23
2006-10-19,151.60,153.00,151.60,153.00,000,129.92
2006-10-18,152.20,152.20,152.20,152.20,000,129.25
2006-10-17,152.60,152.60,152.60,152.60,000,129.58
2006-10-16,152.20,152.20,152.20,152.20,000,129.25
2006-10-13,150.90,150.90,150.90,150.90,000,128.14
2006-10-12,152.00,152.00,152.00,152.00,000,129.08
2006-10-11,151.14,151.14,151.14,151.14,000,128.35
2006-10-10,150.30,150.30,150.30,150.30,000,127.63
2006-10-09,148.70,151.85,148.70,151.85,000,128.95
2006-10-06,149.04,149.04,149.04,149.04,000,126.56
2006-10-05,149.99,149.99,149.99,149.99,000,127.37
2006-10-04,149.40,149.40,149.40,149.40,000,126.87
2006-10-03,149.30,149.30,149.30,149.30,000,126.78
2006-10-02,149.00,149.00,149.00,149.00,000,126.53
2006-09-29,149.50,149.50,149.50,149.50,000,126.95
2006-09-28,149.60,149.60,149.60,149.60,000,127.04
2006-09-27,147.90,147.90,147.90,147.90,000,125.59
2006-09-26,145.82,145.82,145.82,145.82,000,123.83
2006-09-25,146.70,146.70,146.70,146.70,000,124.57
2006-09-22,147.10,147.10,147.10,147.10,000,124.91
2006-09-21,148.30,148.30,148.30,148.30,000,125.93
2006-09-20,146.30,146.30,146.30,146.30,000,124.24
2006-09-19,145.70,145.70,145.70,145.70,000,123.73
2006-09-18,143.00,143.00,143.00,143.00,000,121.43
2006-09-15,143.30,143.30,143.30,143.30,000,121.69
2006-09-14,146.60,146.60,146.60,146.60,000,124.49
2006-09-13,146.90,146.90,146.90,146.90,000,124.74
2006-09-12,146.40,146.40,146.40,146.40,000,124.32
2006-09-11,149.20,149.20,149.20,149.20,000,126.70
2006-09-08,149.00,149.00,149.00,149.00,000,126.53
2006-09-07,149.10,149.10,149.10,149.10,000,126.61
2006-09-06,149.18,149.18,149.18,149.18,000,126.68
2006-09-05,148.00,148.00,148.00,148.00,000,125.68
2006-09-04,148.50,148.50,148.50,148.50,000,126.10
2006-09-01,150.50,150.50,150.50,150.50,000,127.80
2006-08-31,150.20,150.20,150.20,150.20,000,127.55
2006-08-30,150.00,150.00,150.00,150.00,000,127.38
2006-08-29,150.00,150.00,149.00,149.00,000,126.53
2006-08-28,149.10,149.10,149.10,149.10,000,126.61
2006-08-25,149.30,149.30,149.30,149.30,000,126.78
2006-08-24,146.97,146.97,146.97,146.97,000,124.80
2006-08-23,146.70,146.70,146.70,146.70,000,124.57
2006-08-22,147.20,147.20,147.20,147.20,000,125.00
2006-08-21,146.80,146.80,146.80,146.80,000,124.66
2006-08-18,146.10,146.10,146.10,146.10,000,124.07
2006-08-17,148.40,148.40,148.40,148.40,000,126.02
2006-08-16,149.70,149.70,149.70,149.70,000,127.12
2006-08-15,145.20,145.20,145.20,145.20,000,123.30
2006-08-14,146.20,146.20,146.20,146.20,000,124.15
2006-08-11,145.10,145.10,145.10,145.10,000,123.22
2006-08-10,145.70,145.70,145.11,145.11,100,123.22
2006-08-09,143.80,143.80,143.80,143.80,000,122.11
2006-08-08,144.10,144.10,144.10,144.10,000,122.37
2006-08-07,144.00,144.00,144.00,144.00,000,122.28
2006-08-04,143.20,143.20,143.20,143.20,000,121.60
2006-08-03,146.50,146.50,146.50,146.50,000,124.40
2006-08-02,146.40,146.40,146.40,146.40,000,124.32
2006-08-01,145.80,145.80,145.80,145.80,000,123.81
2006-07-31,146.00,146.00,146.00,146.00,000,123.98
2006-07-28,143.40,143.40,143.40,143.40,000,121.77
2006-07-27,145.00,145.00,145.00,145.00,000,123.13
2006-07-26,145.80,145.80,145.80,145.80,000,123.81
2006-07-25,145.40,145.40,145.40,145.40,000,123.47
2006-07-24,144.70,144.70,144.70,144.70,000,122.88
2006-07-21,143.00,143.00,143.00,143.00,000,121.43
2006-07-20,142.20,142.20,142.20,142.20,000,120.75
2006-07-19,138.20,138.20,138.20,138.20,000,117.36
2006-07-18,138.00,138.00,138.00,138.00,000,117.19
2006-07-17,139.00,139.00,139.00,139.00,000,118.04
2006-07-14,139.00,139.00,139.00,139.00,000,118.04
2006-07-13,140.64,140.64,140.64,140.64,000,119.43
2006-07-12,139.07,139.07,139.07,139.07,000,118.10
2006-07-11,138.00,138.00,138.00,138.00,000,117.19
2006-07-10,137.40,137.40,137.40,137.40,000,116.68
2006-07-07,138.00,138.00,138.00,138.00,000,117.19
2006-07-06,136.00,136.00,136.00,136.00,000,115.49
2006-07-05,136.00,136.00,136.00,136.00,000,115.49
2006-07-04,137.80,137.80,137.80,137.80,000,117.02
2006-07-03,137.00,137.00,137.00,137.00,000,116.34
2006-06-30,135.80,135.80,135.80,135.80,000,115.32
2006-06-29,134.70,134.70,134.70,134.70,000,114.38
2006-06-28,133.40,133.40,133.40,133.40,000,113.28
2006-06-27,133.40,133.40,133.40,133.40,000,113.28
2006-06-26,134.90,134.90,134.90,134.90,000,114.55
2006-06-23,133.70,133.70,133.70,133.70,000,113.54
2006-06-22,132.20,132.20,132.20,132.20,000,112.26
2006-06-21,131.20,131.48,131.20,131.48,000,111.65
2006-06-20,129.90,129.90,129.90,129.90,000,110.31
2006-06-19,130.20,130.20,130.20,130.20,000,110.56
2006-06-14,131.50,131.50,131.50,131.50,000,111.67
2006-06-13,132.70,132.70,132.70,132.70,000,112.69
2006-06-12,135.04,135.04,135.04,135.04,000,114.67
2006-06-09,135.30,135.30,135.30,135.30,000,114.89
2006-06-08,135.20,135.20,135.20,135.20,000,114.81
2006-06-07,133.70,137.00,133.70,137.00,000,116.34
2006-06-06,133.40,133.40,133.40,133.40,000,113.28
2006-06-05,134.30,134.30,134.30,134.30,000,114.04
2006-06-02,135.00,135.00,134.40,134.40,000,114.13
2006-06-01,135.00,135.00,135.00,135.00,000,114.64
2006-05-31,134.20,134.20,134.20,134.20,000,113.96
2006-05-30,135.10,135.40,135.10,135.40,000,114.98
2006-05-29,133.90,136.00,133.90,136.00,000,115.49
2006-05-26,132.50,132.50,132.50,132.50,000,112.52
2006-05-25,131.60,131.60,131.60,131.60,000,111.75
2006-05-24,129.04,129.90,129.04,129.90,100,110.31
2006-05-23,130.60,130.60,130.56,130.56,000,110.87
2006-05-22,134.00,134.00,130.50,130.50,000,110.82
2006-05-19,133.90,133.90,133.90,133.90,000,113.71
2006-05-18,136.60,136.60,136.60,136.60,000,116.00
2006-05-17,137.40,137.40,137.40,137.40,000,116.68
2006-05-16,134.40,134.40,134.40,134.40,000,114.13
2006-05-15,137.22,137.22,137.22,137.22,000,116.52
2006-05-12,135.51,135.51,135.51,135.51,000,115.07
2006-05-11,136.50,136.50,135.52,135.52,000,115.08
2006-05-10,135.60,135.60,135.60,135.60,000,115.15
2006-05-09,131.73,131.73,131.73,131.73,000,111.86
2006-05-08,133.50,133.50,133.00,133.00,100,112.94
2006-05-05,134.00,134.00,134.00,134.00,000,113.79
2006-05-04,135.29,135.29,135.29,135.29,000,114.89
2006-05-03,137.00,137.00,137.00,137.00,000,116.34
2006-05-02,135.38,135.38,135.38,135.38,000,114.96
2006-04-28,134.50,134.50,134.50,134.50,000,114.21
2006-04-27,134.00,134.00,134.00,134.00,000,113.79
2006-04-26,134.80,134.80,134.80,134.80,000,114.47
2006-04-25,132.30,132.30,132.30,132.30,000,112.35
2006-04-24,130.84,130.84,130.84,130.84,000,111.11
2006-04-21,131.70,131.70,131.70,131.70,000,111.84
2006-04-20,133.50,133.50,133.50,133.50,000,113.37
2006-04-19,132.30,132.30,132.30,132.30,000,112.35
2006-04-18,133.30,133.30,133.30,133.30,000,113.20
2006-04-13,132.00,132.00,132.00,132.00,000,112.09
2006-04-12,133.00,133.00,133.00,133.00,000,112.94
2006-04-11,132.90,132.90,132.90,132.90,000,112.86
2006-04-10,134.00,134.00,134.00,134.00,000,113.79
2006-04-07,133.00,133.00,133.00,133.00,000,112.94
2006-04-06,134.00,134.00,134.00,134.00,000,113.79
2006-04-05,133.10,133.10,133.10,133.10,000,113.03
2006-04-04,134.70,134.70,134.70,134.70,000,114.38
2006-04-03,136.40,136.40,136.40,136.40,000,115.83
2006-03-31,138.00,138.00,136.83,136.83,000,116.19
2006-03-30,137.54,137.54,137.54,137.54,000,116.80
2006-03-29,138.90,138.90,138.90,138.90,000,117.95
2006-03-28,138.50,138.50,138.50,138.50,000,117.61
2006-03-27,138.50,138.50,138.50,138.50,000,117.61
2006-03-24,139.30,139.30,139.30,139.30,000,118.29
2006-03-23,140.00,140.00,140.00,140.00,000,118.89
2006-03-22,140.80,140.80,140.80,140.80,000,119.56
2006-03-21,140.60,140.60,140.60,140.60,000,119.39
2006-03-20,142.90,142.90,142.90,142.90,000,121.35
2006-03-17,142.50,142.50,142.50,142.50,000,121.01
2006-03-16,142.90,142.90,142.90,142.90,000,121.35
2006-03-15,142.70,142.70,142.70,142.70,000,121.18
2006-03-14,142.20,142.20,142.20,142.20,000,120.75
2006-03-13,140.80,143.80,140.80,142.70,000,121.18
2006-03-10,139.20,139.20,139.20,139.20,000,118.21
2006-03-09,140.00,140.00,140.00,140.00,000,118.89
2006-03-08,138.80,138.80,138.80,138.80,000,117.87
2006-03-07,139.60,139.60,139.60,139.60,000,118.55
2006-03-06,139.50,139.50,139.20,139.20,000,118.21
2006-03-03,139.20,139.20,139.20,139.20,000,118.21
2006-03-02,138.80,138.80,138.80,138.80,000,117.87
2006-03-01,140.40,140.40,140.40,140.40,000,119.22
2006-02-28,138.50,138.50,138.50,138.50,000,117.61
2006-02-27,139.49,139.49,139.49,139.49,000,118.45
2006-02-24,141.20,141.42,141.20,141.42,000,120.09
2006-02-23,141.18,141.53,141.18,141.53,000,120.18
2006-02-22,138.40,138.40,138.40,138.40,000,117.53
2006-02-21,137.00,137.00,137.00,137.00,000,116.34
2006-02-20,138.59,138.59,138.59,138.59,000,117.69
2006-02-17,139.13,139.13,139.13,139.13,200,118.15
2006-02-16,138.37,138.37,138.37,138.37,000,117.50
2006-02-15,138.00,138.00,138.00,138.00,000,117.19
2006-02-14,135.30,135.30,135.30,135.30,000,114.89
2006-02-13,133.70,133.70,133.70,133.70,000,113.54
2006-02-10,138.60,138.60,138.60,138.60,000,117.70
2006-02-09,140.00,140.00,140.00,140.00,000,118.89
2006-02-08,139.00,139.00,139.00,139.00,000,118.04
2006-02-07,139.00,139.00,139.00,139.00,000,118.04
2006-02-06,142.00,142.00,141.00,141.00,100,119.73
2006-02-03,141.20,141.20,141.20,141.20,000,119.90
2006-02-02,139.50,139.50,139.50,139.50,000,118.46
2006-02-01,141.70,142.00,141.70,142.00,000,120.58
2006-01-31,140.70,140.70,140.70,140.70,000,119.48
2006-01-30,140.10,140.10,140.10,140.10,000,118.97
2006-01-27,139.20,139.20,139.20,139.20,000,118.21
2006-01-26,139.40,139.40,139.40,139.40,000,118.38
2006-01-25,141.00,141.00,141.00,141.00,100,119.73
2006-01-24,140.10,140.10,140.10,140.10,000,118.97
2006-01-23,138.65,138.65,138.65,138.65,000,117.74
2006-01-20,138.40,138.40,138.40,138.40,000,117.53
2006-01-19,138.30,138.30,138.30,138.30,000,117.44
2006-01-18,140.50,140.50,140.50,140.50,000,119.31
2006-01-17,141.70,141.70,141.70,141.70,000,120.33
2006-01-16,140.50,140.50,140.50,140.50,000,119.31
2006-01-13,137.50,141.00,137.50,141.00,000,119.73
2006-01-12,137.60,138.50,137.60,138.50,000,117.61
2006-01-11,139.00,139.00,139.00,139.00,000,118.04
2006-01-10,139.60,139.60,139.60,139.60,000,118.55
2006-01-09,140.60,140.60,140.60,140.60,000,119.39
2006-01-06,141.10,141.10,141.10,141.10,000,119.82
2006-01-05,140.50,140.50,140.50,140.50,000,119.31
2006-01-04,140.50,140.50,140.50,140.50,000,119.31
2006-01-03,140.90,141.20,140.90,141.20,000,119.90
2006-01-02,139.80,139.80,139.80,139.80,000,118.72
2005-12-30,140.80,140.80,140.80,140.80,000,119.56
2005-12-29,139.50,139.50,139.50,139.50,000,118.46
2005-12-28,137.80,137.80,137.80,137.80,000,117.02
2005-12-27,136.30,136.90,136.30,136.90,000,116.25
2005-12-23,139.20,139.20,139.20,139.20,000,118.21
2005-12-22,142.00,142.00,140.20,140.20,000,119.06
2005-12-21,144.20,144.20,144.20,144.20,000,122.45
2005-12-20,142.30,142.30,142.30,142.30,000,120.84
2005-12-19,143.10,143.10,143.10,143.10,000,121.52
2005-12-16,138.50,138.50,138.50,138.50,000,117.61
2005-12-15,144.50,144.50,144.50,144.50,000,122.71
2005-12-14,145.10,145.10,145.10,145.10,000,123.22
2005-12-13,145.00,146.10,145.00,145.00,000,123.13
2005-12-12,149.00,149.00,149.00,149.00,000,126.53
2005-12-09,148.60,148.60,148.60,148.60,000,126.19
2005-12-08,148.90,148.90,148.90,148.90,000,126.44
2005-12-07,148.80,150.00,148.80,148.80,000,126.36
2005-12-06,143.80,145.50,143.80,145.50,000,123.56
2005-12-05,141.80,143.50,141.80,143.50,000,121.86
2005-12-02,142.20,142.20,142.20,142.20,000,120.75
2005-12-01,141.30,141.30,141.30,141.30,000,119.99
2005-11-30,143.00,143.00,143.00,143.00,000,121.43
2005-11-29,142.10,142.10,142.10,142.10,000,120.67
2005-11-28,143.00,143.80,143.00,143.00,000,121.43
2005-11-25,142.00,142.00,142.00,142.00,000,120.58
2005-11-24,142.60,142.60,142.60,142.60,000,121.09
2005-11-23,140.90,140.90,140.90,140.90,000,119.65
2005-11-22,140.40,140.40,140.40,140.40,000,119.22
2005-11-21,138.10,138.10,138.10,138.10,000,117.27
2005-11-18,135.90,138.50,135.90,138.50,100,117.61
2005-11-17,139.60,140.80,133.20,133.40,100,113.28
2005-11-16,140.50,140.50,140.00,140.00,100,118.89
2005-11-15,140.00,141.30,140.00,141.30,000,119.99
2005-11-14,143.99,143.99,143.99,143.99,000,122.27
2005-11-11,141.00,141.00,141.00,141.00,000,119.73
2005-11-10,141.00,141.50,141.00,141.50,000,120.16
2005-11-09,142.50,142.50,142.50,142.50,000,121.01
2005-11-08,142.50,142.50,142.50,142.50,000,121.01
2005-11-07,140.90,140.90,140.90,140.90,000,119.65
2005-11-04,141.70,141.70,140.70,140.70,000,119.48
2005-11-03,141.50,141.50,141.50,141.50,000,120.16
2005-11-02,141.80,141.80,141.80,141.80,000,120.41
2005-11-01,141.80,141.80,141.80,141.80,000,120.41
2005-10-31,141.80,141.80,141.80,141.80,000,120.41
2005-10-28,142.90,142.90,142.90,142.90,000,121.35
2005-10-27,141.60,143.90,141.60,143.90,000,122.20
2005-10-26,143.50,144.40,143.50,144.40,000,122.62
2005-10-25,80.00,143.50,80.00,80.00,000,67.93
2005-10-24,138.50,141.50,138.50,141.50,000,120.16
2005-10-21,140.00,140.00,138.00,138.00,000,117.19
2005-10-20,138.00,141.80,138.00,141.80,200,120.41
2005-10-19,143.10,144.30,141.50,141.50,100,120.16
2005-10-18,138.30,138.30,138.30,138.30,000,117.44
2005-10-17,137.20,138.40,137.20,138.30,000,117.44
2005-10-14,138.00,138.00,138.00,138.00,200,117.19
2005-10-13,137.50,137.50,137.50,137.50,000,116.76
2005-10-12,136.80,138.00,136.80,138.00,000,117.19
2005-10-11,137.50,137.50,137.50,137.50,000,116.76
2005-10-10,134.50,134.50,134.50,134.50,000,114.21
2005-10-07,134.60,134.60,134.60,134.60,000,114.30
2005-10-06,135.00,135.00,135.00,135.00,000,114.64
2005-10-05,133.50,133.50,133.50,133.50,000,113.37
2005-10-04,132.50,132.50,132.50,132.50,000,112.52
2005-10-03,131.50,131.50,131.50,131.50,000,111.67
2005-09-30,129.60,129.60,129.60,129.60,000,110.05
2005-09-29,127.40,127.40,127.40,127.40,000,108.19
2005-09-28,126.80,126.80,126.80,126.80,000,107.68
2005-09-27,129.80,129.80,129.80,129.80,000,110.22
2005-09-26,130.40,130.40,130.40,130.40,000,110.73
2005-09-23,132.20,132.20,132.20,132.20,000,112.26
2005-09-22,131.00,131.00,131.00,131.00,000,111.24
2005-09-21,133.20,133.20,133.20,133.20,000,113.11
2005-09-20,131.00,132.10,131.00,132.10,000,112.18
2005-09-19,131.20,132.10,131.20,132.10,000,112.18
2005-09-16,130.90,130.90,130.50,130.50,000,110.82
2005-09-15,130.70,130.70,130.70,130.70,000,110.99
2005-09-14,130.90,130.90,130.90,130.90,000,111.16
2005-09-13,131.40,131.40,131.40,131.40,000,111.58
2005-09-12,131.90,131.90,131.90,131.90,000,112.01
2005-09-09,132.50,132.50,132.50,132.50,000,112.52
2005-09-08,131.50,131.50,131.50,131.50,000,111.67
2005-09-07,129.59,129.59,129.59,129.59,000,110.05
2005-09-06,126.80,126.80,126.80,126.80,000,107.68
2005-09-05,127.50,127.50,127.50,127.50,000,108.27
2005-09-02,127.80,127.80,127.80,127.80,000,108.53
2005-09-01,126.70,127.00,126.70,127.00,000,107.85
2005-08-31,125.00,125.00,125.00,125.00,000,106.15
2005-08-30,123.00,123.00,123.00,123.00,000,104.45
2005-08-29,125.00,125.00,125.00,125.00,000,106.15
2005-08-26,126.30,126.30,126.30,126.30,000,107.25
2005-08-25,127.50,127.50,127.50,127.50,000,108.27
2005-08-24,126.50,127.00,126.50,127.00,000,107.85
2005-08-23,128.00,129.00,128.00,129.00,000,109.54
2005-08-22,129.80,129.80,129.80,129.80,000,110.22
2005-08-19,130.00,130.00,130.00,130.00,000,110.39
2005-08-18,129.90,129.90,129.90,129.90,000,110.31
2005-08-17,129.09,129.09,129.09,129.09,000,109.62
2005-08-16,128.70,128.70,128.70,128.70,000,109.29
2005-08-15,129.30,129.30,129.30,129.30,000,109.80
2005-08-12,129.30,129.30,129.30,129.30,000,109.80
2005-08-11,129.60,129.60,129.60,129.60,000,110.05
2005-08-10,129.30,129.30,129.30,129.30,000,109.80
2005-08-09,128.09,128.09,128.09,128.09,000,108.77
2005-08-08,127.75,127.75,127.75,127.75,000,108.48
2005-08-05,129.50,129.50,129.50,129.50,000,109.97
2005-08-04,127.00,127.00,127.00,127.00,000,107.85
2005-08-03,126.50,126.50,126.50,126.50,000,107.42
2005-08-02,125.30,125.30,125.30,125.30,000,106.40
2005-08-01,124.60,124.60,124.60,124.60,000,105.81
2005-07-29,125.40,125.40,125.40,125.40,000,106.49
2005-07-28,124.20,124.90,124.20,124.90,200,106.06
2005-07-27,124.00,124.00,124.00,124.00,000,105.30
2005-07-26,123.30,123.30,123.30,123.30,000,104.70
2005-07-25,122.40,122.40,122.40,122.40,000,103.94
2005-07-22,122.50,122.50,122.50,122.50,000,104.02
2005-07-21,123.00,123.00,123.00,123.00,000,104.45
2005-07-20,120.00,120.00,120.00,120.00,000,101.90
2005-07-19,119.60,119.60,119.60,119.60,000,101.56
2005-07-18,119.40,119.40,119.40,119.40,000,101.39
2005-07-15,118.40,118.40,118.40,118.40,000,100.54
2005-07-14,117.40,117.40,117.40,117.40,000,99.69
2005-07-13,117.50,117.50,117.50,117.50,000,99.78
2005-07-12,118.20,118.20,118.20,118.20,000,100.37
2005-07-11,117.90,117.90,117.90,117.90,000,100.12
2005-07-08,117.10,117.10,117.10,117.10,000,99.44
2005-07-07,117.00,117.00,117.00,117.00,000,99.35
2005-07-06,116.30,116.30,116.30,116.30,000,98.76
2005-07-05,116.90,116.90,116.90,116.90,000,99.27
2005-07-04,116.60,117.00,116.60,117.00,000,99.35
2005-07-01,116.20,116.20,116.20,116.20,000,98.67
2005-06-30,114.90,114.90,114.90,114.90,000,97.57
2005-06-29,115.80,115.80,115.80,115.80,000,98.34
2005-06-28,116.00,116.00,116.00,116.00,000,98.50
2005-06-27,113.80,113.80,113.80,113.80,000,96.64
2005-06-24,116.90,116.90,116.90,116.90,000,99.27
2005-06-23,116.90,116.90,116.90,116.90,000,99.27
2005-06-22,115.90,115.90,115.90,115.90,000,98.42
2005-06-21,113.90,113.90,113.90,113.90,000,96.72
2005-06-20,114.20,114.20,114.20,114.20,000,96.98
2005-06-17,115.30,115.30,115.30,115.30,000,97.91
2005-06-16,115.80,115.80,115.80,115.80,000,98.34
2005-06-15,115.40,115.40,115.40,115.40,000,98.00
2005-06-14,116.00,116.00,116.00,116.00,000,98.50
2005-06-13,117.00,117.00,117.00,117.00,000,99.35
2005-06-10,115.60,115.60,115.60,115.60,000,98.17
2005-06-09,115.90,115.90,115.90,115.90,000,98.42
2005-06-08,118.70,118.70,118.70,118.70,000,100.80
2005-06-07,119.50,119.50,119.50,119.50,000,101.48
2005-06-06,119.40,119.40,119.40,119.40,000,101.39
2005-06-02,119.30,119.30,119.30,119.30,000,101.31
2005-06-01,117.00,117.00,117.00,117.00,000,99.35
2005-05-31,116.90,116.90,116.90,116.90,000,99.27
2005-05-30,116.30,116.30,116.30,116.30,000,98.76
2005-05-27,115.20,115.20,115.20,115.20,000,97.83
2005-05-26,114.80,114.80,114.80,114.80,000,97.49
2005-05-25,114.29,114.29,114.29,114.29,000,97.05
2005-05-24,113.19,114.20,113.19,114.20,000,96.98
2005-05-23,110.50,110.50,110.50,110.50,000,93.83
2005-05-20,110.80,110.80,110.80,110.80,000,94.09
2005-05-19,110.40,110.40,110.40,110.40,000,93.75
2005-05-18,109.40,109.40,109.40,109.40,000,92.90
2005-05-17,108.60,108.60,108.60,108.60,000,92.22
2005-05-16,107.90,107.90,107.90,107.90,000,91.63
2005-05-13,107.70,107.70,107.70,107.70,000,91.46
2005-05-12,106.80,106.80,106.80,106.80,000,90.69
2005-05-11,106.60,106.60,106.40,106.40,000,90.35
2005-05-10,108.20,108.20,108.20,108.20,000,91.88
2005-05-09,108.30,108.30,108.30,108.30,000,91.97
2005-05-06,107.90,107.90,107.90,107.90,000,91.63
2005-05-05,108.70,108.70,108.70,108.70,000,92.31
2005-05-04,107.40,107.40,107.40,107.40,000,91.20
2005-05-03,106.50,106.50,106.50,106.50,000,90.44
2005-05-02,107.40,107.40,107.40,107.40,000,91.20
2005-04-29,107.70,107.70,107.70,107.70,000,91.46
2005-04-28,106.50,106.50,106.50,106.50,000,90.44
2005-04-27,107.60,107.60,107.60,107.60,000,91.37
2005-04-26,106.40,106.40,106.40,106.40,000,90.35
2005-04-25,105.70,105.70,105.70,105.70,000,89.76
2005-04-22,105.40,105.40,105.40,105.40,000,89.50
2005-04-21,104.40,104.40,104.40,104.40,000,88.65
2005-04-20,107.30,107.30,107.30,107.30,000,91.12
2005-04-19,103.57,103.57,103.57,103.57,000,87.95
2005-04-18,102.10,102.10,102.10,102.10,000,86.70
2005-04-15,98.89,98.89,98.89,98.89,000,83.98
2005-04-14,96.71,96.71,96.71,96.71,000,82.12
2005-04-13,97.29,98.35,97.29,98.35,000,83.52
2005-04-12,97.85,97.85,97.85,97.85,000,83.09
2005-04-11,98.21,98.21,98.21,98.21,000,83.40
2005-04-08,98.88,98.88,98.88,98.88,000,83.97
2005-04-07,97.83,97.83,97.83,97.83,000,83.08
2005-04-06,96.59,96.59,96.59,96.59,000,82.02
2005-04-05,94.31,94.31,94.31,94.31,000,80.09
2005-04-04,95.59,95.59,95.59,95.59,000,81.17
2005-04-01,95.99,95.99,95.99,95.99,000,81.51
2005-03-31,96.74,96.74,96.74,96.74,000,82.15
2005-03-30,96.00,96.00,96.00,96.00,000,81.52
2005-03-29,97.00,97.00,97.00,97.00,000,82.37
2005-03-24,96.50,96.50,96.50,96.50,000,81.95
2005-03-23,95.70,96.50,95.70,96.50,000,81.95
2005-03-22,96.63,96.63,96.63,96.63,000,82.06
2005-03-21,95.21,95.21,95.21,95.21,000,80.85
2005-03-18,96.06,96.06,96.06,96.06,000,81.57
2005-03-17,95.00,95.00,95.00,95.00,000,80.67
2005-03-16,95.00,95.00,95.00,95.00,000,80.67
2005-03-15,91.50,91.50,91.50,91.50,000,77.70
2005-03-14,93.21,93.21,93.21,93.21,000,79.15
2005-03-11,93.46,93.46,93.46,93.46,000,79.36
2005-03-10,93.39,93.39,93.39,93.39,000,79.30
2005-03-09,93.60,93.60,93.60,93.60,000,79.48
2005-03-08,94.80,94.80,94.80,94.80,000,80.50
2005-03-07,95.00,95.00,95.00,95.00,000,80.67
2005-03-04,96.14,96.14,96.14,96.14,000,81.64
2005-03-03,95.77,95.77,95.77,95.77,000,81.33
2005-03-02,94.39,94.39,94.39,94.39,000,80.15
2005-03-01,94.00,94.00,94.00,94.00,000,79.82
2005-02-28,95.52,95.52,95.52,95.52,000,81.11
2005-02-25,95.24,95.24,95.24,95.24,000,80.88
2005-02-24,94.34,94.34,94.34,94.34,000,80.11
2005-02-23,93.47,93.47,93.47,93.47,000,79.37
2005-02-22,95.71,95.71,95.71,95.71,000,81.28
2005-02-21,94.93,94.93,94.93,94.93,000,80.61
2005-02-18,92.00,92.00,92.00,92.00,000,78.12
2005-02-17,92.50,92.50,92.50,92.50,000,78.55
2005-02-16,92.00,92.00,92.00,92.00,000,78.12
2005-02-15,91.50,91.50,91.50,91.50,000,77.70
2005-02-14,92.40,92.40,92.40,92.40,000,78.46
2005-02-11,92.31,92.31,92.31,92.31,000,78.39
2005-02-10,91.60,91.60,91.60,91.60,000,77.78
2005-02-09,90.30,90.30,90.30,90.30,000,76.68
2005-02-08,90.50,90.50,90.50,90.50,000,76.85
2005-02-07,90.10,90.10,90.10,90.10,000,76.51
2005-02-04,90.44,90.44,90.44,90.44,000,76.80
2005-02-03,91.00,91.00,91.00,91.00,000,77.28
2005-02-02,93.00,93.00,93.00,93.00,000,78.97
2005-02-01,92.50,94.20,92.50,94.20,000,79.99
2005-01-31,93.25,93.25,93.25,93.25,000,79.19
2005-01-28,93.00,93.00,93.00,93.00,000,78.97
2005-01-27,93.45,93.45,93.45,93.45,000,79.36
2005-01-26,93.00,93.00,93.00,93.00,000,78.97
2005-01-25,93.00,93.00,93.00,93.00,000,78.97
2005-01-24,94.20,94.20,94.20,94.20,000,79.99
2005-01-21,93.50,93.50,93.50,93.50,000,79.40
2005-01-20,95.04,95.04,95.04,95.04,000,80.71
2005-01-19,94.50,94.50,94.50,94.50,000,80.25
2005-01-18,94.00,94.00,94.00,94.00,000,79.82
2005-01-17,94.00,94.00,94.00,94.00,000,79.82
2005-01-14,93.24,93.24,93.24,93.24,000,79.18
2005-01-13,94.12,94.12,94.12,94.12,000,79.92
2005-01-12,94.60,94.60,94.60,94.60,000,80.33
2005-01-11,95.65,95.65,95.65,95.65,000,81.22
2005-01-10,95.96,95.96,95.96,95.96,000,81.49
2005-01-07,94.77,94.77,94.77,94.77,000,80.48
2005-01-06,94.98,94.98,94.98,94.98,000,80.66
2005-01-05,95.06,95.06,95.06,95.06,000,80.72
2005-01-04,95.82,95.82,95.82,95.82,000,81.37
2005-01-03,96.50,96.50,96.50,96.50,000,81.95
2004-12-30,95.84,95.84,95.84,95.84,000,81.39
2004-12-29,95.71,95.71,95.71,95.71,000,81.28
2004-12-28,94.89,94.89,94.89,94.89,000,80.58
2004-12-27,95.73,95.73,95.73,95.73,000,81.29
2004-12-23,95.31,95.31,95.31,95.31,000,80.94
2004-12-22,95.01,95.01,95.01,95.01,000,80.68
2004-12-21,94.40,94.40,94.40,94.40,000,80.16
2004-12-20,95.03,95.03,95.03,95.03,000,80.70
2004-12-17,91.70,91.70,91.70,91.70,000,77.87
2004-12-16,93.04,93.04,93.04,93.04,000,79.01
2004-12-15,91.78,91.78,91.78,91.78,000,77.94
2004-12-14,91.51,91.51,91.51,91.51,000,77.71
2004-12-13,91.51,91.51,91.51,91.51,000,77.71
2004-12-10,89.99,89.99,89.99,89.99,000,76.42
2004-12-09,89.95,89.95,89.95,89.95,000,76.38
2004-12-08,90.66,90.66,90.66,90.66,000,76.99
2004-12-07,92.10,92.10,92.10,92.10,000,78.21
2004-12-06,92.31,92.31,92.31,92.31,000,78.39
2004-12-03,93.35,93.35,93.35,93.35,000,79.27
2004-12-02,91.11,91.11,91.11,91.11,000,77.37
2004-12-01,89.22,89.22,89.22,89.22,000,75.76
2004-11-30,92.00,92.00,92.00,92.00,000,78.12
2004-11-29,91.68,91.68,91.68,91.68,000,77.85
2004-11-26,92.51,93.20,92.51,93.20,000,79.14
2004-11-25,91.80,91.80,91.80,91.80,000,77.95
2004-11-24,91.77,91.77,91.77,91.77,000,77.93
2004-11-23,93.75,93.75,93.75,93.75,100,79.61
2004-11-22,94.15,94.15,94.15,94.15,000,79.95
2004-11-19,95.35,95.35,95.35,95.35,000,80.97
2004-11-18,95.65,95.65,95.65,95.65,000,81.22
2004-11-17,96.25,96.25,96.25,96.25,000,81.73
2004-11-16,96.70,96.70,96.70,96.70,000,82.12
2004-11-15,96.00,96.00,96.00,96.00,000,81.52
2004-11-12,96.30,96.30,96.30,96.30,000,81.78
2004-11-11,96.00,96.00,96.00,96.00,000,81.52
2004-11-10,95.85,95.85,95.85,95.85,000,81.39
2004-11-09,95.90,95.90,95.90,95.90,000,81.44
2004-11-08,95.35,97.00,95.35,97.00,000,82.37
2004-11-05,94.90,94.90,94.90,94.90,000,80.59
2004-11-04,95.15,95.15,95.15,95.15,000,80.80
2004-11-03,95.60,95.60,95.60,95.60,000,81.18
2004-11-02,94.35,94.35,94.35,94.35,000,80.12
2004-11-01,94.80,94.80,94.80,94.80,000,80.50
2004-10-29,94.95,94.95,94.95,94.95,000,80.63
2004-10-28,94.95,94.95,94.95,94.95,000,80.63
2004-10-27,94.45,94.45,94.45,94.45,000,80.21
2004-10-26,94.00,94.00,94.00,94.00,000,79.82
2004-10-25,93.75,93.75,93.75,93.75,000,79.61
2004-10-22,93.75,93.75,93.75,93.75,000,79.61
2004-10-21,93.75,93.75,93.75,93.75,000,79.61
2004-10-20,94.90,94.90,94.90,94.90,000,80.59
2004-10-19,93.75,93.75,93.75,93.75,000,79.61
2004-10-18,93.75,93.75,93.75,93.75,000,79.61
2004-10-15,93.75,93.75,93.75,93.75,000,79.61
2004-10-14,95.50,95.50,95.50,95.50,000,81.10
2004-10-13,95.20,95.20,95.20,95.20,000,80.84
2004-10-12,95.25,95.25,95.25,95.25,000,80.88
2004-10-11,97.00,97.00,97.00,97.00,000,82.37
2004-10-08,95.85,95.85,95.85,95.85,000,81.39
2004-10-07,98.15,98.15,98.15,98.15,000,83.35
2004-10-06,96.90,96.90,96.90,96.90,000,82.29
2004-10-05,97.00,97.00,97.00,97.00,000,82.37
2004-10-04,98.30,98.30,98.30,98.30,000,83.47
2004-10-01,99.55,99.55,99.55,99.55,000,84.54
2004-09-30,99.50,99.50,99.50,99.50,000,84.49
2004-09-29,101.00,101.00,101.00,101.00,000,85.77
2004-09-28,97.30,97.30,97.30,97.30,000,82.63
2004-09-27,99.40,99.40,99.40,99.40,000,84.41
2004-09-24,98.75,98.75,98.75,98.75,000,83.86
2004-09-23,99.85,99.85,99.85,99.85,000,84.79
2004-09-22,98.45,98.45,98.45,98.45,000,83.60
2004-09-21,99.05,99.05,99.05,99.05,000,84.11
2004-09-20,97.95,97.95,97.95,97.95,000,83.18
2004-09-17,99.10,99.10,99.10,99.10,000,84.15
2004-09-16,99.00,99.00,99.00,99.00,000,84.07
2004-09-15,98.50,98.50,98.50,98.50,000,83.64
2004-09-14,100.00,100.00,98.50,98.50,000,83.64
2004-09-13,99.00,99.00,99.00,99.00,000,84.07
2004-09-10,100.00,100.00,100.00,100.00,000,84.92
2004-09-09,100.50,100.50,100.50,100.50,000,85.34
2004-09-08,99.50,99.50,99.50,99.50,000,84.49
2004-09-07,100.20,100.20,100.20,100.20,000,85.09
2004-09-06,100.10,100.10,100.10,100.10,000,85.00
2004-09-03,100.30,100.30,100.30,100.30,000,85.17
2004-09-02,101.50,101.50,101.50,101.50,000,86.19
2004-09-01,100.30,100.30,100.30,100.30,000,85.17
2004-08-31,101.00,101.00,101.00,101.00,000,85.77
2004-08-30,99.00,99.00,99.00,99.00,000,84.07
2004-08-27,97.30,97.30,97.30,97.30,000,82.63
2004-08-26,96.30,96.30,96.30,96.30,000,81.78
2004-08-25,95.00,95.00,95.00,95.00,000,80.67
2004-08-24,94.00,94.00,94.00,94.00,000,79.82
2004-08-23,96.00,96.00,96.00,96.00,000,81.52
2004-08-20,95.50,95.50,95.50,95.50,000,81.10
2004-08-19,98.50,98.50,98.50,98.50,000,83.64
2004-08-18,98.00,98.00,98.00,98.00,000,83.22
2004-08-17,98.00,98.00,98.00,98.00,000,83.22
2004-08-16,99.00,99.00,99.00,99.00,000,84.07
2004-08-13,102.50,102.50,102.50,102.50,000,87.04
2004-08-12,100.00,100.00,100.00,100.00,000,84.92
2004-08-11,100.50,100.50,100.50,100.50,000,85.34
2004-08-10,100.00,100.00,100.00,100.00,000,84.92
2004-08-09,101.00,101.00,101.00,101.00,000,85.77
2004-08-06,101.00,101.00,101.00,101.00,000,85.77
2004-08-05,102.00,102.00,102.00,102.00,000,86.62
2004-08-04,103.10,103.10,102.50,102.50,000,87.04
2004-08-03,103.00,103.00,103.00,103.00,000,87.47
2004-08-02,104.00,104.00,104.00,104.00,000,88.31
2004-07-30,104.00,104.00,104.00,104.00,000,88.31
2004-07-29,105.00,105.00,105.00,105.00,000,89.16
2004-07-28,106.50,106.50,106.50,106.50,000,90.44
2004-07-27,107.00,107.00,107.00,107.00,000,90.86
2004-07-26,109.00,109.00,109.00,109.00,000,92.56
2004-07-23,109.50,109.50,109.50,109.50,000,92.99
2004-07-22,109.00,109.00,109.00,109.00,000,92.56
2004-07-21,109.50,109.50,109.50,109.50,000,92.99
2004-07-20,106.00,106.00,106.00,106.00,000,90.01
2004-07-19,106.00,106.00,106.00,106.00,000,90.01
2004-07-16,104.00,104.00,104.00,104.00,000,88.31
2004-07-15,105.50,105.50,105.50,105.50,000,89.59
2004-07-14,105.50,105.50,105.50,105.50,000,89.59
2004-07-13,107.00,107.00,107.00,107.00,000,90.86
2004-07-12,107.30,107.30,107.30,107.30,000,91.12
2004-07-09,109.50,109.50,109.50,109.50,000,92.99
2004-07-08,108.70,108.70,108.70,108.70,000,92.31
2004-07-07,109.00,109.00,109.00,109.00,000,92.56
2004-07-06,109.00,109.00,109.00,109.00,000,92.56
2004-07-05,109.00,109.00,109.00,109.00,000,92.56
2004-07-02,108.00,108.00,108.00,108.00,000,91.71
2004-07-01,108.50,108.50,108.50,108.50,000,92.14
2004-06-30,108.50,108.50,108.50,108.50,000,92.14
2004-06-29,109.80,109.80,109.80,109.80,000,93.24
2004-06-28,110.40,110.40,110.40,110.40,000,93.75
2004-06-25,110.00,110.00,110.00,110.00,000,93.41
2004-06-24,110.50,110.50,110.50,110.50,000,93.83
2004-06-23,109.00,109.00,109.00,109.00,000,92.56
2004-06-22,110.00,110.00,110.00,110.00,000,93.41
2004-06-21,112.00,112.00,112.00,112.00,000,95.11
2004-06-18,111.00,111.00,111.00,111.00,000,94.26
2004-06-17,110.00,111.00,110.00,111.00,000,94.26
2004-06-16,110.00,110.00,110.00,110.00,000,93.41
2004-06-15,110.00,110.00,110.00,110.00,000,93.41
2004-06-14,110.00,110.00,110.00,110.00,000,93.41
2004-06-11,110.00,110.00,110.00,110.00,000,93.41
2004-06-10,111.00,111.00,111.00,111.00,000,94.26
2004-06-09,111.00,111.00,111.00,111.00,000,94.26
2004-06-08,111.00,111.00,111.00,111.00,000,94.26
2004-06-07,111.00,111.00,111.00,111.00,000,94.26
2004-06-04,110.00,110.00,110.00,110.00,000,93.41
2004-06-03,110.50,110.50,110.50,110.50,000,93.83
2004-06-02,113.00,113.00,113.00,113.00,000,95.96
2004-06-01,113.00,113.00,113.00,113.00,000,95.96
2004-05-31,113.00,113.00,113.00,113.00,000,95.96
2004-05-28,112.00,112.00,112.00,112.00,000,95.11
2004-05-27,110.00,110.00,110.00,110.00,000,93.41
2004-05-26,110.00,110.00,110.00,110.00,000,93.41
2004-05-25,109.00,109.00,109.00,109.00,000,92.56
2004-05-24,112.00,112.00,112.00,112.00,000,95.11
2004-05-21,111.00,111.00,111.00,111.00,000,94.26
2004-05-20,111.20,111.20,111.20,111.20,000,94.43
2004-05-19,112.50,112.50,112.50,112.50,000,95.53
2004-05-18,113.00,113.00,113.00,113.00,000,95.96
2004-05-17,112.00,112.00,112.00,112.00,000,95.11
2004-05-14,113.00,113.00,113.00,113.00,000,95.96
2004-05-13,113.00,113.00,113.00,113.00,000,95.96
2004-05-12,115.00,115.00,115.00,115.00,000,97.66
2004-05-11,121.00,121.00,121.00,121.00,000,102.75
2004-05-10,122.00,122.00,122.00,122.00,000,103.60
2004-05-07,121.00,121.00,121.00,121.00,000,102.75
2004-05-06,122.00,122.00,122.00,122.00,000,103.60
2004-05-05,122.00,122.00,122.00,122.00,000,103.60
2004-05-04,122.00,122.00,122.00,122.00,000,103.60
2004-05-03,122.00,122.00,122.00,122.00,000,103.60
2004-04-30,124.00,124.00,124.00,124.00,000,105.30
2004-04-29,121.00,121.00,121.00,121.00,000,102.75
2004-04-28,123.50,123.50,123.50,123.50,000,104.87
2004-04-27,124.00,124.00,124.00,124.00,000,105.30
2004-04-26,121.00,121.00,121.00,121.00,000,102.75
2004-04-23,119.50,119.50,119.50,119.50,000,101.48
2004-04-22,119.50,119.50,119.50,119.50,000,101.48
2004-04-21,120.00,120.00,120.00,120.00,000,101.90
2004-04-20,120.00,120.00,120.00,120.00,000,101.90
2004-04-19,117.00,117.00,117.00,117.00,000,99.35
2004-04-16,119.00,119.00,119.00,119.00,000,101.05
2004-04-15,116.00,116.00,116.00,116.00,000,98.50
2004-04-14,116.00,116.00,116.00,116.00,000,98.50
2004-04-13,118.00,118.00,118.00,118.00,000,100.20
2004-04-08,118.00,118.00,118.00,118.00,000,100.20
2004-04-07,114.00,114.00,114.00,114.00,000,96.81
2004-04-06,115.00,115.00,115.00,115.00,000,97.66
2004-04-05,114.30,114.30,114.30,114.30,000,97.06
2004-04-02,111.50,111.50,111.50,111.50,000,94.68
2004-04-01,110.00,110.00,110.00,110.00,000,93.41
2004-03-31,110.50,110.50,110.50,110.50,000,93.83
2004-03-30,111.00,111.00,111.00,111.00,000,94.26
2004-03-29,111.60,111.60,111.60,111.60,000,94.77
2004-03-26,109.00,109.00,109.00,109.00,000,92.56
2004-03-25,111.00,111.00,111.00,111.00,000,94.26
2004-03-24,109.00,109.00,109.00,109.00,000,92.56
2004-03-23,110.00,110.00,110.00,110.00,000,90.23
2004-03-22,112.80,112.80,112.80,112.80,000,92.53
2004-03-19,112.50,112.50,112.50,112.50,000,92.29
2004-03-18,115.00,115.00,115.00,115.00,000,94.34
2004-03-17,115.00,115.00,115.00,115.00,000,94.34
2004-03-16,115.00,115.00,115.00,115.00,000,94.34
2004-03-15,118.00,118.00,118.00,118.00,000,96.80
2004-03-12,116.00,116.00,116.00,116.00,000,95.16
2004-03-11,117.00,117.00,117.00,117.00,000,95.98
2004-03-10,116.80,116.80,116.80,116.80,000,95.81
2004-03-09,117.90,117.90,117.90,117.90,000,96.72
2004-03-08,116.50,116.50,116.50,116.50,000,95.57
2004-03-05,116.50,116.50,116.50,116.50,000,95.57
2004-03-04,115.00,115.00,115.00,115.00,000,94.34
2004-03-03,117.00,117.00,117.00,117.00,000,95.98
2004-03-02,117.00,117.00,117.00,117.00,000,95.98
2004-03-01,117.30,117.30,117.30,117.30,000,96.22
2004-02-27,117.30,117.30,117.30,117.30,000,96.22
2004-02-26,114.00,114.00,114.00,114.00,000,93.52
2004-02-25,114.00,114.00,114.00,114.00,000,93.52
2004-02-24,115.00,115.00,115.00,115.00,000,94.34
2004-02-23,115.00,115.00,115.00,115.00,000,94.34
2004-02-20,114.20,114.20,114.20,114.20,000,93.68
2004-02-19,115.50,115.50,115.50,115.50,000,94.75
2004-02-18,116.20,116.20,116.20,116.20,000,95.32
2004-02-17,116.00,116.00,116.00,116.00,000,95.16
2004-02-16,114.00,114.00,114.00,114.00,000,93.52
2004-02-13,117.00,117.00,117.00,117.00,000,95.98
2004-02-12,117.30,117.30,117.30,117.30,000,96.22
2004-02-11,117.00,117.00,117.00,117.00,000,95.98
2004-02-10,117.00,117.00,117.00,117.00,000,95.98
2004-02-09,117.50,117.50,117.50,117.50,000,96.39
2004-02-06,118.60,118.60,118.60,118.60,000,97.29
2004-02-05,120.80,120.80,120.80,120.80,000,99.09
2004-02-04,119.80,119.80,119.80,119.80,100,98.27
2004-02-03,122.49,122.49,120.00,120.00,000,98.44
2004-02-02,117.60,117.60,117.60,117.60,000,96.47
2004-01-30,117.00,117.00,117.00,117.00,000,95.98
2004-01-29,117.00,117.00,117.00,117.00,000,95.98
2004-01-28,119.00,119.00,119.00,119.00,000,97.62
2004-01-27,116.00,116.00,116.00,116.00,000,95.16
2004-01-26,111.00,111.00,111.00,111.00,000,91.06
2004-01-23,110.00,110.00,110.00,110.00,000,90.23
2004-01-22,111.00,111.00,111.00,111.00,000,91.06
2004-01-21,110.00,110.00,110.00,110.00,000,90.23
2004-01-20,110.00,110.00,110.00,110.00,000,90.23
2004-01-19,108.00,108.00,108.00,108.00,000,88.59
2004-01-16,103.00,103.00,103.00,103.00,000,84.49
2004-01-15,107.00,107.00,107.00,107.00,000,87.77
2004-01-14,107.00,107.00,107.00,107.00,000,87.77
2004-01-13,106.00,106.00,106.00,106.00,000,86.95
2004-01-12,109.00,109.00,109.00,109.00,000,89.41
2004-01-09,110.00,110.00,110.00,110.00,000,90.23
2004-01-08,111.65,111.65,111.65,111.65,000,91.59
2004-01-07,110.00,110.00,110.00,110.00,000,90.23
2004-01-06,111.00,111.00,111.00,111.00,000,91.06
2004-01-05,110.00,110.00,110.00,110.00,000,90.23
2004-01-02,110.00,110.00,110.00,110.00,000,90.23
2003-12-30,111.00,111.00,111.00,111.00,100,91.06
2003-12-29,114.00,114.00,114.00,114.00,000,93.52
2003-12-23,113.00,113.00,113.00,113.00,100,92.70
2003-12-22,114.70,114.70,114.70,114.70,000,94.09
2003-12-19,115.00,115.00,115.00,115.00,000,94.34
2003-12-18,111.00,111.00,111.00,111.00,000,91.06
2003-12-17,111.00,111.00,111.00,111.00,000,91.06
2003-12-16,111.00,111.00,111.00,111.00,000,91.06
2003-12-15,112.00,112.00,112.00,112.00,000,91.88
2003-12-12,112.00,112.00,112.00,112.00,000,91.88
2003-12-11,111.00,111.00,111.00,111.00,000,91.06
2003-12-10,110.00,110.00,110.00,110.00,000,90.23
2003-12-09,110.50,110.50,110.50,110.50,000,90.64
2003-12-08,111.00,111.00,111.00,111.00,000,91.06
2003-12-05,110.60,110.60,110.60,110.60,000,90.73
2003-12-04,110.30,110.30,110.30,110.30,000,90.48
2003-12-03,111.30,111.30,111.00,111.00,100,91.06
2003-12-02,111.80,111.80,111.80,111.80,000,91.71
2003-12-01,111.90,111.90,111.90,111.90,000,91.79
2003-11-28,113.00,113.00,113.00,113.00,000,92.70
2003-11-27,112.50,112.50,112.50,112.50,000,92.29
2003-11-26,112.00,112.00,112.00,112.00,000,91.88
2003-11-25,113.10,113.10,113.10,113.10,000,92.78
2003-11-24,114.00,114.00,114.00,114.00,000,93.52
2003-11-21,111.80,111.80,111.80,111.80,000,91.71
2003-11-20,112.20,112.20,112.20,112.20,000,92.04
2003-11-19,113.90,113.90,113.90,113.90,000,93.43
2003-11-18,114.80,114.80,114.80,114.80,000,94.17
2003-11-17,113.10,113.10,113.10,113.10,000,92.78
2003-11-14,113.10,113.10,113.10,113.10,000,92.78
2003-11-13,110.10,110.10,110.10,110.10,000,90.32
2003-11-12,107.90,107.90,107.90,107.90,000,88.51
2003-11-11,106.30,106.30,106.30,106.30,000,87.20
2003-11-10,109.40,109.40,107.00,107.00,000,87.77
2003-11-07,107.20,107.20,107.20,107.20,000,87.94
2003-11-06,109.30,109.30,109.30,109.30,000,89.66
2003-11-05,106.00,106.00,106.00,106.00,000,86.95
2003-11-04,110.40,110.40,110.40,110.40,000,90.56
2003-11-03,107.20,107.20,107.20,107.20,000,87.94
2003-10-31,108.50,108.50,108.50,108.50,000,89.00
2003-10-30,106.20,106.20,106.20,106.20,000,87.12
2003-10-29,108.10,108.10,108.10,108.10,000,88.68
2003-10-28,110.40,110.40,110.40,110.40,000,90.56
2003-10-27,109.70,109.70,109.70,109.70,000,89.99
2003-10-24,106.80,106.80,106.80,106.80,000,87.61
2003-10-23,106.50,106.50,106.50,106.50,000,87.36
2003-10-22,108.40,108.40,108.40,108.40,000,88.92
2003-10-21,107.90,107.90,107.90,107.90,000,88.51
2003-10-20,106.80,106.80,106.80,106.80,000,87.61
2003-10-17,109.40,109.40,109.40,109.40,000,89.74
2003-10-16,107.80,107.80,107.80,107.80,000,88.43
2003-10-15,108.70,108.70,108.70,108.70,000,89.17
2003-10-14,108.10,108.10,108.10,108.10,000,88.68
2003-10-13,107.10,107.10,107.10,107.10,000,87.86
2003-10-10,108.40,108.40,108.40,108.40,000,88.92
2003-10-09,104.90,104.90,104.90,104.90,000,86.05
2003-10-08,106.60,106.60,106.60,106.60,000,87.45
2003-10-07,106.70,106.70,106.70,106.70,000,87.53
2003-10-06,110.00,110.00,110.00,110.00,000,90.23
2003-10-03,103.90,103.90,103.90,103.90,000,85.23
2003-10-02,105.50,105.50,105.50,105.50,000,86.54
2003-10-01,105.10,105.10,105.10,105.10,000,86.22
2003-09-30,104.50,104.50,104.50,104.50,000,85.72
2003-09-29,105.20,105.20,105.20,105.20,000,86.30
2003-09-26,107.30,107.30,107.30,107.30,000,88.02
2003-09-25,107.00,107.00,107.00,107.00,000,87.77
2003-09-24,107.50,107.50,107.50,107.50,000,88.18
2003-09-23,107.40,107.40,107.40,107.40,000,88.10
2003-09-22,109.00,109.00,109.00,109.00,000,89.41
2003-09-19,110.30,110.30,110.30,110.30,000,90.48
2003-09-18,111.80,111.80,111.80,111.80,000,91.71
2003-09-17,111.30,111.30,111.30,111.30,000,91.30
2003-09-16,110.60,110.60,110.60,110.60,000,90.73
2003-09-15,109.40,109.40,109.40,109.40,000,89.74
2003-09-12,110.00,110.00,110.00,110.00,000,90.23
2003-09-11,107.50,107.50,107.50,107.50,000,88.18
2003-09-10,108.70,108.70,108.70,108.70,000,89.17
2003-09-09,109.50,109.50,109.50,109.50,000,89.82
2003-09-08,110.50,110.50,110.50,110.50,000,90.64
2003-09-05,109.40,109.40,109.40,109.40,000,89.74
2003-09-04,110.70,110.70,110.70,110.70,000,90.81
2003-09-03,108.60,108.60,108.60,108.60,000,89.09
2003-09-02,106.90,106.90,106.90,106.90,000,87.69
2003-09-01,106.70,106.70,106.70,106.70,000,87.53
2003-08-29,109.00,109.00,109.00,109.00,000,89.41
2003-08-28,112.40,112.40,112.40,112.40,000,92.20
2003-08-27,110.70,110.70,110.70,110.70,000,90.81
2003-08-26,112.00,112.00,112.00,112.00,000,91.88
2003-08-25,112.80,112.80,112.80,112.80,000,92.53
2003-08-22,114.70,114.70,114.70,114.70,000,94.09
2003-08-21,110.00,110.00,110.00,110.00,000,90.23
2003-08-20,111.40,111.40,111.40,111.40,000,91.38
2003-08-19,113.00,113.00,113.00,113.00,000,92.70
2003-08-18,113.20,113.20,113.20,113.20,000,92.86
2003-08-15,111.90,111.90,111.90,111.90,000,91.79
2003-08-14,110.50,110.50,110.50,110.50,000,90.64
2003-08-13,111.30,111.30,111.30,111.30,000,91.30
2003-08-12,111.60,111.60,111.60,111.60,000,91.55
2003-08-11,111.60,111.60,111.60,111.60,000,91.55
2003-08-08,111.00,111.00,111.00,111.00,000,91.06
2003-08-07,110.70,110.70,110.70,110.70,000,90.81
2003-08-06,112.10,112.10,112.10,112.10,000,91.96
2003-08-05,113.50,113.50,113.50,113.50,000,93.11
2003-08-04,112.90,112.90,112.90,112.90,000,92.61
2003-08-01,115.40,115.40,115.40,115.40,000,94.66
2003-07-31,112.80,112.80,112.80,112.80,000,92.53
2003-07-30,111.60,111.60,111.60,111.60,000,91.55
2003-07-29,111.10,111.10,111.10,111.10,000,91.14
2003-07-28,111.00,111.00,111.00,111.00,000,91.06
2003-07-25,111.40,111.40,111.40,111.40,000,91.38
2003-07-24,110.50,110.50,110.50,110.50,000,90.64
2003-07-23,108.60,108.60,108.60,108.60,000,89.09
2003-07-22,107.00,107.50,107.00,107.50,000,88.18
2003-07-21,108.50,108.50,108.50,108.50,000,89.00
2003-07-18,108.50,108.50,108.50,108.50,000,89.00
2003-07-17,109.00,109.00,109.00,109.00,000,89.41
2003-07-16,111.70,111.70,111.70,111.70,000,91.63
2003-07-15,110.70,110.70,110.70,110.70,000,90.81
2003-07-14,112.10,112.10,112.10,112.10,000,91.96
2003-07-11,109.10,109.10,109.10,109.10,000,89.50
2003-07-10,112.70,112.70,112.70,112.70,000,92.45
2003-07-09,108.00,108.00,108.00,108.00,000,88.59
2003-07-08,108.10,108.10,108.10,108.10,000,88.68
2003-07-07,102.60,102.60,102.60,102.60,000,84.16
2003-07-04,106.40,106.40,106.40,106.40,000,87.28
2003-07-03,108.20,108.20,108.20,108.20,000,88.76
2003-07-02,106.30,106.30,106.30,106.30,000,87.20
2003-07-01,107.00,107.00,107.00,107.00,000,87.77
2003-06-30,105.90,105.90,105.90,105.90,000,86.87
2003-06-27,107.60,107.60,107.60,107.60,000,88.27
2003-06-26,104.50,104.50,104.50,104.50,000,85.72
2003-06-25,106.10,106.10,106.10,106.10,000,87.04
2003-06-24,106.00,106.00,106.00,106.00,000,86.95
2003-06-23,108.00,108.00,108.00,108.00,000,88.59
2003-06-20,108.60,108.60,108.60,108.60,000,89.09
2003-06-19,109.60,109.60,109.60,109.60,000,89.91
2003-06-18,109.40,109.40,109.40,109.40,000,89.74
2003-06-17,107.90,107.90,107.90,107.90,000,88.51
2003-06-16,105.30,105.30,105.30,105.30,000,86.38
2003-06-13,106.20,106.20,106.20,106.20,000,87.12
2003-06-12,106.00,106.00,106.00,106.00,000,86.95
2003-06-11,103.50,103.50,103.50,103.50,000,84.90
2003-06-10,103.90,103.90,103.90,103.90,000,85.23
2003-06-09,105.20,105.20,105.20,105.20,000,86.30
2003-06-06,103.70,103.70,103.70,103.70,000,85.07
2003-06-05,107.00,107.00,107.00,107.00,000,87.77
2003-06-04,101.40,101.40,101.40,101.40,000,83.18
2003-06-03,107.70,107.70,107.70,107.70,000,88.35
2003-06-02,104.00,104.00,104.00,104.00,000,85.31
2003-05-30,104.00,104.00,104.00,104.00,000,85.31
2003-05-29,101.00,101.00,101.00,101.00,000,82.85
2003-05-28,101.80,101.80,101.80,101.80,000,83.51
2003-05-27,100.20,100.20,100.20,100.20,000,82.20
2003-05-26,100.40,100.40,100.40,100.40,000,82.36
2003-05-23,103.80,103.80,103.80,103.80,000,85.15
2003-05-22,97.90,97.90,97.90,97.90,000,80.31
2003-05-21,97.00,97.00,97.00,97.00,000,79.57
2003-05-20,94.90,94.90,94.90,94.90,000,77.85
2003-05-19,91.80,91.80,91.80,91.80,000,75.31
2003-05-16,91.50,91.50,91.50,91.50,000,75.06
2003-05-15,89.60,89.60,89.60,89.60,000,73.50
2003-05-14,92.30,92.30,92.30,92.30,000,75.72
2003-05-13,86.80,86.80,86.80,86.80,000,71.20
2003-05-12,91.30,91.30,91.30,91.30,000,74.89
2003-05-09,92.00,92.00,92.00,92.00,000,75.47
2003-05-08,91.90,91.90,91.90,91.90,000,75.39
2003-05-07,93.10,93.10,93.10,93.10,000,76.37
2003-05-06,92.40,92.40,92.40,92.40,000,75.80
2003-05-05,92.60,92.60,92.60,92.60,000,75.96
2003-05-02,92.30,92.30,92.30,92.30,000,75.72
2003-04-30,90.30,90.30,90.30,90.30,000,74.07
2003-04-29,93.00,93.00,93.00,93.00,000,76.29
2003-04-28,92.50,92.50,92.50,92.50,000,75.88
2003-04-25,90.60,90.60,90.60,90.60,000,74.32
2003-04-24,91.80,91.80,91.80,91.80,000,75.31
2003-04-23,89.90,89.90,89.90,89.90,000,73.75
2003-04-22,88.90,88.90,88.90,88.90,000,72.93
2003-04-17,91.60,91.60,91.60,91.60,000,75.14
2003-04-16,93.70,93.70,93.70,93.70,000,76.86
2003-04-15,91.90,91.90,91.90,91.90,000,75.39
2003-04-14,94.70,94.70,94.70,94.70,000,77.68
2003-04-11,90.20,90.20,90.20,90.20,000,73.99
2003-04-10,94.00,94.00,94.00,94.00,000,77.11
2003-04-09,92.00,92.00,92.00,92.00,000,75.47
2003-04-08,92.20,92.20,92.20,92.20,000,75.63
2003-04-07,94.10,94.10,94.10,94.10,000,77.19
2003-04-04,89.60,89.60,89.60,89.60,000,73.50
2003-04-03,91.30,91.30,91.30,91.30,000,74.89
2003-04-02,89.50,89.50,89.50,89.50,000,73.42
2003-04-01,84.70,84.70,84.70,84.70,000,69.48
2003-03-31,90.80,90.80,90.80,90.80,000,74.48
2003-03-28,88.00,88.00,88.00,88.00,000,72.19
2003-03-27,94.00,94.00,94.00,94.00,000,77.11
2003-03-26,95.70,95.70,95.70,95.70,000,78.50
2003-03-25,92.30,92.30,92.30,92.30,000,75.72
2003-03-24,97.70,97.70,97.70,97.70,000,80.14
2003-03-21,97.60,97.60,97.60,97.60,000,80.06
2003-03-20,95.20,95.20,95.20,95.20,000,78.09
2003-03-19,95.10,95.10,95.10,95.10,000,78.01
2003-03-18,92.10,92.10,92.10,92.10,000,75.55
2003-03-17,88.00,88.00,88.00,88.00,000,72.19
2003-03-14,85.80,85.80,85.80,85.80,000,70.38
2003-03-13,82.20,82.20,82.20,82.20,000,67.43
2003-03-12,83.70,83.70,83.70,83.70,000,68.66
2003-03-11,89.20,89.20,89.20,89.20,000,73.17
2003-03-10,89.00,89.00,89.00,89.00,000,73.01
2003-03-07,87.30,87.30,87.30,87.30,000,71.61
2003-03-06,90.00,90.00,90.00,90.00,000,73.83
2003-03-05,90.40,90.40,90.40,90.40,000,74.16
2003-03-04,92.60,92.60,92.60,92.60,000,75.96
2003-03-03,90.90,90.90,90.90,90.90,000,74.57
2003-02-28,90.60,90.60,90.60,90.60,000,74.32
2003-02-27,92.30,92.30,92.30,92.30,000,75.72
2003-02-26,88.90,88.90,88.90,88.90,000,72.93
2003-02-25,91.60,91.60,91.60,91.60,000,75.14
2003-02-24,93.10,93.10,93.10,93.10,000,76.37
2003-02-21,91.90,91.90,91.90,91.90,000,75.39
2003-02-20,91.60,91.60,91.60,91.60,000,75.14
2003-02-19,95.00,95.00,95.00,95.00,000,77.93
2003-02-18,96.30,96.30,96.30,96.30,000,79.00
2003-02-17,95.00,95.00,95.00,95.00,000,77.93
2003-02-14,95.50,95.50,95.50,95.50,000,78.34
2003-02-13,97.00,97.00,97.00,97.00,000,79.57
2003-02-12,101.50,101.50,101.50,101.50,000,83.26
2003-02-11,104.30,104.30,104.30,104.30,000,85.56
2003-02-10,105.00,105.00,105.00,105.00,000,86.13
2003-02-07,105.00,105.00,105.00,105.00,000,86.13
2003-02-06,104.00,104.00,104.00,104.00,000,85.31
2003-02-05,105.00,105.00,105.00,105.00,000,86.13
2003-02-04,105.00,105.00,105.00,105.00,000,86.13
2003-02-03,105.40,105.40,105.40,105.40,000,86.46
2003-01-31,105.00,105.00,105.00,105.00,000,86.13
2003-01-30,107.10,107.10,107.10,107.10,000,87.86
2003-01-29,108.00,108.00,108.00,108.00,000,88.59
2003-01-28,110.30,110.30,110.30,110.30,000,90.48
2003-01-27,119.30,119.30,119.30,119.30,000,97.86
2003-01-24,118.00,118.00,118.00,118.00,000,96.80
2003-01-23,123.00,123.00,123.00,123.00,000,100.90
2003-01-22,123.10,123.10,123.10,123.10,000,100.98
2003-01-21,122.50,122.50,122.50,122.50,000,100.49
2003-01-20,123.40,123.40,123.40,123.40,000,101.23
2003-01-17,123.00,123.00,123.00,123.00,000,100.90
2003-01-16,126.40,126.40,126.40,126.40,000,103.69
2003-01-15,126.20,126.20,126.20,126.20,000,103.52
2003-01-14,122.00,122.00,122.00,122.00,000,100.08
2003-01-13,125.80,125.80,125.80,125.80,000,103.20
2003-01-10,123.30,123.30,123.30,123.30,000,101.14
2003-01-09,123.00,123.00,123.00,123.00,000,100.90
2003-01-08,122.00,122.00,122.00,122.00,000,100.08
2003-01-07,124.00,124.00,124.00,124.00,000,101.72
2003-01-06,121.00,121.00,121.00,121.00,000,99.26
2003-01-03,120.00,120.00,120.00,120.00,000,98.44
2003-01-02,120.50,120.50,120.50,120.50,000,98.85
2002-12-30,119.00,119.00,119.00,119.00,000,97.62
2002-12-27,123.10,123.10,123.10,123.10,000,100.98
2002-12-23,122.00,122.00,122.00,122.00,000,100.08
2002-12-20,120.00,120.00,120.00,120.00,000,98.44
2002-12-19,120.00,120.00,120.00,120.00,000,98.44
2002-12-18,122.70,122.70,122.70,122.70,000,100.65
2002-12-17,121.90,121.90,121.90,121.90,000,100.00
2002-12-16,121.30,121.30,121.30,121.30,000,99.50
2002-12-13,122.40,122.40,122.40,122.40,000,100.41
2002-12-12,122.20,122.20,122.20,122.20,000,100.24
2002-12-11,119.00,119.00,119.00,119.00,000,97.62
2002-12-10,119.40,119.40,119.40,119.40,000,97.95
2002-12-09,119.00,119.00,119.00,119.00,000,97.62
2002-12-06,123.00,123.00,123.00,123.00,000,100.90
2002-12-05,123.10,123.10,123.10,123.10,000,100.98
2002-12-04,122.70,122.70,122.70,122.70,000,100.65
2002-12-03,125.20,125.20,125.20,125.20,000,102.70
2002-12-02,125.70,125.70,125.70,125.70,000,103.11
2002-11-29,127.00,127.00,127.00,127.00,000,104.18
2002-11-28,128.70,128.70,128.70,128.70,000,105.57
2002-11-27,126.60,126.60,126.60,126.60,000,103.85
2002-11-26,128.60,128.60,128.60,128.60,000,105.49
2002-11-25,128.80,128.80,128.80,128.80,000,105.66
2002-11-22,127.80,127.80,127.80,127.80,000,104.84
2002-11-21,127.00,127.00,124.00,124.00,000,101.72
2002-11-20,129.90,129.90,129.90,129.90,000,106.56
2002-11-19,126.70,126.70,126.70,126.70,000,103.93
2002-11-18,132.90,132.90,132.90,132.90,000,109.02
2002-11-15,124.80,124.80,124.80,124.80,000,102.38
2002-11-14,121.40,121.40,121.40,121.40,000,99.59
2002-11-13,121.00,121.00,121.00,121.00,000,99.26
2002-11-12,118.90,118.90,118.90,118.90,000,97.54
2002-11-11,120.30,120.30,120.30,120.30,000,98.68
2002-11-08,118.80,118.80,118.80,118.80,000,97.45
2002-11-07,120.20,120.20,120.20,120.20,000,98.60
2002-11-06,119.90,119.90,119.90,119.90,000,98.36
2002-11-05,118.70,118.70,118.70,118.70,000,97.37
2002-11-04,118.90,118.90,118.50,118.50,000,97.21
2002-11-01,119.60,119.60,119.60,119.60,000,98.11
2002-10-31,119.40,119.40,119.40,119.40,000,97.95
2002-10-30,117.00,117.00,117.00,117.00,000,95.98
2002-10-29,118.00,118.00,118.00,118.00,000,96.80
2002-10-28,120.00,120.00,120.00,120.00,000,98.44
2002-10-25,120.30,120.30,120.30,120.30,000,98.68
2002-10-24,118.10,118.10,118.10,118.10,000,96.88
2002-10-23,119.20,119.20,119.20,119.20,000,97.78
2002-10-22,118.30,118.30,118.30,118.30,000,97.04
2002-10-21,119.60,119.60,119.60,119.60,000,98.11
2002-10-18,118.70,118.70,118.70,118.70,000,97.37
2002-10-17,119.00,119.00,119.00,119.00,000,97.62
2002-10-16,115.40,115.40,115.40,115.40,000,94.66
2002-10-15,113.00,113.00,113.00,113.00,000,92.70
2002-10-14,113.90,113.90,113.90,113.90,000,93.43
2002-10-11,110.00,110.00,110.00,110.00,000,90.23
2002-10-10,110.00,110.00,110.00,110.00,000,90.23
2002-10-09,112.00,112.00,112.00,112.00,000,91.88
2002-10-08,110.80,110.80,110.80,110.80,000,90.89
2002-10-07,113.60,113.60,113.60,113.60,000,93.19
2002-10-04,112.50,112.50,112.50,112.50,000,92.29
2002-10-03,114.50,114.50,114.50,114.50,000,93.93
2002-10-02,113.60,113.60,113.60,113.60,000,93.19
2002-10-01,114.10,114.10,114.10,114.10,000,93.60
2002-09-30,112.70,112.70,112.70,112.70,000,92.45
2002-09-27,113.00,113.00,113.00,113.00,000,92.70
2002-09-26,115.40,115.40,115.40,115.40,000,94.66
2002-09-25,112.30,112.30,112.30,112.30,000,92.12
2002-09-24,111.30,111.30,111.30,111.30,000,91.30
2002-09-23,112.70,112.70,112.70,112.70,000,92.45
2002-09-20,113.00,113.00,113.00,113.00,000,92.70
2002-09-19,112.60,112.60,112.60,112.60,000,92.37
2002-09-18,112.00,112.00,112.00,112.00,000,91.88
2002-09-17,115.50,115.50,115.50,115.50,000,94.75
2002-09-16,115.20,115.20,115.20,115.20,000,94.50
2002-09-13,114.70,114.70,114.70,114.70,000,94.09
2002-09-12,115.30,115.30,115.30,115.30,000,94.58
2002-09-11,112.90,112.90,112.90,112.90,000,92.61
2002-09-10,115.30,115.30,115.30,115.30,000,94.58
2002-09-09,113.60,113.60,113.60,113.60,000,93.19
2002-09-06,112.90,112.90,112.90,112.90,000,92.61
2002-09-05,114.90,114.90,114.90,114.90,000,94.25
2002-09-04,115.90,115.90,115.90,115.90,000,95.07
2002-09-03,116.50,116.50,115.00,115.00,000,94.34
2002-09-02,117.00,117.00,117.00,117.00,000,95.98
2002-08-30,118.00,118.00,118.00,118.00,000,96.80
2002-08-29,120.00,120.00,120.00,120.00,000,98.44
2002-08-28,123.00,123.00,123.00,123.00,000,100.90
2002-08-27,122.00,122.00,122.00,122.00,000,100.08
2002-08-26,122.00,122.00,122.00,122.00,000,100.08
2002-08-23,121.00,121.00,121.00,121.00,000,99.26
2002-08-22,122.50,122.50,122.50,122.50,000,100.49
2002-08-21,120.80,120.80,120.80,120.80,000,99.09
2002-08-20,123.00,123.00,120.50,120.50,000,98.85
2002-08-19,121.00,121.00,121.00,121.00,000,99.26
2002-08-16,122.00,122.00,122.00,122.00,000,100.08
2002-08-15,122.00,122.00,122.00,122.00,000,100.08
2002-08-14,120.00,120.00,120.00,120.00,000,98.44
2002-08-13,120.00,120.00,120.00,120.00,000,98.44
2002-08-12,118.00,118.00,118.00,118.00,000,96.80
2002-08-09,121.00,121.00,119.00,119.00,000,97.62
2002-08-08,117.00,117.00,117.00,117.00,000,95.98
2002-08-07,118.00,118.00,118.00,118.00,000,96.80
2002-08-06,114.00,114.00,114.00,114.00,000,93.52
2002-08-05,113.00,113.00,113.00,113.00,000,92.70
2002-08-02,114.00,114.00,114.00,114.00,000,93.52
2002-08-01,114.00,114.00,114.00,114.00,000,93.52
2002-07-31,112.00,112.00,112.00,112.00,000,91.88
2002-07-30,111.00,111.00,111.00,111.00,000,91.06
2002-07-29,108.00,108.00,108.00,108.00,000,88.59
2002-07-26,105.00,105.00,105.00,105.00,000,86.13
2002-07-25,105.00,105.00,105.00,105.00,000,86.13
2002-07-24,103.00,103.00,103.00,103.00,000,84.49
2002-07-23,106.00,106.00,106.00,106.00,000,86.95
2002-07-22,111.50,111.50,111.50,111.50,000,91.47
2002-07-19,114.50,114.50,114.50,114.50,000,93.93
2002-07-18,118.00,118.00,118.00,118.00,000,96.80
2002-07-17,115.00,115.00,115.00,115.00,000,94.34
2002-07-16,117.00,117.00,117.00,117.00,000,95.98
2002-07-15,126.80,126.80,126.80,126.80,000,104.02
2002-07-12,122.80,122.80,122.80,122.80,000,100.73
2002-07-11,120.30,120.30,120.30,120.30,000,98.68
