Date,Open,High,Low,Close,Volume,Adj_Close
2016-04-01,68.379997,70.360001,68.230003,70.290001,684900,70.290001
2016-03-31,69.790001,69.949997,68.910004,69.190002,443900,69.190002
2016-03-30,70.489998,70.830002,69.730003,69.970001,518600,69.970001
2016-03-29,68.099998,70.040001,67.730003,70.019997,557200,70.019997
2016-03-28,68.690002,69.199997,67.849998,68.739998,431600,68.739998
2016-03-24,67.25,68.339996,66.860001,68.339996,559800,68.339996
2016-03-23,69.160004,69.279999,67.769997,67.889999,577800,67.889999
2016-03-22,68.889999,69.889999,68.400002,69.160004,375900,69.160004
2016-03-21,69.540001,69.889999,68.160004,69.339996,694300,69.339996
2016-03-18,70.110001,71.339996,69.790001,70.260002,825100,70.260002
2016-03-17,68.099998,70.25,67.389999,70.129997,712700,70.129997
2016-03-16,67.239998,67.959999,66.690002,67.650002,896500,67.650002
2016-03-15,66.360001,67.93,65.879997,67.260002,562700,67.260002
2016-03-14,66.43,67.860001,66.339996,67.239998,561400,67.239998
2016-03-11,66.989998,67.529999,66.110001,67.080002,541900,67.080002
2016-03-10,65.449997,66.639999,65.00,66.580002,765000,66.580002
2016-03-09,64.620003,65.989998,63.830002,65.220001,666300,65.220001
2016-03-08,65.07,65.82,63.799999,64.629997,719900,64.229999
2016-03-07,64.330002,65.610001,63.52,65.580002,852100,65.174124
2016-03-04,65.849998,65.849998,63.32,63.959999,1287800,63.564148
2016-03-03,66.00,66.809998,64.93,65.160004,870500,64.756725
2016-03-02,63.25,65.870003,62.759998,65.830002,1246800,65.422577
2016-03-01,61.880001,63.75,60.939999,63.110001,759000,62.71941
2016-02-29,60.529999,61.720001,60.07,60.889999,385200,60.513148
2016-02-26,60.91,61.310001,60.040001,60.34,423300,59.966553
2016-02-25,59.540001,60.459999,59.18,60.43,413800,60.055996
2016-02-24,58.540001,59.720001,58.060001,59.560001,524700,59.191382
2016-02-23,59.57,60.740002,59.040001,59.299999,685800,58.932989
2016-02-22,60.220001,60.900002,59.459999,59.990002,513400,59.618721
2016-02-19,59.220001,60.220001,58.310001,59.450001,788000,59.082062
2016-02-18,61.00,61.00,59.169998,59.889999,961100,59.519337
2016-02-17,59.759998,60.73,59.200001,60.470001,1096700,60.095749
2016-02-16,59.450001,59.98,58.549999,58.970001,771600,58.605033
2016-02-12,57.209999,58.93,56.810001,58.860001,486900,58.495713
2016-02-11,56.34,56.950001,55.639999,56.259998,438100,55.911802
2016-02-10,57.669998,58.360001,57.040001,57.25,437500,56.895677
2016-02-09,57.09,58.00,56.450001,57.459999,620000,57.104376
2016-02-08,57.00,58.169998,57.00,57.869999,519700,57.511839
2016-02-05,57.73,59.07,57.50,57.650002,467700,57.293203
2016-02-04,58.389999,59.93,57.869999,58.400002,732700,58.038561
2016-02-03,57.080002,58.00,55.91,57.57,560700,57.213696
2016-02-02,55.66,56.540001,55.41,56.48,549600,56.130442
2016-02-01,56.66,56.880001,55.700001,56.669998,473600,56.319265
2016-01-29,54.310001,57.040001,54.310001,56.939999,850000,56.587594
2016-01-28,54.59,54.779999,53.470001,54.48,603400,54.14282
2016-01-27,53.790001,54.630001,53.310001,53.619999,422400,53.288142
2016-01-26,53.220001,54.650002,52.91,54.610001,883400,54.272017
2016-01-25,53.380001,53.98,52.080002,52.389999,535100,52.065755
2016-01-22,53.459999,53.990002,53.00,53.73,517700,53.397462
2016-01-21,51.970001,53.389999,51.700001,52.75,701800,52.423528
2016-01-20,50.619999,52.099998,50.080002,51.75,1068100,51.429717
2016-01-19,53.450001,53.939999,51.349998,51.790001,717500,51.46947
2016-01-15,53.099998,53.099998,51.669998,52.48,789300,52.155198
2016-01-14,53.630001,54.669998,52.950001,54.330002,524200,53.993751
2016-01-13,54.700001,55.220001,52.880001,53.290001,479700,52.960187
2016-01-12,54.68,54.68,52.990002,54.290001,439800,53.953997
2016-01-11,54.279999,54.400002,53.259998,54.18,483000,53.844678
2016-01-08,56.310001,56.650002,53.73,53.799999,742200,53.467028
2016-01-07,56.799999,57.23,55.689999,56.27,880200,55.921743
2016-01-06,57.93,58.68,57.59,58.00,477000,57.641035
2016-01-05,57.450001,58.919998,57.43,58.740002,451400,58.376457
2016-01-04,57.150002,57.799999,56.610001,57.450001,432000,57.09444
2015-12-31,58.299999,58.720001,57.91,57.91,287900,57.551592
2015-12-30,58.049999,58.779999,57.779999,58.439999,277800,58.078311
2015-12-29,58.639999,59.060001,57.799999,58.450001,342800,58.088251
2015-12-28,58.25,58.419998,57.400002,58.16,321800,57.800045
2015-12-24,58.720001,59.189999,58.18,58.790001,129500,58.426147
2015-12-23,59.099998,59.830002,58.299999,58.799999,375100,58.436083
2015-12-22,57.119999,58.779999,57.099998,58.450001,386200,58.088251
2015-12-21,56.52,57.540001,56.509998,57.029999,629900,56.677037
2015-12-18,55.98,56.369999,55.700001,56.00,995500,55.653413
2015-12-17,56.09,56.310001,55.380001,55.98,446600,55.633537
2015-12-16,56.369999,56.860001,55.700001,56.57,469100,56.219885
2015-12-15,57.040001,57.040001,55.43,56.23,825800,55.881989
2015-12-14,56.610001,57.169998,55.580002,56.509998,566800,56.160255
2015-12-11,57.09,58.02,56.560001,56.84,448500,56.488215
2015-12-10,56.650002,59.00,56.299999,58.060001,460600,57.700665
2015-12-09,57.09,58.040001,56.07,56.549999,562700,56.200009
2015-12-08,55.619999,56.91,55.00,56.75,962700,56.398772
2015-12-07,57.919998,58.009998,56.580002,56.959999,253500,56.607471
2015-12-04,58.450001,58.849998,58.00,58.509998,360300,58.147877
2015-12-03,59.57,59.990002,58.02,58.43,369400,58.068374
2015-12-02,59.529999,59.75,59.02,59.240002,370500,58.873362
2015-12-01,59.00,60.00,58.799999,59.950001,316800,59.578967
2015-11-30,58.509998,59.50,58.060001,58.810001,380100,58.446023
2015-11-27,58.07,58.93,57.810001,58.599998,141800,58.23732
2015-11-25,58.860001,59.150002,58.189999,58.369999,194300,58.008744
2015-11-24,56.950001,59.380001,56.950001,59.060001,463200,58.694476
2015-11-23,58.32,58.639999,57.09,57.150002,356400,56.796297
2015-11-20,59.32,59.470001,57.84,58.189999,302900,57.829858
2015-11-19,58.950001,59.470001,58.560001,58.919998,506600,58.555339
2015-11-18,57.00,59.25,56.740002,59.23,440200,58.863422
2015-11-17,58.07,58.07,56.700001,56.82,349700,56.070813
2015-11-16,57.240002,58.220001,56.959999,57.98,405700,57.215518
2015-11-13,57.02,58.00,56.720001,57.32,358600,56.56422
2015-11-12,56.950001,57.779999,56.73,56.900002,535200,56.14976
2015-11-11,58.970001,59.849998,57.919998,58.310001,292900,57.541169
2015-11-10,57.759998,58.560001,57.759998,58.560001,376300,57.787872
2015-11-09,59.389999,59.389999,57.720001,58.200001,353100,57.432618
2015-11-06,59.09,59.549999,58.25,59.490002,295800,58.70561
2015-11-05,59.59,59.91,58.799999,59.349998,406100,58.567453
2015-11-04,60.48,60.790001,59.27,60.00,428600,59.208884
2015-11-03,61.099998,61.66,59.93,60.18,568900,59.386511
2015-11-02,59.990002,61.740002,59.75,61.330002,589600,60.52135
2015-10-30,59.73,60.389999,58.970001,59.959999,465200,59.169411
2015-10-29,59.860001,60.59,59.23,59.279999,405200,58.498376
2015-10-28,59.450001,60.73,58.990002,60.439999,546800,59.643081
2015-10-27,59.110001,59.900002,58.689999,59.470001,486500,58.685874
2015-10-26,60.59,60.849998,59.290001,59.360001,467600,58.577323
2015-10-23,61.00,61.75,60.18,60.73,723100,59.929259
2015-10-22,57.73,60.759998,57.150002,60.599998,1332400,59.800972
2015-10-21,56.919998,57.200001,55.689999,55.779999,947900,55.044525
2015-10-20,56.450001,57.290001,56.110001,56.73,525700,55.982
2015-10-19,58.099998,58.220001,56.43,56.630001,683300,55.88332
2015-10-16,59.419998,59.540001,57.950001,58.279999,619100,57.511562
2015-10-15,58.43,59.419998,57.779999,59.380001,486200,58.59706
2015-10-14,58.970001,59.110001,57.849998,58.279999,547900,57.511562
2015-10-13,57.209999,58.82,56.740002,58.439999,769200,57.669452
2015-10-12,57.93,58.16,57.09,58.009998,781700,57.245121
2015-10-09,57.950001,58.490002,56.970001,57.57,1023700,56.810924
2015-10-08,56.41,57.599998,56.240002,57.259998,987700,56.50501
2015-10-07,58.200001,58.380001,55.27,56.889999,1234800,56.13989
2015-10-06,56.720001,57.200001,56.18,57.139999,567800,56.386593
2015-10-05,56.529999,56.959999,55.970001,56.669998,752300,55.922789
2015-10-02,54.709999,55.720001,54.240002,55.720001,715800,54.985318
2015-10-01,54.470001,55.169998,53.990002,54.900002,777700,54.176131
2015-09-30,54.110001,54.57,53.419998,54.009998,1258200,53.297862
2015-09-29,53.860001,54.080002,53.259998,53.459999,1551800,52.755115
2015-09-28,54.209999,54.50,53.310001,53.349998,886900,52.646565
2015-09-25,55.41,55.610001,54.66,54.919998,600500,54.195864
2015-09-24,53.439999,55.240002,53.240002,55.16,967500,54.432701
2015-09-23,55.00,55.189999,53.779999,53.939999,676100,53.228786
2015-09-22,54.07,55.07,53.73,54.66,1149200,53.939293
2015-09-21,56.380001,56.540001,54.970001,55.23,955700,54.501777
2015-09-18,56.889999,56.990002,55.77,56.279999,1081700,55.537932
2015-09-17,57.310001,58.279999,56.73,57.310001,532300,56.554354
2015-09-16,56.810001,58.360001,56.630001,57.41,748900,56.653034
2015-09-15,55.970001,57.439999,55.75,57.169998,610900,56.416197
2015-09-14,57.830002,57.830002,55.459999,56.02,701900,55.281362
2015-09-11,57.950001,58.52,57.080002,58.09,513300,57.324068
2015-09-10,57.75,58.330002,57.240002,57.950001,548900,57.185915
2015-09-09,58.98,59.18,57.549999,57.75,673800,56.988551
2015-09-08,61.049999,61.049999,57.48,58.130001,631200,57.363542
2015-09-04,56.84,57.00,55.75,55.84,497600,55.103735
2015-09-03,58.080002,59.439999,57.349998,57.380001,538300,56.623431
2015-09-02,58.060001,58.060001,56.599998,57.700001,476200,56.939211
2015-09-01,56.610001,58.099998,56.25,57.02,985100,56.268177
2015-08-31,57.139999,58.470001,56.560001,58.119999,462300,57.353671
2015-08-28,57.889999,58.669998,57.310001,57.77,578600,57.008288
2015-08-27,56.389999,58.689999,56.099998,58.450001,493500,57.679322
2015-08-26,55.599998,55.689999,54.619999,55.34,901600,54.610328
2015-08-25,56.950001,56.950001,54.189999,54.23,838800,53.514963
2015-08-24,54.279999,57.380001,53.380001,55.07,903900,54.343887
2015-08-21,57.360001,57.919998,56.619999,56.639999,695700,55.893186
2015-08-20,60.139999,60.419998,57.98,58.060001,485500,57.294465
2015-08-19,60.509998,60.810001,59.880001,60.189999,581900,59.396378
2015-08-18,61.669998,62.049999,60.959999,61.080002,398100,60.274646
2015-08-17,60.900002,62.060001,60.599998,61.860001,357000,61.04436
2015-08-14,59.330002,61.68,59.330002,61.23,549400,60.422666
2015-08-13,59.299999,59.869999,58.490002,59.189999,579200,58.409563
2015-08-12,60.259998,60.709999,58.950001,59.650002,539900,58.863501
2015-08-11,61.939999,61.990002,60.75,61.459999,490700,60.254905
2015-08-10,61.57,62.779999,61.439999,62.669998,889300,61.441178
2015-08-07,61.34,62.459999,60.990002,61.279999,494800,60.078434
2015-08-06,61.700001,62.119999,61.279999,61.610001,556300,60.401965
2015-08-05,61.990002,62.84,61.529999,61.830002,570800,60.617653
2015-08-04,61.25,61.689999,60.50,61.02,391900,59.823534
2015-08-03,60.360001,60.990002,59.360001,60.970001,659300,59.774515
2015-07-31,61.509998,61.919998,60.279999,60.599998,546700,59.411767
2015-07-30,61.849998,62.119999,60.509998,60.959999,503900,59.764709
2015-07-29,61.09,62.02,60.439999,61.860001,659600,60.647063
2015-07-28,60.549999,61.52,59.93,60.98,859300,59.784317
2015-07-27,59.509998,60.549999,59.02,59.880001,1049700,58.705887
2015-07-24,60.25,60.900002,59.790001,60.07,1508900,58.89216
2015-07-23,57.32,61.07,56.900002,60.48,2411100,59.294121
2015-07-22,57.279999,58.009998,57.00,57.48,1687800,56.352944
2015-07-21,58.439999,59.049999,57.830002,58.060001,1184100,56.921574
2015-07-20,59.290001,59.529999,58.50,58.700001,600900,57.549024
2015-07-17,60.099998,60.16,59.00,59.349998,523200,58.186277
2015-07-16,60.77,60.77,60.00,60.18,541800,59.000004
2015-07-15,61.16,61.369999,59.869999,60.279999,565500,59.098042
2015-07-14,60.549999,61.380001,60.16,61.200001,434400,60.000004
2015-07-13,60.240002,61.169998,59.869999,60.450001,679000,59.26471
2015-07-10,59.880001,60.43,59.369999,59.59,575300,58.421572
2015-07-09,59.630001,59.869999,58.919998,59.27,439400,58.107847
2015-07-08,59.779999,60.25,58.34,58.470001,821700,57.323534
2015-07-07,60.41,60.830002,58.470001,60.580002,534500,59.392162
2015-07-06,60.00,60.970001,59.950001,60.349998,435600,59.166669
2015-07-02,61.029999,61.860001,60.220001,60.830002,359100,59.63726
2015-07-01,60.799999,61.060001,60.50,60.84,493500,59.647063
2015-06-30,62.459999,62.490002,60.32,60.48,582600,59.294121
2015-06-29,62.959999,63.720001,61.77,61.860001,527500,60.647063
2015-06-26,63.57,64.00,63.119999,63.919998,570200,62.666669
2015-06-25,63.720001,64.129997,63.18,63.360001,383900,62.117652
2015-06-24,64.139999,64.550003,63.549999,63.799999,358100,62.549023
2015-06-23,63.82,64.339996,63.470001,64.269997,674400,63.009805
2015-06-22,63.759998,63.990002,63.32,63.759998,477300,62.509806
2015-06-19,64.040001,64.32,63.330002,63.52,1132000,62.274514
2015-06-18,63.50,64.309998,62.91,64.089996,317600,62.833334
2015-06-17,63.900002,64.050003,62.880001,63.48,394100,62.235298
2015-06-16,63.279999,64.190002,63.209999,63.790001,288300,62.53922
2015-06-15,63.509998,63.75,62.619999,63.360001,394900,62.117652
2015-06-12,64.220001,64.220001,63.619999,64.080002,329400,62.823535
2015-06-11,64.330002,64.900002,64.120003,64.480003,411900,63.215693
2015-06-10,64.550003,65.279999,64.339996,64.360001,365800,63.098044
2015-06-09,64.190002,64.760002,63.82,63.830002,254700,62.578437
2015-06-08,64.900002,65.120003,63.689999,64.080002,302500,62.823535
2015-06-05,64.830002,65.019997,64.489998,64.900002,314500,63.627456
2015-06-04,65.230003,66.050003,64.720001,65.160004,615700,63.88236
2015-06-03,64.699997,66.419998,64.660004,65.68,609100,64.392161
2015-06-02,63.669998,65.279999,63.389999,64.589996,455600,63.32353
2015-06-01,63.630001,63.799999,62.93,63.360001,476100,62.117652
2015-05-29,63.970001,64.18,63.349998,63.799999,437700,62.549023
2015-05-28,64.529999,64.730003,63.75,64.040001,443400,62.784319
2015-05-27,64.089996,64.940002,63.98,64.879997,555200,63.607844
2015-05-26,65.769997,65.769997,64.169998,64.739998,478300,63.078435
2015-05-22,66.209999,66.529999,65.209999,65.980003,544300,64.286616
2015-05-21,66.32,66.32,65.730003,65.949997,625000,64.257379
2015-05-20,65.839996,66.580002,65.599998,66.029999,439600,64.335328
2015-05-19,65.839996,65.910004,65.059998,65.50,640100,63.818932
2015-05-18,65.720001,66.269997,65.580002,66.059998,386100,64.364557
2015-05-15,65.93,66.389999,65.610001,66.139999,450200,64.442505
2015-05-14,66.50,66.699997,65.650002,65.879997,511700,64.189176
2015-05-13,66.239998,66.860001,65.949997,66.040001,496500,64.345073
2015-05-12,66.300003,66.480003,65.839996,65.970001,487200,64.27687
2015-05-11,66.019997,66.449997,65.760002,66.330002,507200,64.627631
2015-05-08,66.139999,66.330002,65.529999,65.860001,391900,64.169693
2015-05-07,64.300003,65.50,64.010002,65.370003,524700,63.692271
2015-05-06,65.290001,65.400002,64.330002,64.779999,445000,63.117409
2015-05-05,65.43,65.870003,64.629997,64.760002,319400,63.097926
2015-05-04,65.160004,65.550003,64.470001,65.209999,628400,63.536374
2015-05-01,65.400002,65.879997,64.209999,65.110001,490000,63.438942
2015-04-30,64.07,65.169998,63.580002,64.720001,503200,63.058952
2015-04-29,64.82,65.25,64.410004,64.800003,546800,63.1369
2015-04-28,65.00,65.50,64.610001,65.410004,497200,63.731245
2015-04-27,63.740002,65.639999,63.549999,64.75,1087100,63.088181
2015-04-24,63.240002,64.019997,62.959999,63.139999,1324700,61.519501
2015-04-23,58.080002,63.220001,58.07,62.689999,2719900,61.08105
2015-04-22,57.060001,57.59,56.849998,57.459999,788800,55.985279
2015-04-21,57.290001,57.759998,56.48,56.73,656800,55.274015
2015-04-20,56.990002,57.490002,56.689999,57.25,624700,55.780669
2015-04-17,57.110001,57.279999,56.290001,56.68,691200,55.225299
2015-04-16,59.279999,59.400002,57.73,57.740002,647100,56.258095
2015-04-15,59.099998,59.360001,58.84,59.07,1021200,57.553958
2015-04-14,58.990002,59.299999,58.09,58.52,961800,57.018075
2015-04-13,59.540001,60.099998,59.52,59.68,555400,58.148303
2015-04-10,59.900002,60.32,59.900002,60.02,666500,58.479577
2015-04-09,59.950001,60.610001,59.849998,60.52,468700,58.966745
2015-04-08,60.779999,61.07,59.66,60.16,567200,58.615984
2015-04-07,61.490002,61.490002,60.400002,60.52,554200,58.966745
2015-04-06,60.700001,61.50,60.400002,61.25,542200,59.678009
2015-04-02,60.619999,61.52,60.200001,61.389999,432200,59.814415
2015-04-01,61.560001,61.709999,60.220001,60.869999,789100,59.30776
2015-03-31,61.650002,61.799999,60.080002,61.080002,1167000,59.512374
2015-03-30,59.490002,61.209999,59.299999,60.950001,589900,59.385709
2015-03-27,59.240002,59.700001,58.740002,59.27,606900,57.748826
2015-03-26,59.950001,60.299999,59.259998,59.720001,639200,58.187278
2015-03-25,60.889999,61.080002,59.740002,59.77,583100,58.235994
2015-03-24,60.200001,60.75,59.759998,60.189999,482800,58.645212
2015-03-23,59.610001,60.490002,59.50,60.18,613000,58.635471
2015-03-20,57.779999,59.75,57.619999,59.490002,1629100,57.963181
2015-03-19,59.02,59.07,56.970001,57.32,1040100,55.848873
2015-03-18,57.040001,60.330002,57.040001,59.959999,1266500,58.421116
2015-03-17,56.790001,57.779999,56.619999,57.490002,758100,56.014511
2015-03-16,55.939999,56.939999,55.41,56.720001,786800,55.264273
2015-03-13,56.959999,57.349998,55.970001,56.299999,735600,54.855051
2015-03-12,56.700001,57.299999,56.439999,57.209999,767700,55.741695
2015-03-11,55.18,56.279999,55.18,55.990002,1130600,54.553009
2015-03-10,57.529999,57.759998,55.450001,55.560001,1144200,53.744309
2015-03-09,57.939999,59.209999,57.869999,58.610001,767500,56.694634
2015-03-06,58.040001,58.919998,57.310001,57.73,849000,55.843391
2015-03-05,58.099998,58.889999,57.529999,58.650002,833600,56.733328
2015-03-04,56.889999,58.209999,56.669998,58.049999,675900,56.152934
2015-03-03,57.34,57.919998,57.220001,57.419998,608900,55.543521
2015-03-02,56.75,57.450001,56.50,57.419998,373600,55.543521
2015-02-27,57.709999,57.939999,56.919998,57.009998,538800,55.14692
2015-02-26,57.50,58.290001,57.380001,57.540001,574900,55.659602
2015-02-25,58.130001,58.16,57.400002,57.540001,519300,55.659602
2015-02-24,57.75,58.540001,57.509998,58.23,825700,56.327052
2015-02-23,57.330002,57.900002,57.040001,57.540001,713100,55.659602
2015-02-20,57.259998,58.139999,56.23,57.75,1377600,55.862738
2015-02-19,54.82,57.209999,54.360001,56.779999,1465200,54.924437
2015-02-18,54.23,55.16,54.02,54.200001,907600,52.428753
2015-02-17,55.080002,55.279999,54.349998,54.400002,624000,52.622217
2015-02-13,54.369999,55.25,54.299999,55.139999,428200,53.338032
2015-02-12,53.880001,54.119999,53.310001,53.779999,902200,52.022476
2015-02-11,53.580002,53.650002,52.639999,53.299999,451600,51.558163
2015-02-10,53.740002,53.799999,52.91,53.540001,663300,51.790321
2015-02-09,53.790001,54.869999,53.759998,53.810001,564400,52.051498
2015-02-06,53.990002,54.82,53.57,53.77,631500,52.012805
2015-02-05,53.25,54.549999,53.25,54.470001,377600,52.689929
2015-02-04,54.02,54.150002,52.990002,53.16,442800,51.422739
2015-02-03,53.529999,54.57,53.139999,54.509998,714100,52.728619
2015-02-02,52.759998,52.98,51.98,52.68,557600,50.958425
2015-01-30,51.880001,52.959999,50.630001,52.369999,798000,50.658555
2015-01-29,52.610001,52.790001,51.57,52.689999,497700,50.968097
2015-01-28,53.720001,53.849998,52.380001,52.52,454300,50.803654
2015-01-27,52.860001,53.709999,52.599998,53.25,506600,51.509798
2015-01-26,52.709999,53.700001,52.240002,53.700001,565800,51.945092
2015-01-23,53.689999,53.689999,52.509998,52.619999,639300,50.900385
2015-01-22,53.799999,54.349998,53.279999,54.27,509700,52.496465
2015-01-21,52.68,53.48,52.560001,53.439999,456900,51.693587
2015-01-20,53.43,53.709999,52.27,52.77,683400,51.045484
2015-01-16,53.200001,53.41,52.490002,53.209999,875400,51.471104
2015-01-15,54.330002,54.889999,53.080002,53.200001,836300,51.461432
2015-01-14,53.990002,54.599998,53.400002,54.259998,738700,52.486789
2015-01-13,56.009998,56.560001,54.549999,55.150002,980300,53.347707
2015-01-12,56.689999,56.720001,55.25,56.369999,671100,54.527835
2015-01-09,57.349998,57.349998,56.580002,57.09,617500,55.224307
2015-01-08,57.099998,57.720001,56.75,57.450001,881500,55.572543
2015-01-07,57.560001,57.900002,56.560001,56.720001,944200,54.8664
2015-01-06,57.93,58.09,56.560001,57.439999,907700,55.562868
2015-01-05,60.549999,60.549999,57.580002,57.720001,1060600,55.83372
2015-01-02,61.470001,62.189999,60.790001,61.439999,566800,59.432148
2014-12-31,62.119999,62.150002,61.259998,61.27,454400,59.267706
2014-12-30,61.740002,62.689999,61.740002,62.209999,376500,60.176985
2014-12-29,61.150002,62.48,61.130001,62.040001,411300,60.012543
2014-12-26,61.150002,61.549999,60.919998,61.150002,316400,59.151628
2014-12-24,60.50,60.900002,59.900002,60.759998,448400,58.77437
2014-12-23,59.779999,60.889999,59.779999,60.57,420900,58.590581
2014-12-22,59.400002,59.790001,58.880001,59.639999,979700,57.690973
2014-12-19,58.52,59.32,58.34,59.169998,1159200,57.236331
2014-12-18,59.349998,59.470001,57.610001,58.610001,903300,56.694634
2014-12-17,57.16,58.610001,56.57,58.459999,1424800,56.549535
2014-12-16,56.799999,58.130001,56.099998,57.169998,1264300,55.301691
2014-12-15,58.52,58.849998,57.049999,57.139999,1108900,55.272672
2014-12-12,59.830002,59.830002,58.400002,58.439999,831300,56.530188
2014-12-11,61.130001,61.130001,60.18,60.290001,658200,58.319732
2014-12-10,62.330002,62.84,60.82,61.209999,535400,59.209665
2014-12-09,62.119999,63.139999,62.119999,62.830002,399100,60.776726
2014-12-08,64.089996,64.089996,62.689999,62.939999,401900,60.883129
2014-12-05,64.139999,65.139999,63.939999,64.199997,488400,62.10195
2014-12-04,63.810001,64.25,63.57,63.889999,431100,61.802083
2014-12-03,62.950001,64.300003,62.700001,64.050003,585000,61.956858
2014-12-02,63.029999,63.459999,62.34,62.450001,526800,60.409144
2014-12-01,63.150002,63.689999,62.50,62.869999,496900,60.815416
2014-11-28,65.25,65.25,63.77,63.939999,207100,61.850449
2014-11-26,65.589996,65.650002,65.18,65.400002,318500,63.262739
2014-11-25,65.160004,65.730003,64.949997,65.43,448100,63.291757
2014-11-24,64.919998,65.099998,64.559998,65.019997,590000,62.895153
2014-11-21,64.029999,64.809998,64.010002,64.720001,742000,62.604961
2014-11-20,62.18,63.040001,62.18,62.98,549700,60.921822
2014-11-19,64.019997,64.129997,62.709999,62.799999,713100,60.747704
2014-11-18,64.57,64.949997,64.279999,64.510002,713400,62.401825
2014-11-17,64.389999,64.93,63.869999,64.580002,515300,62.469537
2014-11-14,63.939999,64.550003,63.610001,64.419998,883700,62.314762
2014-11-13,64.480003,64.75,63.919998,64.019997,539000,61.927832
2014-11-12,64.260002,64.809998,64.110001,64.400002,484700,62.295419
2014-11-11,64.809998,65.18,64.25,64.699997,532000,62.58561
2014-11-10,66.849998,67.160004,64.970001,65.25,894300,63.117639
2014-11-07,66.68,67.449997,66.209999,66.93,692400,64.742738
2014-11-06,66.010002,66.690002,65.889999,66.209999,619400,64.046266
2014-11-05,66.480003,66.989998,66.019997,66.470001,762900,63.959209
2014-11-04,66.370003,66.769997,65.190002,66.629997,709000,64.113162
2014-11-03,67.370003,67.559998,66.470001,66.589996,737100,64.074672
2014-10-31,65.800003,67.629997,65.260002,67.480003,950300,64.93106
2014-10-30,65.370003,66.690002,65.370003,65.779999,676600,63.29527
2014-10-29,66.629997,67.239998,65.139999,65.769997,709700,63.285646
2014-10-28,64.949997,66.510002,64.650002,66.190002,735800,63.689787
2014-10-27,64.480003,64.879997,63.439999,64.389999,1138300,61.957776
2014-10-24,64.00,65.309998,63.779999,65.099998,888900,62.640956
2014-10-23,64.260002,64.50,62.279999,63.540001,1181700,61.139885
2014-10-22,65.150002,65.209999,63.720001,63.790001,692600,61.380441
2014-10-21,64.360001,65.349998,63.779999,65.190002,603200,62.72756
2014-10-20,62.549999,63.639999,62.529999,63.450001,476000,61.053284
2014-10-17,63.119999,63.98,61.919998,62.939999,595700,60.562546
2014-10-16,60.330002,62.66,60.330002,62.279999,681300,59.927477
2014-10-15,61.00,62.360001,59.919998,61.779999,610500,59.446364
2014-10-14,61.77,62.959999,61.330002,61.669998,873900,59.340518
2014-10-13,62.349998,63.84,61.240002,61.349998,818400,59.032606
2014-10-10,63.07,63.860001,62.25,62.25,518300,59.898611
2014-10-09,65.790001,65.790001,63.200001,63.48,620000,61.08215
2014-10-08,65.199997,65.839996,63.790001,65.779999,538800,63.29527
2014-10-07,65.730003,66.220001,65.019997,65.059998,542000,62.602466
2014-10-06,66.449997,66.699997,65.470001,66.120003,564800,63.622431
2014-10-03,66.889999,67.129997,65.910004,66.059998,453500,63.564693
2014-10-02,67.120003,67.459999,65.809998,66.709999,479700,64.190142
2014-10-01,68.18,68.449997,67.010002,67.32,747800,64.7771
2014-09-30,68.940002,69.07,68.00,68.400002,581200,65.816307
2014-09-29,69.279999,69.720001,68.900002,68.93,494000,66.326286
2014-09-26,69.739998,70.32,69.480003,70.010002,474700,67.365493
2014-09-25,70.699997,70.839996,69.269997,69.779999,700400,67.144177
2014-09-24,72.25,72.25,70.610001,70.720001,845500,68.048673
2014-09-23,72.099998,72.529999,71.870003,71.900002,701400,69.1841
2014-09-22,72.739998,72.739998,71.610001,72.150002,551200,69.424657
2014-09-19,73.959999,73.959999,72.470001,72.599998,1002000,69.857656
2014-09-18,73.339996,73.849998,73.239998,73.650002,634000,70.867997
2014-09-17,72.389999,73.519997,72.379997,73.239998,861600,70.473481
2014-09-16,70.730003,72.190002,70.660004,71.910004,636900,69.193725
2014-09-15,70.75,71.209999,70.75,70.959999,391000,68.279605
2014-09-12,70.769997,71.059998,70.379997,70.760002,742000,68.087163
2014-09-11,70.160004,71.110001,70.07,70.82,421100,68.144894
2014-09-10,69.800003,70.290001,69.199997,70.269997,328200,67.615666
2014-09-09,70.330002,70.330002,69.50,69.900002,383000,67.259647
2014-09-08,71.160004,71.239998,70.07,70.349998,390500,67.692646
2014-09-05,71.269997,71.32,70.519997,71.040001,181100,68.356585
2014-09-04,71.029999,71.980003,70.93,71.18,278300,68.491296
2014-09-03,70.940002,71.519997,70.559998,71.040001,591600,68.356585
2014-09-02,70.099998,70.589996,69.779999,70.459999,541100,67.798492
2014-08-29,69.800003,70.040001,69.410004,69.919998,193900,67.278888
2014-08-28,70.089996,70.089996,69.370003,69.800003,334900,67.163426
2014-08-27,70.230003,70.449997,69.839996,70.330002,382800,67.673405
2014-08-26,69.550003,70.389999,69.400002,70.230003,365600,67.577184
2014-08-25,69.779999,69.940002,69.160004,69.239998,360900,66.624574
2014-08-22,69.50,69.599998,69.040001,69.239998,258000,66.624574
2014-08-21,69.879997,69.910004,69.07,69.699997,255200,67.067197
2014-08-20,69.709999,70.099998,69.339996,69.959999,343300,67.317378
2014-08-19,69.809998,70.139999,69.449997,69.709999,290200,67.076822
2014-08-18,68.730003,69.769997,68.599998,69.709999,547200,67.076822
2014-08-15,68.730003,68.870003,67.849998,68.199997,321300,65.623857
2014-08-14,68.610001,68.800003,68.389999,68.589996,193700,65.999125
2014-08-13,67.889999,68.739998,67.690002,68.68,260000,66.085729
2014-08-12,68.57,68.910004,67.739998,68.110001,274900,65.200482
2014-08-11,69.129997,69.160004,68.589996,68.779999,330200,65.841859
2014-08-08,68.120003,68.760002,67.900002,68.690002,405800,65.755707
2014-08-07,69.129997,69.239998,67.739998,68.129997,536400,65.219625
2014-08-06,67.699997,69.019997,67.610001,68.800003,621000,65.861009
2014-08-05,67.959999,68.68,67.349998,67.610001,554000,64.721841
2014-08-04,68.040001,68.809998,67.599998,68.660004,679900,65.72699
2014-08-01,67.949997,68.760002,66.760002,67.68,942300,64.788851
2014-07-31,68.839996,69.709999,68.050003,68.25,669400,65.334501
2014-07-30,70.650002,70.809998,68.919998,69.699997,788000,66.722557
2014-07-29,71.150002,71.360001,69.910004,69.919998,646700,66.93316
2014-07-28,70.809998,71.389999,70.220001,70.959999,460600,67.928735
2014-07-25,71.199997,71.239998,70.370003,70.93,568100,67.900017
2014-07-24,73.010002,73.25,70.889999,71.099998,1038800,68.062753
2014-07-23,75.089996,75.110001,74.480003,74.889999,451300,71.690853
2014-07-22,75.199997,75.379997,74.580002,74.959999,845100,71.757863
2014-07-21,74.980003,75.32,74.410004,74.699997,637000,71.508967
2014-07-18,73.989998,75.18,73.879997,75.099998,476500,71.891882
2014-07-17,73.800003,74.620003,73.50,73.940002,503100,70.781438
2014-07-16,74.07,74.370003,73.330002,74.25,584600,71.078193
2014-07-15,73.830002,74.18,72.919998,73.459999,328500,70.32194
2014-07-14,74.00,74.00,72.760002,73.690002,398800,70.542118
2014-07-11,73.18,73.720001,72.580002,73.550003,339900,70.408099
2014-07-10,73.25,74.010002,73.059998,73.220001,286900,70.092194
2014-07-09,74.449997,74.720001,74.029999,74.480003,470800,71.298372
2014-07-08,74.110001,74.550003,73.919998,74.290001,447300,71.116486
2014-07-07,74.129997,74.559998,73.879997,74.139999,271800,70.972892
2014-07-03,74.389999,74.739998,74.239998,74.610001,500200,71.422816
2014-07-02,74.080002,74.669998,74.080002,74.290001,355400,71.116486
2014-07-01,74.00,74.989998,73.709999,74.260002,582200,71.087768
2014-06-30,73.360001,73.900002,72.790001,73.709999,476000,70.56126
2014-06-27,73.389999,73.779999,73.089996,73.43,391000,70.293222
2014-06-26,73.709999,74.00,73.279999,73.68,457600,70.532543
2014-06-25,72.879997,73.860001,72.879997,73.830002,244100,70.676137
2014-06-24,73.379997,74.690002,72.839996,72.919998,239600,69.805007
2014-06-23,73.889999,73.989998,73.150002,73.730003,302600,70.58041
2014-06-20,73.389999,73.760002,73.32,73.459999,445800,70.32194
2014-06-19,73.650002,73.989998,73.540001,73.760002,361400,70.609127
2014-06-18,73.269997,73.669998,72.739998,73.620003,296100,70.475108
2014-06-17,71.949997,73.709999,71.440002,73.099998,412300,69.977318
2014-06-16,72.449997,72.690002,71.830002,71.949997,302800,68.876442
2014-06-13,72.080002,72.519997,71.760002,72.43,317300,69.33594
2014-06-12,72.900002,72.900002,71.830002,72.050003,172000,68.972176
2014-06-11,72.360001,73.25,72.309998,73.209999,225800,70.082619
2014-06-10,73.099998,73.150002,72.510002,72.790001,338500,69.680562
2014-06-09,72.959999,73.400002,72.699997,73.239998,315700,70.111336
2014-06-06,72.760002,73.110001,72.190002,72.769997,246000,69.661413
2014-06-05,71.889999,72.690002,71.370003,72.489998,216000,69.393375
2014-06-04,71.239998,71.959999,70.989998,71.779999,340800,68.713706
2014-06-03,71.610001,71.690002,71.209999,71.519997,272100,68.46481
2014-06-02,72.019997,72.150002,71.519997,71.980003,376700,68.905166
2014-05-30,72.610001,72.699997,71.849998,71.949997,513300,68.876442
2014-05-29,72.68,73.07,72.139999,73.040001,299700,69.919883
2014-05-28,72.510002,73.150002,72.300003,72.339996,610000,69.249781
2014-05-27,72.510002,73.199997,72.410004,73.019997,523500,69.565686
2014-05-23,71.82,72.510002,71.599998,72.330002,280900,68.908333
2014-05-22,71.199997,72.00,70.900002,71.800003,574000,68.403406
2014-05-21,71.07,71.32,70.309998,70.989998,389100,67.63172
2014-05-20,72.010002,72.089996,70.440002,70.639999,382900,67.298278
2014-05-19,71.870003,72.510002,71.360001,72.379997,339300,68.955963
2014-05-16,71.970001,72.099998,71.00,71.989998,378900,68.584413
2014-05-15,72.830002,72.970001,71.260002,72.290001,414700,68.870224
2014-05-14,73.089996,73.370003,72.889999,73.080002,425700,69.622853
2014-05-13,73.50,74.040001,72.830002,73.089996,507500,69.632375
2014-05-12,71.970001,73.459999,71.68,73.43,495100,69.956294
2014-05-09,70.959999,71.489998,70.639999,71.470001,582500,68.089016
2014-05-08,71.830002,72.559998,70.919998,71.120003,611100,67.755574
2014-05-07,71.25,71.830002,71.110001,71.800003,265600,68.403406
2014-05-06,70.989998,71.480003,70.769997,71.209999,420400,67.841313
2014-05-05,71.68,71.800003,70.849998,71.099998,813200,67.736516
2014-05-02,71.269997,72.489998,71.25,72.150002,629200,68.736848
2014-05-01,71.169998,71.470001,70.809998,71.199997,578000,67.831784
2014-04-30,70.75,70.959999,70.470001,70.82,526500,67.469763
2014-04-29,70.389999,70.889999,70.209999,70.739998,494300,67.393546
2014-04-28,70.160004,70.400002,69.470001,70.059998,810600,66.745714
2014-04-25,70.900002,71.040001,69.529999,70.00,460900,66.688555
2014-04-24,70.830002,71.50,69.559998,70.949997,1027700,67.593611
2014-04-23,72.00,72.389999,71.550003,72.050003,744500,68.64158
2014-04-22,71.610001,72.279999,71.25,72.019997,695600,68.612993
2014-04-21,70.339996,71.540001,70.080002,71.400002,621600,68.022327
2014-04-17,69.82,71.040001,69.669998,70.269997,1257300,66.945779
2014-04-16,69.580002,70.480003,69.580002,70.00,681800,66.688555
2014-04-15,69.720001,69.720001,67.879997,69.230003,665000,65.954984
2014-04-14,69.410004,70.209999,69.260002,69.790001,586900,66.48849
2014-04-11,69.279999,69.50,68.370003,69.029999,345300,65.764441
2014-04-10,70.739998,71.099998,69.410004,69.580002,386300,66.288425
2014-04-09,70.830002,71.150002,70.639999,70.849998,502000,67.498343
2014-04-08,70.300003,71.169998,70.129997,70.489998,435600,67.155373
2014-04-07,71.669998,71.849998,69.830002,70.370003,458800,67.041054
2014-04-04,72.559998,73.099998,71.510002,71.699997,755700,68.308131
2014-04-03,71.650002,72.419998,71.650002,71.860001,424200,68.460566
2014-04-02,71.230003,71.860001,70.989998,71.650002,423500,68.260501
2014-04-01,70.760002,71.300003,70.330002,71.279999,406100,67.908002
2014-03-31,70.010002,71.230003,69.800003,70.660004,431100,67.317336
2014-03-28,70.019997,70.720001,69.629997,69.75,319500,66.450381
2014-03-27,69.489998,70.029999,69.230003,69.410004,443300,66.126469
2014-03-26,71.550003,71.809998,69.550003,69.559998,343800,66.269367
2014-03-25,71.629997,72.470001,70.980003,71.18,352700,67.812734
2014-03-24,71.199997,71.779999,70.360001,71.150002,275600,67.784154
2014-03-21,70.190002,71.650002,70.110001,70.809998,876500,67.460234
2014-03-20,70.150002,70.779999,69.889999,70.110001,877700,66.793352
2014-03-19,70.480003,71.029999,69.989998,70.540001,313400,67.20301
2014-03-18,69.50,70.779999,69.260002,70.639999,358600,67.298278
2014-03-17,69.540001,70.559998,68.82,69.410004,483200,66.126469
2014-03-14,69.040001,69.550003,68.739998,69.309998,347500,66.031194
2014-03-13,69.099998,69.389999,68.059998,68.839996,580100,65.583427
2014-03-12,69.169998,70.260002,68.830002,68.919998,528800,65.659644
2014-03-11,70.190002,70.800003,69.440002,69.589996,342600,66.297947
2014-03-10,70.589996,70.589996,69.190002,69.949997,330600,66.640917
2014-03-07,70.449997,70.970001,69.559998,70.82,477600,67.469763
2014-03-06,70.209999,70.660004,69.779999,70.400002,616400,67.069634
2014-03-05,69.650002,70.089996,69.360001,69.919998,447300,66.612338
2014-03-04,69.00,69.93,68.860001,69.669998,574500,66.374164
2014-03-03,68.459999,68.970001,67.839996,68.529999,546000,64.954651
2014-02-28,69.480003,70.220001,68.870003,69.279999,629200,65.665522
2014-02-27,68.900002,69.709999,68.800003,69.57,513000,65.940393
2014-02-26,68.779999,70.160004,68.419998,68.910004,975000,65.314831
2014-02-25,68.849998,68.940002,67.220001,68.519997,938500,64.945171
2014-02-24,70.029999,70.599998,68.800003,68.889999,944700,65.29587
2014-02-21,70.32,70.82,69.099998,70.139999,952000,66.480655
2014-02-20,72.379997,72.50,70.07,70.610001,1224400,66.926135
2014-02-19,73.730003,73.93,72.199997,72.379997,917400,68.603788
2014-02-18,74.129997,74.559998,73.660004,74.099998,351200,70.234053
2014-02-14,72.870003,73.870003,72.849998,73.800003,210900,69.949709
2014-02-13,71.910004,73.029999,71.559998,72.860001,463400,69.058748
2014-02-12,72.120003,72.739998,71.769997,72.610001,437100,68.821791
2014-02-11,72.57,72.639999,70.769997,72.080002,625700,68.319444
2014-02-10,69.220001,69.370003,68.419998,69.139999,512000,65.532827
2014-02-07,69.089996,69.760002,68.769997,69.629997,339600,65.997261
2014-02-06,67.900002,69.620003,67.790001,68.610001,274800,65.030479
2014-02-05,67.529999,67.940002,67.269997,67.589996,424100,64.063691
2014-02-04,66.889999,68.43,66.279999,67.720001,1053900,64.186913
2014-02-03,69.529999,70.110001,66.410004,66.720001,1072100,63.239085
2014-01-31,69.360001,70.739998,69.32,69.949997,370900,66.300565
2014-01-30,69.760002,70.690002,68.839996,70.550003,390600,66.869268
2014-01-29,69.209999,70.269997,68.650002,69.260002,409400,65.646569
2014-01-28,69.410004,69.730003,68.50,69.699997,570000,66.063608
2014-01-27,70.650002,70.650002,68.419998,68.93,747000,65.333784
2014-01-24,73.760002,73.760002,70.339996,70.400002,927100,66.727092
2014-01-23,75.400002,75.400002,74.349998,74.480003,369700,70.594232
2014-01-22,75.699997,75.720001,75.239998,75.540001,322000,71.598928
2014-01-21,76.120003,76.120003,75.209999,75.639999,332600,71.693709
2014-01-17,76.230003,76.339996,75.730003,76.080002,263600,72.110756
2014-01-16,75.690002,76.339996,75.400002,76.110001,216900,72.139189
2014-01-15,75.379997,76.410004,75.300003,75.459999,273200,71.5231
2014-01-14,75.599998,76.059998,75.209999,75.349998,330600,71.418838
2014-01-13,76.110001,76.769997,75.360001,75.489998,454800,71.551533
2014-01-10,75.82,76.269997,75.07,76.120003,331600,72.14867
2014-01-09,75.879997,75.879997,74.660004,75.519997,261200,71.579967
2014-01-08,75.029999,75.779999,74.720001,75.550003,271300,71.608408
2014-01-07,74.919998,75.629997,74.790001,75.029999,306900,71.115533
2014-01-06,75.639999,75.900002,74.080002,74.620003,338400,70.726928
2014-01-03,75.25,75.599998,74.830002,75.489998,196600,71.551533
2014-01-02,75.839996,76.029999,74.580002,75.25,284100,71.324057
2013-12-31,75.389999,75.910004,75.389999,75.839996,245400,71.883272
2013-12-30,75.660004,75.989998,74.900002,75.360001,251800,71.428318
2013-12-27,74.900002,75.75,74.290001,75.660004,172500,71.71267
2013-12-26,75.379997,75.709999,74.849998,74.93,156800,71.020752
2013-12-24,74.360001,75.260002,73.970001,75.050003,181800,71.134494
2013-12-23,73.739998,74.230003,73.269997,74.199997,236100,70.328834
2013-12-20,74.110001,74.110001,72.879997,73.169998,559600,69.352573
2013-12-19,73.550003,74.790001,73.550003,73.839996,409200,69.987616
2013-12-18,72.669998,73.57,71.919998,73.540001,637000,69.703272
2013-12-17,71.949997,72.709999,71.760002,72.489998,294900,68.708049
2013-12-16,72.480003,73.059998,71.510002,71.949997,536300,68.196221
2013-12-13,71.870003,72.440002,71.75,72.339996,174200,68.565874
2013-12-12,72.169998,72.330002,71.32,71.800003,252500,68.054053
2013-12-11,73.510002,73.699997,71.970001,72.089996,289900,68.328917
2013-12-10,74.510002,74.889999,73.139999,73.349998,458600,69.523182
2013-12-09,74.709999,74.980003,74.260002,74.580002,388800,70.689014
2013-12-06,74.849998,74.989998,74.239998,74.709999,357700,70.812229
2013-12-05,73.230003,74.040001,72.790001,73.959999,219500,70.101358
2013-12-04,72.919998,74.129997,72.809998,73.419998,208400,69.58953
2013-12-03,73.019997,73.790001,72.489998,72.93,214500,69.125096
2013-12-02,73.519997,74.669998,73.010002,73.339996,407800,69.513702
2013-11-29,73.68,74.059998,73.309998,73.529999,114900,69.693791
2013-11-27,74.080002,74.290001,73.099998,73.400002,326000,69.570576
2013-11-26,74.199997,74.209999,73.809998,73.900002,231800,70.04449
2013-11-25,74.459999,74.82,74.120003,74.300003,511900,70.423623
2013-11-22,74.639999,74.690002,73.790001,74.459999,456400,70.575272
2013-11-21,74.43,74.900002,73.650002,74.540001,398400,70.6511
2013-11-20,75.00,75.150002,73.709999,73.970001,424600,70.110838
2013-11-19,74.800003,75.470001,74.129997,74.550003,364500,70.66058
2013-11-18,75.400002,75.650002,74.75,75.040001,365700,70.812231
2013-11-15,74.639999,75.279999,74.400002,75.059998,453100,70.831101
2013-11-14,74.940002,74.989998,73.889999,74.480003,311400,70.283784
2013-11-13,73.809998,74.730003,73.349998,74.720001,211000,70.51026
2013-11-12,74.989998,75.169998,73.830002,74.519997,197100,70.321524
2013-11-11,75.349998,75.440002,74.900002,75.419998,232400,71.170819
2013-11-08,73.440002,75.360001,73.269997,75.279999,313300,71.038707
2013-11-07,74.959999,75.290001,73.25,73.290001,272500,69.160826
2013-11-06,74.730003,74.93,74.07,74.550003,394000,70.34984
2013-11-05,74.25,74.910004,73.25,74.25,441200,70.066739
2013-11-04,74.139999,75.099998,73.949997,74.519997,439900,70.321524
2013-11-01,73.550003,74.639999,73.160004,74.400002,427300,70.208289
2013-10-31,73.370003,74.150002,73.209999,73.290001,443300,69.160826
2013-10-30,74.300003,74.519997,73.040001,73.529999,329400,69.387303
2013-10-29,73.610001,74.769997,73.589996,74.300003,400800,70.113925
2013-10-28,73.040001,73.599998,72.790001,73.550003,492500,69.40618
2013-10-25,74.059998,74.489998,72.269997,73.150002,653100,69.028715
2013-10-24,75.059998,76.779999,74.199997,74.269997,555800,70.085609
2013-10-23,74.290001,75.43,73.639999,75.010002,721500,70.783922
2013-10-22,75.57,76.18,74.610001,74.949997,794200,70.727298
2013-10-21,76.220001,76.330002,74.959999,75.480003,328800,71.227444
2013-10-18,75.00,75.870003,74.790001,75.82,448700,71.548284
2013-10-17,73.639999,75.18,73.629997,74.900002,379600,70.680119
2013-10-16,74.080002,74.150002,73.389999,73.980003,305400,69.811954
2013-10-15,72.989998,74.059998,72.709999,73.50,548400,69.358994
2013-10-14,72.349998,73.410004,72.260002,72.970001,573800,68.858855
2013-10-11,72.82,73.50,72.510002,73.010002,341400,68.896603
2013-10-10,71.949997,73.260002,71.360001,73.050003,329800,68.93435
2013-10-09,72.25,72.25,70.790001,71.050003,454900,67.04703
2013-10-08,72.410004,72.870003,71.629997,71.809998,244900,67.764207
2013-10-07,71.910004,72.940002,71.660004,72.370003,291200,68.292661
2013-10-04,72.160004,73.00,71.559998,72.660004,430600,68.566323
2013-10-03,73.360001,73.940002,71.730003,71.940002,581500,67.886887
2013-10-02,73.540001,73.809998,73.00,73.760002,286800,69.604348
2013-10-01,73.199997,74.370003,73.199997,73.949997,613700,69.783638
2013-09-30,71.989998,73.690002,71.860001,73.269997,344500,69.141949
2013-09-27,72.93,73.360001,72.279999,73.209999,265600,69.085332
2013-09-26,72.940002,73.660004,72.839996,73.57,327900,69.42505
2013-09-25,73.389999,73.629997,72.620003,72.730003,589900,68.632379
2013-09-24,74.440002,74.75,73.690002,74.150002,378700,69.972374
2013-09-23,74.830002,75.580002,74.32,74.32,503300,70.132795
2013-09-20,75.370003,75.790001,74.900002,74.980003,973200,70.755614
2013-09-19,74.639999,75.830002,74.470001,75.529999,901500,71.274622
2013-09-18,73.32,74.540001,72.580002,74.330002,698400,70.142233
2013-09-17,71.330002,73.849998,71.279999,73.50,899900,69.358994
2013-09-16,72.43,72.43,71.120003,71.400002,453800,67.37731
2013-09-13,70.980003,71.400002,70.610001,71.290001,195300,67.273507
2013-09-12,71.879997,71.879997,70.910004,71.07,226900,67.0659
2013-09-11,71.639999,72.43,70.900002,72.089996,338500,68.02843
2013-09-10,71.019997,72.059998,70.910004,71.870003,434500,67.820831
2013-09-09,69.199997,70.589996,69.089996,70.480003,189100,66.509145
2013-09-06,68.949997,69.400002,68.089996,69.110001,334200,65.216328
2013-09-05,67.370003,68.779999,67.169998,68.720001,509000,64.848301
2013-09-04,66.32,67.440002,65.980003,67.370003,385900,63.574362
2013-09-03,67.940002,68.410004,65.50,66.199997,779600,62.470275
2013-08-30,67.949997,68.00,66.559998,66.690002,400700,62.932673
2013-08-29,68.309998,68.839996,67.790001,67.900002,251400,64.074501
2013-08-28,67.970001,68.699997,67.510002,68.519997,439000,64.659565
2013-08-27,69.010002,69.099998,67.830002,67.900002,475400,64.074501
2013-08-26,69.589996,70.50,69.529999,69.900002,245200,65.96182
2013-08-23,69.550003,69.940002,69.080002,69.580002,192900,65.659849
2013-08-22,68.57,70.190002,68.339996,69.540001,166300,65.622102
2013-08-21,69.239998,69.599998,68.239998,68.239998,428100,64.395342
2013-08-20,68.690002,69.809998,68.300003,69.389999,193900,65.480552
2013-08-19,69.989998,69.989998,68.540001,68.690002,229600,64.819993
2013-08-16,69.400002,70.120003,68.82,69.900002,339500,65.96182
2013-08-15,69.559998,70.139999,68.970001,69.389999,198500,65.480552
2013-08-14,70.620003,71.75,70.25,70.669998,295000,66.688435
2013-08-13,71.540001,71.540001,70.050003,71.010002,421200,66.697875
2013-08-12,69.900002,71.599998,69.610001,71.360001,495100,67.02662
2013-08-09,69.260002,70.610001,69.260002,70.150002,632200,65.890099
2013-08-08,69.029999,69.660004,68.849998,69.150002,652200,64.950824
2013-08-07,69.449997,69.449997,68.040001,68.330002,478300,64.180619
2013-08-06,70.610001,70.610001,69.379997,69.779999,374900,65.542564
2013-08-05,70.800003,70.970001,70.279999,70.779999,228900,66.481839
2013-08-02,70.559998,71.230003,69.870003,71.029999,358300,66.716657
2013-08-01,70.959999,71.75,70.709999,70.739998,786400,66.444267
2013-07-31,69.910004,71.75,69.910004,70.199997,581900,65.937058
2013-07-30,69.720001,70.110001,68.730003,69.860001,415600,65.617708
2013-07-29,69.650002,69.709999,68.849998,69.349998,329000,65.138676
2013-07-26,69.690002,70.129997,68.720001,69.800003,444300,65.561354
2013-07-25,68.440002,70.32,68.110001,70.080002,824000,65.82435
2013-07-24,69.589996,69.589996,68.32,68.790001,607200,64.612685
2013-07-23,69.559998,70.010002,68.699997,69.580002,575100,65.354712
2013-07-22,69.129997,69.769997,68.980003,69.400002,522900,65.185643
2013-07-19,69.00,69.230003,68.400002,68.949997,560000,64.762965
2013-07-18,68.82,69.519997,68.82,69.059998,343500,64.866286
2013-07-17,68.019997,68.879997,67.809998,68.720001,531900,64.546936
2013-07-16,68.669998,68.860001,67.129997,67.849998,461300,63.729765
2013-07-15,67.00,68.440002,66.620003,68.309998,654900,64.16183
2013-07-12,67.400002,67.75,66.279999,66.889999,425400,62.828062
2013-07-11,67.339996,67.809998,66.860001,67.300003,741000,63.213168
2013-07-10,67.150002,67.230003,65.809998,66.230003,738400,62.208145
2013-07-09,66.839996,67.400002,66.25,67.139999,518000,63.062881
2013-07-08,66.940002,66.940002,65.980003,66.120003,358200,62.104824
2013-07-05,66.709999,66.760002,65.400002,66.129997,196800,62.114212
2013-07-03,65.660004,66.269997,65.529999,66.00,307700,61.992108
2013-07-02,66.160004,66.980003,65.330002,66.43,312700,62.395997
2013-07-01,65.940002,67.139999,65.940002,66.309998,398500,62.283281
2013-06-28,65.400002,65.779999,64.669998,65.559998,976900,61.578825
2013-06-27,65.010002,66.269997,64.940002,65.660004,491600,61.672759
2013-06-26,64.279999,64.730003,63.689999,64.370003,337000,60.461094
2013-06-25,63.080002,64.080002,62.200001,63.740002,460100,59.86935
2013-06-24,63.610001,63.759998,61.93,62.25,538500,58.46983
2013-06-21,65.370003,65.459999,64.43,64.589996,727700,60.667728
2013-06-20,65.029999,65.989998,64.169998,64.989998,554700,61.043439
2013-06-19,66.599998,66.870003,65.809998,66.18,361500,62.161178
2013-06-18,65.339996,66.620003,65.339996,66.370003,403500,62.339643
2013-06-17,65.580002,65.93,64.919998,65.50,391000,61.522471
2013-06-14,64.910004,66.040001,64.589996,64.989998,209000,61.043439
2013-06-13,63.970001,65.660004,63.93,65.379997,370100,61.409756
2013-06-12,64.849998,65.370003,63.560001,63.939999,275400,60.057202
2013-06-11,64.279999,64.959999,63.919998,64.629997,417700,60.7053
2013-06-10,65.139999,65.809998,64.599998,65.489998,329300,61.513077
2013-06-07,64.830002,65.830002,63.869999,65.169998,533300,61.212509
2013-06-06,63.68,64.790001,63.490002,64.779999,366900,60.846193
2013-06-05,64.959999,65.00,63.509998,63.779999,364900,59.906918
2013-06-04,65.769997,66.230003,64.449997,65.339996,295200,61.372184
2013-06-03,66.07,66.239998,64.550003,65.949997,533900,61.945142
2013-05-31,67.18,67.459999,65.75,65.769997,493100,61.776072
2013-05-30,66.779999,67.400002,66.489998,67.080002,586900,63.006527
2013-05-29,66.82,67.029999,65.879997,66.639999,320300,62.593243
2013-05-28,67.82,68.75,67.32,67.480003,377700,63.100456
2013-05-24,66.529999,67.099998,66.349998,66.800003,176500,62.464589
2013-05-23,66.510002,67.300003,66.00,67.160004,413300,62.801225
2013-05-22,69.190002,69.809998,67.220001,67.769997,509700,63.371628
2013-05-21,69.129997,70.150002,68.360001,69.089996,444800,64.605958
2013-05-20,68.309998,69.32,68.120003,68.830002,396900,64.362838
2013-05-17,67.610001,68.610001,67.610001,68.419998,394500,63.979444
2013-05-16,67.449997,68.870003,67.099998,67.290001,426300,62.922785
2013-05-15,67.589996,67.93,66.919998,67.629997,516700,63.240715
2013-05-14,67.790001,68.669998,67.449997,68.089996,416100,63.670859
2013-05-13,68.330002,68.580002,67.860001,67.910004,289200,63.502549
2013-05-10,67.739998,68.879997,66.989998,68.68,463100,64.222571
2013-05-09,67.889999,68.540001,67.18,67.660004,240800,63.268774
2013-05-08,66.599998,68.669998,66.309998,68.269997,551100,63.839177
2013-05-07,66.019997,66.830002,65.910004,66.800003,330500,62.464589
2013-05-06,66.449997,66.57,65.300003,66.010002,365900,61.72586
2013-05-03,65.18,67.199997,65.18,66.400002,681800,62.090548
2013-05-02,63.41,64.440002,62.52,64.25,461900,60.080084
2013-05-01,64.449997,64.459999,63.189999,63.310001,443700,59.201093
2013-04-30,63.50,65.089996,63.060001,65.07,675200,60.846865
2013-04-29,64.239998,64.589996,63.490002,64.150002,506800,59.986576
2013-04-26,64.019997,64.309998,62.919998,64.050003,1201000,59.893067
2013-04-25,65.43,68.870003,59.439999,64.489998,2052600,60.304506
2013-04-24,66.279999,67.510002,65.949997,67.040001,651400,62.68901
2013-04-23,65.830002,66.510002,65.019997,66.010002,543000,61.72586
2013-04-22,65.830002,65.830002,64.220001,65.440002,563000,61.192854
2013-04-19,65.809998,65.970001,64.75,65.690002,419300,61.426629
2013-04-18,65.730003,66.559998,64.410004,65.309998,575600,61.071287
2013-04-17,65.919998,65.919998,64.760002,65.459999,787000,61.211553
2013-04-16,65.82,66.980003,65.379997,66.809998,974700,62.473934
2013-04-15,66.169998,66.269997,64.239998,64.650002,541700,60.454125
2013-04-12,68.050003,68.629997,66.459999,67.190002,475900,62.829276
2013-04-11,69.419998,69.870003,68.099998,68.279999,395500,63.84853
2013-04-10,69.870003,69.870003,68.769997,69.559998,346700,65.045456
2013-04-09,68.480003,70.010002,68.040001,69.480003,486000,64.970653
2013-04-08,67.879997,68.150002,67.440002,68.150002,398400,63.72697
2013-04-05,65.43,67.959999,64.910004,67.709999,650300,63.315525
2013-04-04,66.50,67.660004,65.830002,66.459999,597800,62.146651
2013-04-03,67.699997,67.699997,65.300003,66.330002,783500,62.025091
2013-04-02,69.910004,69.980003,67.169998,67.669998,531000,63.27812
2013-04-01,71.160004,71.160004,69.059998,69.199997,393500,64.708819
2013-03-28,70.940002,71.300003,70.25,71.169998,375600,66.550965
2013-03-27,70.089996,71.199997,69.529999,71.089996,429300,66.476155
2013-03-26,70.129997,71.110001,70.099998,70.910004,576800,66.307844
2013-03-25,69.589996,70.839996,69.080002,69.919998,507300,65.382092
2013-03-22,69.339996,69.769997,68.910004,69.389999,218300,64.88649
2013-03-21,69.709999,70.510002,69.080002,69.150002,541500,64.662069
2013-03-20,69.510002,70.279999,69.07,69.980003,428800,65.438202
2013-03-19,69.040001,69.25,67.720001,69.120003,495900,64.634017
2013-03-18,68.089996,69.290001,68.089996,69.00,390500,64.521803
2013-03-15,68.889999,69.82,68.739998,69.239998,711700,64.746224
2013-03-14,68.029999,69.040001,67.470001,68.940002,742100,64.465699
2013-03-13,67.160004,67.860001,66.07,67.529999,763600,63.147207
2013-03-12,67.330002,67.790001,66.589996,67.239998,692500,62.876027
2013-03-11,67.089996,67.75,66.50,67.389999,390800,63.016293
2013-03-08,66.760002,67.68,66.760002,67.260002,596300,62.894733
2013-03-07,66.720001,67.610001,66.220001,66.620003,540300,62.296271
2013-03-06,67.349998,67.349998,65.120003,66.650002,745100,62.324322
2013-03-05,66.940002,68.879997,65.959999,66.040001,607000,61.47338
2013-03-04,65.589996,65.959999,64.809998,65.610001,552700,61.073114
2013-03-01,65.550003,66.279999,64.879997,65.870003,774400,61.315137
2013-02-28,66.830002,67.459999,66.580002,66.589996,650400,61.985344
2013-02-27,65.57,67.540001,65.57,66.879997,1000800,62.255291
2013-02-26,65.419998,65.82,64.660004,65.730003,840200,61.184819
2013-02-25,68.360001,68.57,65.089996,65.099998,1159500,60.598378
2013-02-22,68.290001,68.580002,67.43,68.199997,458400,63.484014
2013-02-21,68.00,69.699997,67.290001,67.940002,1103800,63.241998
2013-02-20,71.400002,71.459999,68.040001,68.129997,973600,63.418855
2013-02-19,72.199997,72.900002,71.459999,71.760002,580000,66.797847
2013-02-15,71.709999,72.360001,71.709999,72.050003,465200,67.067795
2013-02-14,70.75,72.080002,70.459999,72.00,404100,67.021249
2013-02-13,70.949997,71.629997,70.379997,71.010002,421000,66.099709
2013-02-12,71.00,71.199997,70.470001,70.769997,469700,65.8763
2013-02-11,71.260002,71.779999,70.809998,71.00,354400,66.090399
2013-02-08,70.18,71.57,70.18,71.440002,555700,66.499975
2013-02-07,70.07,70.559998,69.18,70.059998,740300,65.215397
2013-02-06,68.00,71.379997,68.00,70.25,2540500,65.392261
2013-02-05,64.43,64.900002,64.099998,64.690002,439100,60.216733
2013-02-04,64.839996,65.150002,64.080002,64.309998,371300,59.863005
2013-02-01,65.389999,65.949997,64.839996,65.650002,461300,61.110349
2013-01-31,64.080002,65.029999,64.019997,64.720001,453900,60.244657
2013-01-30,64.629997,65.00,63.849998,64.139999,394400,59.704762
2013-01-29,64.18,65.199997,64.050003,64.68,407000,60.207423
2013-01-28,64.120003,64.260002,63.50,64.00,330200,59.574444
2013-01-25,63.889999,64.209999,63.049999,64.209999,353200,59.769922
2013-01-24,63.720001,64.129997,62.869999,63.509998,469900,59.118325
2013-01-23,64.160004,64.18,63.349998,63.560001,505600,59.164871
2013-01-22,63.299999,64.720001,62.549999,64.190002,638900,59.751308
2013-01-18,63.549999,63.57,62.779999,63.23,458700,58.857688
2013-01-17,63.009998,63.630001,62.82,63.459999,598000,59.071784
2013-01-16,63.25,63.25,62.16,62.470001,771900,58.150243
2013-01-15,63.18,64.010002,63.099998,63.799999,451400,59.388273
2013-01-14,63.48,64.160004,63.349998,63.580002,423600,59.183488
2013-01-11,64.57,64.639999,63.709999,64.160004,417600,59.723383
2013-01-10,65.419998,65.699997,63.939999,64.699997,704200,60.226036
2013-01-09,64.25,65.480003,63.98,65.330002,749800,60.812477
2013-01-08,64.510002,64.690002,63.529999,63.669998,429800,59.267261
2013-01-07,64.220001,64.879997,64.010002,64.599998,321400,60.132953
2013-01-04,63.529999,64.599998,63.400002,64.580002,330800,60.114339
2013-01-03,64.360001,64.629997,63.310001,63.369999,666200,58.988007
2013-01-02,63.73,64.699997,63.57,64.57,524900,60.105028
2012-12-31,60.110001,62.279999,60.110001,62.099998,382600,57.805826
2012-12-28,60.869999,61.119999,60.259998,60.360001,352500,56.186148
2012-12-27,61.790001,62.080002,60.59,61.240002,406900,57.005297
2012-12-26,61.830002,62.450001,61.490002,61.540001,335200,57.284552
2012-12-24,61.540001,61.66,61.310001,61.540001,165200,57.284552
2012-12-21,60.50,61.82,60.50,61.73,715300,57.461412
2012-12-20,60.790001,62.00,60.560001,62.00,661200,57.712742
2012-12-19,60.799999,61.740002,60.689999,60.77,662400,56.567797
2012-12-18,59.939999,61.639999,59.810001,60.98,833600,56.763274
2012-12-17,59.310001,59.970001,59.16,59.939999,437400,55.795189
2012-12-14,58.82,59.75,57.950001,59.25,592000,55.152903
2012-12-13,57.98,58.490002,57.759998,57.939999,321600,53.933487
2012-12-12,58.380001,58.990002,57.689999,57.970001,512100,53.961415
2012-12-11,57.27,58.299999,56.43,58.259998,589300,54.231359
2012-12-10,56.91,57.32,56.59,57.189999,452400,53.235349
2012-12-07,57.00,57.169998,56.43,57.029999,224800,53.086413
2012-12-06,56.459999,56.810001,56.27,56.810001,458400,52.881629
2012-12-05,56.450001,56.84,55.84,56.43,508300,52.527904
2012-12-04,56.09,57.080002,55.740002,56.169998,401000,52.285881
2012-12-03,57.110001,57.110001,56.080002,56.330002,645000,52.434821
2012-11-30,56.639999,56.790001,55.959999,56.400002,597500,52.49998
2012-11-29,57.07,57.459999,56.18,56.580002,380500,52.667533
2012-11-28,55.529999,56.459999,55.09,56.400002,296900,52.49998
2012-11-27,56.25,56.82,55.889999,55.950001,482100,52.081097
2012-11-26,56.91,57.209999,56.07,56.529999,359500,52.388277
2012-11-23,56.50,57.049999,56.360001,56.93,222200,52.758972
2012-11-21,56.049999,56.529999,55.860001,56.189999,366800,52.073187
2012-11-20,55.57,56.330002,55.470001,56.02,795300,51.915644
2012-11-19,54.970001,55.959999,54.970001,55.810001,601100,51.721031
2012-11-16,53.900002,54.470001,53.09,54.029999,683300,50.071442
2012-11-15,54.369999,54.990002,53.68,53.709999,597000,49.774887
2012-11-14,55.650002,55.77,54.290001,54.50,512400,50.507008
2012-11-13,54.650002,55.889999,54.650002,55.380001,517500,51.322535
2012-11-12,56.279999,56.290001,55.18,55.52,385400,51.452277
2012-11-09,54.580002,56.400002,54.25,55.509998,768100,51.443008
2012-11-08,55.209999,55.43,54.540001,54.77,544500,50.757227
2012-11-07,54.240002,56.509998,54.240002,55.459999,925000,51.396672
2012-11-06,56.700001,57.75,56.220001,57.189999,688100,52.999921
2012-11-05,55.700001,56.59,55.459999,56.23,574500,52.110257
2012-11-02,58.560001,58.68,55.529999,55.720001,1155800,51.637625
2012-11-01,55.07,58.240002,54.240002,58.240002,861900,53.972995
2012-10-31,54.860001,54.860001,53.860001,54.34,420200,50.358731
2012-10-26,54.919998,55.50,54.369999,54.93,487700,50.905504
2012-10-25,53.18,54.849998,52.810001,54.77,862200,50.757227
2012-10-24,53.029999,53.029999,52.00,52.110001,526200,48.292114
2012-10-23,52.290001,52.880001,51.779999,52.549999,448300,48.699876
2012-10-22,52.799999,53.290001,52.349998,53.099998,413100,49.209579
2012-10-19,52.759998,53.07,52.43,52.709999,368800,48.848153
2012-10-18,52.919998,53.48,52.599998,52.950001,697500,49.070571
2012-10-17,53.279999,54.419998,52.490002,53.299999,1329500,49.394926
2012-10-16,51.75,53.130001,51.619999,52.98,577100,49.098372
2012-10-15,50.50,51.389999,49.959999,51.360001,287700,47.597063
2012-10-12,50.650002,50.950001,49.720001,50.34,480900,46.651794
2012-10-11,50.459999,50.900002,50.169998,50.630001,746600,46.920548
2012-10-10,50.849998,50.939999,49.790001,50.119999,637000,46.447912
2012-10-09,51.669998,52.580002,50.759998,50.919998,655300,47.189298
2012-10-08,51.16,52.099998,51.099998,51.599998,437600,47.819478
2012-10-05,52.66,52.75,51.59,51.799999,352300,48.004825
2012-10-04,51.459999,52.419998,51.369999,52.139999,310600,48.319915
2012-10-03,51.639999,51.84,50.869999,51.099998,323200,47.356111
2012-10-02,51.91,52.16,51.18,51.59,372900,47.810212
2012-10-01,52.77,52.98,51.27,51.540001,732300,47.763876
2012-09-28,52.66,52.66,51.529999,52.349998,410800,48.514528
2012-09-27,52.470001,53.09,51.700001,53.060001,443800,49.172512
2012-09-26,51.549999,52.540001,50.75,52.02,452400,48.208708
2012-09-25,53.91,53.91,51.540001,51.560001,596600,47.782411
2012-09-24,53.52,53.98,53.080002,53.419998,353200,49.506133
2012-09-21,55.139999,55.290001,53.790001,53.900002,688400,49.950969
2012-09-20,53.810001,54.560001,53.040001,54.419998,366600,50.432867
2012-09-19,54.529999,55.07,54.110001,54.529999,381600,50.534809
2012-09-18,54.23,54.950001,53.169998,54.549999,604700,50.553344
2012-09-17,56.860001,56.860001,54.740002,54.990002,677500,50.961109
2012-09-14,57.689999,58.799999,57.23,57.66,626200,53.435487
2012-09-13,55.970001,57.900002,55.41,57.130001,449700,52.94432
2012-09-12,56.00,56.169998,54.740002,55.950001,420300,51.850773
2012-09-11,54.889999,55.98,54.810001,55.740002,430700,51.65616
2012-09-10,54.459999,55.48,54.450001,54.75,444400,50.738691
2012-09-07,53.130001,54.52,52.689999,54.490002,318400,50.497742
2012-09-06,51.990002,53.00,51.880001,52.349998,387100,48.514528
2012-09-05,51.68,51.98,51.27,51.419998,288600,47.652665
2012-09-04,51.439999,51.970001,50.580002,51.68,477800,47.893618
2012-08-31,51.470001,51.66,50.77,51.43,290400,47.661935
2012-08-30,51.599998,51.630001,50.32,50.93,319100,47.198567
2012-08-29,52.290001,52.41,51.580002,51.970001,319600,48.162372
2012-08-28,52.389999,52.57,51.59,52.310001,310700,48.477462
2012-08-27,52.799999,52.900002,51.889999,52.349998,297000,48.514528
2012-08-24,52.419998,52.68,51.900002,52.380001,235400,48.542333
2012-08-23,53.459999,53.459999,52.369999,52.639999,492300,48.783282
2012-08-22,53.189999,53.630001,52.639999,53.439999,281700,49.524668
2012-08-21,53.57,54.459999,53.169998,53.459999,269400,49.543204
2012-08-20,52.75,53.419998,52.580002,53.41,273400,49.496868
2012-08-17,52.939999,53.299999,52.669998,52.950001,270400,49.070571
2012-08-16,52.23,53.16,52.00,52.849998,171500,48.977895
2012-08-15,51.900002,52.34,51.59,52.169998,330800,48.347716
2012-08-14,53.189999,53.419998,52.130001,52.349998,277300,48.282843
2012-08-13,53.200001,53.330002,52.00,52.799999,301400,48.697882
2012-08-10,52.75,53.57,52.48,53.470001,211600,49.31583
2012-08-09,52.639999,53.630001,52.389999,53.060001,285500,48.937684
2012-08-08,52.630001,53.799999,52.630001,52.790001,300300,48.688661
2012-08-07,52.830002,53.580002,52.700001,52.91,398500,48.799337
2012-08-06,51.860001,53.169998,51.860001,52.529999,336500,48.448858
2012-08-03,51.169998,52.119999,50.799999,51.509998,361800,47.508103
2012-08-02,50.650002,51.580002,49.23,50.029999,526400,46.143087
2012-08-01,51.75,51.93,50.650002,51.110001,681200,47.139182
2012-07-31,50.279999,52.09,50.209999,51.48,1092500,47.480435
2012-07-30,49.66,50.310001,49.220001,50.220001,753900,46.318328
2012-07-27,48.419998,49.950001,48.060001,49.650002,727300,45.792613
2012-07-26,46.09,48.459999,46.09,48.099998,1353500,44.363032
2012-07-25,46.00,46.23,44.91,44.98,1351400,41.485431
2012-07-24,47.700001,47.860001,45.389999,45.720001,904300,42.167941
2012-07-23,46.970001,47.860001,46.43,47.599998,513700,43.901878
2012-07-20,49.099998,49.400002,48.189999,48.310001,475100,44.556719
2012-07-19,49.950001,50.139999,49.34,49.450001,436200,45.60815
2012-07-18,48.75,49.830002,48.75,49.790001,450200,45.921735
2012-07-17,49.59,49.810001,48.240002,49.040001,472600,45.230004
2012-07-16,49.459999,49.66,48.880001,49.369999,372300,45.534364
2012-07-13,48.360001,49.869999,48.27,49.709999,450800,45.847949
2012-07-12,49.52,51.810001,47.349998,48.060001,1277900,44.326142
2012-07-11,50.580002,51.040001,49.650002,49.91,342200,46.032411
2012-07-10,51.75,51.75,49.950001,50.419998,431900,46.502787
2012-07-09,50.860001,51.07,50.299999,50.75,364000,46.807151
2012-07-06,51.189999,51.669998,50.849998,51.080002,437100,47.111514
2012-07-05,51.299999,52.50,50.82,51.959999,490300,47.923143
2012-07-03,50.360001,51.75,50.279999,51.310001,414900,47.323645
2012-07-02,50.799999,50.799999,49.75,50.150002,485200,46.253767
2012-06-29,49.540001,50.509998,49.450001,50.50,515700,46.576573
2012-06-28,47.57,48.52,47.400002,48.52,440200,44.750403
2012-06-27,47.310001,48.32,46.740002,48.18,306900,44.436818
2012-06-26,46.57,47.360001,46.27,47.07,333900,43.413055
2012-06-25,46.43,46.59,46.060001,46.369999,371500,42.767439
2012-06-22,47.349998,47.450001,46.779999,47.279999,439400,43.606739
2012-06-21,49.040001,49.110001,47.009998,47.049999,376500,43.394609
2012-06-20,49.209999,49.91,48.68,49.139999,413900,45.322233
2012-06-19,47.380001,49.50,47.330002,49.16,530100,45.34068
2012-06-18,47.09,47.349998,46.810001,47.040001,437000,43.385387
2012-06-15,47.119999,47.810001,46.720001,47.57,980200,43.87421
2012-06-14,46.619999,47.209999,46.27,46.919998,478300,43.274708
2012-06-13,46.630001,47.240002,46.259998,46.610001,458900,42.988794
2012-06-12,47.310001,47.439999,46.490002,47.09,585100,43.431502
2012-06-11,49.27,49.299999,46.900002,46.939999,956700,43.293154
2012-06-08,48.490002,48.869999,47.540001,48.669998,699500,44.888747
2012-06-07,48.450001,49.66,48.200001,48.599998,741900,44.824186
2012-06-06,46.669998,47.68,46.669998,47.669998,410000,43.966439
2012-06-05,45.709999,46.360001,45.400002,46.25,363900,42.656763
2012-06-04,46.080002,46.080002,44.810001,45.990002,802500,42.416964
2012-06-01,45.849998,46.759998,45.759998,46.080002,578800,42.499972
2012-05-31,48.080002,48.25,46.66,47.209999,478000,43.542178
2012-05-30,48.459999,48.57,47.810001,48.119999,469500,44.381479
2012-05-29,48.630001,49.779999,48.630001,49.540001,400200,45.552813
2012-05-25,47.93,48.240002,47.669998,48.00,539400,44.136758
2012-05-24,49.580002,49.580002,47.459999,48.060001,562900,44.19193
2012-05-23,47.790001,49.360001,47.09,49.25,501000,45.286153
2012-05-22,49.259998,49.689999,48.099998,48.48,599600,44.578125
2012-05-21,47.599998,49.290001,47.43,49.18,498200,45.221787
2012-05-18,48.669998,49.029999,47.139999,47.400002,606500,43.58505
2012-05-17,50.060001,50.490002,48.209999,48.32,621700,44.431003
2012-05-16,51.75,52.330002,49.66,49.869999,787600,45.856251
2012-05-15,52.169998,52.709999,51.27,51.459999,606700,47.318282
2012-05-14,51.860001,52.860001,51.57,52.279999,426200,48.072284
2012-05-11,52.009998,53.66,51.860001,52.57,276000,48.338945
2012-05-10,53.189999,53.52,52.049999,52.57,414100,48.338945
2012-05-09,51.630001,53.52,51.16,52.689999,506800,48.449286
2012-05-08,52.799999,52.860001,51.57,52.75,547500,48.504458
2012-05-07,53.029999,53.630001,52.599998,53.279999,266000,48.9918
2012-05-04,54.669998,54.84,53.099998,53.349998,512900,49.056166
2012-05-03,55.869999,56.400002,54.98,55.110001,417700,50.674516
2012-05-02,55.580002,56.099998,55.360001,55.900002,430500,51.400934
2012-05-01,55.950001,57.360001,55.84,56.18,597900,51.658397
2012-04-30,55.869999,56.279999,55.279999,55.889999,632100,51.391737
2012-04-27,56.830002,57.099998,55.509998,56.330002,961900,51.796326
2012-04-26,55.00,56.07,52.139999,55.68,758400,51.198639
2012-04-25,55.060001,55.639999,54.650002,55.34,443000,50.886004
2012-04-24,53.880001,54.959999,53.509998,54.07,417800,49.718218
2012-04-23,53.27,53.880001,52.689999,53.779999,522800,49.451558
2012-04-20,55.119999,55.299999,54.369999,54.419998,359300,50.040048
2012-04-19,55.75,55.919998,54.299999,54.639999,693900,50.242342
2012-04-18,55.779999,56.490002,55.490002,55.740002,477100,51.253812
2012-04-17,54.919998,56.860001,54.82,56.16,808000,51.640007
2012-04-16,53.57,55.130001,53.220001,54.43,1226800,50.049245
2012-04-13,52.869999,52.900002,51.93,52.07,437200,47.879187
2012-04-12,51.77,53.990002,51.77,53.07,1347000,48.798703
2012-04-11,52.52,52.84,51.41,51.59,728600,47.43782
2012-04-10,53.009998,53.220001,51.310001,51.50,752500,47.355063
2012-04-09,52.529999,53.43,52.459999,53.009998,592800,48.74353
2012-04-05,54.700001,55.529999,53.099998,53.459999,894300,49.157313
2012-04-04,54.950001,55.509998,54.610001,54.91,542200,50.490612
2012-04-03,56.93,56.93,54.939999,55.900002,897200,51.400934
2012-04-02,56.48,57.700001,56.169998,56.939999,672600,52.357228
2012-03-30,57.00,57.23,55.68,56.48,488800,51.934251
2012-03-29,55.360001,56.580002,55.009998,56.419998,424200,51.879079
2012-03-28,56.349998,56.349998,54.50,56.009998,511000,51.502078
2012-03-27,56.360001,57.099998,56.259998,56.50,403300,51.952642
2012-03-26,56.720001,56.720001,55.540001,56.43,348000,51.888276
2012-03-23,55.220001,55.93,54.560001,55.889999,421200,51.391737
2012-03-22,55.27,55.470001,54.200001,55.029999,499600,50.600953
2012-03-21,57.369999,57.369999,56.16,56.330002,567200,51.796326
2012-03-20,57.18,57.580002,56.060001,57.220001,827700,52.614695
2012-03-19,57.619999,58.580002,57.220001,57.950001,1417500,53.285941
2012-03-16,55.889999,57.450001,55.889999,57.419998,1124700,52.798595
2012-03-15,55.610001,56.529999,55.209999,55.919998,512500,51.419321
2012-03-14,55.27,55.939999,54.240002,55.68,872600,51.198639
2012-03-13,53.849998,55.419998,53.689999,55.360001,840200,50.904395
2012-03-12,53.889999,54.599998,53.220001,53.599998,338200,49.286045
2012-03-09,53.700001,54.98,53.560001,53.799999,627000,49.469949
2012-03-08,53.869999,54.18,53.169998,53.599998,444600,49.286045
2012-03-07,53.389999,53.459999,52.490002,53.139999,441800,48.863068
2012-03-06,53.009998,53.040001,52.259998,52.889999,583700,48.633189
2012-03-05,54.48,54.689999,53.25,53.849998,537300,49.515924
2012-03-02,54.889999,55.759998,54.52,54.740002,809500,50.334296
2012-03-01,54.029999,55.23,54.029999,54.599998,571300,50.205561
2012-02-29,54.400002,55.00,53.48,53.720001,718200,49.396389
2012-02-28,54.439999,55.119999,54.049999,54.549999,445700,50.021657
2012-02-27,54.220001,54.790001,53.259998,54.48,446200,49.957468
2012-02-24,54.900002,55.759998,54.50,54.709999,412500,50.168374
2012-02-23,53.919998,55.209999,53.509998,54.869999,658200,50.315092
2012-02-22,56.029999,57.099998,53.630001,54.009998,1757200,49.526483
2012-02-21,56.16,57.700001,56.049999,56.990002,709300,52.259108
2012-02-17,56.25,56.369999,55.34,55.860001,639200,51.222911
2012-02-16,53.32,56.200001,52.16,55.860001,1397900,51.222911
2012-02-15,54.169998,54.330002,51.900002,52.48,994600,48.123493
2012-02-14,54.00,54.110001,52.759998,53.68,863400,49.223879
2012-02-13,54.150002,54.259998,52.919998,54.169998,494900,49.6732
2012-02-10,53.650002,54.080002,53.00,53.650002,524200,49.19637
2012-02-09,54.549999,54.869999,53.50,54.610001,383300,50.076677
2012-02-08,54.77,55.43,54.290001,54.490002,315700,49.96664
2012-02-07,54.700001,55.400002,54.09,54.669998,351700,50.131694
2012-02-06,55.689999,55.889999,54.740002,54.77,522800,50.223395
2012-02-03,55.299999,56.540001,55.279999,55.990002,498800,51.34212
2012-02-02,54.75,55.549999,54.279999,54.669998,331000,50.131694
2012-02-01,53.810001,55.07,53.509998,54.529999,499700,50.003316
2012-01-31,54.880001,54.950001,52.919998,53.200001,793000,48.783725
2012-01-30,53.360001,54.34,52.32,54.130001,812400,49.636524
2012-01-27,54.970001,55.369999,54.389999,54.93,616000,50.370113
2012-01-26,55.860001,56.060001,54.68,55.290001,812700,50.700229
2012-01-25,54.099998,56.049999,53.830002,55.889999,657500,51.25042
2012-01-24,53.720001,54.470001,52.799999,54.43,823900,49.911619
2012-01-23,55.099998,55.48,54.00,54.290001,1123300,49.783241
2012-01-20,55.799999,55.91,54.619999,54.91,846700,50.351772
2012-01-19,55.900002,57.299999,55.790001,56.049999,942600,51.397137
2012-01-18,54.290001,55.970001,54.139999,55.810001,359100,51.177062
2012-01-17,54.439999,54.959999,53.77,54.349998,368600,49.838258
2012-01-13,53.740002,53.740002,52.439999,53.669998,414000,49.214707
2012-01-12,54.07,54.709999,53.200001,54.57,443300,50.039997
2012-01-11,53.950001,54.07,53.220001,53.869999,542900,49.398105
2012-01-10,53.549999,54.50,53.360001,53.689999,688700,49.233047
2012-01-09,52.950001,53.549999,52.259998,52.52,461900,48.160173
2012-01-06,52.110001,53.080002,51.139999,52.860001,845500,48.471949
2012-01-05,50.970001,52.360001,49.950001,52.200001,1170900,47.866738
2012-01-04,50.299999,51.790001,50.02,51.470001,821400,47.197337
2012-01-03,49.93,51.470001,49.66,50.41,524300,46.22533
2011-12-30,48.439999,48.990002,48.439999,48.689999,330800,44.64811
2011-12-29,48.119999,48.990002,47.959999,48.490002,360300,44.464716
2011-12-28,49.049999,49.150002,47.490002,47.790001,363100,43.822824
2011-12-27,49.470001,49.950001,49.00,49.130001,244300,45.051587
2011-12-23,49.509998,49.880001,49.139999,49.830002,242600,45.693479
2011-12-22,48.610001,49.860001,48.57,49.43,404100,45.326683
2011-12-21,48.34,48.91,47.59,48.380001,383000,44.363847
2011-12-20,47.00,49.130001,47.00,48.580002,1094800,44.547245
2011-12-19,47.709999,47.98,45.990002,46.16,526000,42.328134
2011-12-16,46.77,47.959999,46.580002,47.50,1001600,43.556897
2011-12-15,46.48,46.779999,45.540001,46.310001,463100,42.465683
2011-12-14,45.740002,46.34,44.650002,45.689999,583900,41.897148
2011-12-13,47.889999,48.41,45.77,46.119999,592700,42.291453
2011-12-12,47.93,48.279999,46.669998,47.400002,957400,43.465199
2011-12-09,48.299999,49.48,47.970001,49.27,454700,45.179965
2011-12-08,49.43,49.709999,47.619999,48.07,601800,44.079579
2011-12-07,49.27,50.560001,48.330002,50.110001,794500,45.950234
2011-12-06,49.540001,50.450001,48.689999,49.860001,711600,45.720987
2011-12-05,49.830002,50.919998,49.02,49.560001,1081800,45.445892
2011-12-02,49.240002,49.709999,48.669998,48.860001,879600,44.804
2011-12-01,48.810001,49.799999,48.049999,48.509998,811600,44.483052
2011-11-30,46.380001,49.139999,46.380001,49.110001,1091300,45.033247
2011-11-29,44.27,44.889999,43.639999,44.290001,471100,40.613368
2011-11-28,44.279999,44.93,43.650002,44.049999,714500,40.39329
2011-11-25,42.00,42.630001,41.860001,42.110001,261600,38.614336
2011-11-23,43.259998,43.259998,41.810001,42.18,744400,38.568486
2011-11-22,43.77,44.080002,42.849998,43.889999,1156200,40.132073
2011-11-21,42.77,44.080002,42.77,43.790001,1100800,40.040636
2011-11-18,43.700001,44.630001,43.16,44.07,752300,40.296661
2011-11-17,44.630001,45.290001,42.880001,43.259998,597300,39.556013
2011-11-16,45.459999,45.900002,44.459999,44.630001,807100,40.808714
2011-11-15,45.220001,46.689999,44.98,46.279999,526700,42.317437
2011-11-14,45.150002,45.75,44.709999,45.549999,548400,41.649941
2011-11-11,44.290001,45.810001,44.09,45.259998,418400,41.38477
2011-11-10,43.509998,43.740002,42.50,43.470001,654600,39.748036
2011-11-09,43.810001,44.189999,42.41,42.740002,644100,39.08054
2011-11-08,45.560001,46.32,44.860001,45.450001,548900,41.558505
2011-11-07,45.619999,46.279999,44.43,45.240002,495900,41.366486
2011-11-04,44.150002,45.860001,44.07,45.52,844100,41.622511
2011-11-03,44.490002,45.049999,43.139999,44.75,692600,40.918439
2011-11-02,43.529999,44.139999,42.990002,43.75,929000,40.00406
2011-11-01,41.720001,43.110001,41.200001,42.16,968200,38.550198
2011-10-31,45.150002,45.150002,43.470001,44.189999,1016900,40.406386
2011-10-28,45.68,46.689999,45.049999,45.990002,644800,42.05227
2011-10-27,44.389999,46.700001,42.419998,45.889999,825200,41.96083
2011-10-26,41.610001,41.830002,39.700001,41.330002,670800,37.791266
2011-10-25,41.959999,41.959999,40.450001,40.57,405800,37.096336
2011-10-24,40.880001,42.810001,40.880001,42.389999,464700,38.760505
2011-10-21,40.130001,40.93,39.59,40.509998,299400,37.041472
2011-10-20,38.619999,39.529999,37.779999,39.41,448200,36.035657
2011-10-19,39.380001,39.619999,38.52,38.709999,573400,35.395592
2011-10-18,37.810001,39.799999,37.580002,39.549999,966000,36.16367
2011-10-17,39.509998,39.59,37.84,38.009998,391300,34.755526
2011-10-14,39.830002,40.060001,38.959999,39.799999,377500,36.392265
2011-10-13,38.77,39.509998,37.880001,39.119999,438200,35.770487
2011-10-12,38.439999,39.98,38.32,39.240002,572300,35.880215
2011-10-11,37.490002,38.470001,37.169998,38.00,309500,34.746384
2011-10-10,37.220001,37.990002,37.07,37.98,310700,34.728096
2011-10-07,37.549999,37.709999,35.48,36.099998,497500,33.009063
2011-10-06,35.75,37.59,35.619999,37.279999,626100,34.08803
2011-10-05,33.240002,36.16,32.669998,35.919998,1215700,32.844475
2011-10-04,31.75,33.32,31.09,33.25,1200000,30.403086
2011-10-03,33.650002,34.27,31.780001,32.040001,926500,29.296689
2011-09-30,34.439999,34.959999,33.919998,34.009998,422600,31.098012
2011-09-29,36.09,36.330002,34.189999,35.299999,501700,32.277561
2011-09-28,37.50,37.599998,34.77,35.040001,773200,32.039824
2011-09-27,36.560001,38.689999,36.450001,37.41,797300,34.2069
2011-09-26,35.18,35.48,33.380001,35.41,459200,32.378143
2011-09-23,33.220001,34.799999,33.220001,34.18,461500,31.253458
2011-09-22,35.00,35.23,32.75,33.68,796100,30.796269
2011-09-21,37.98,37.98,36.389999,36.400002,539900,33.28338
2011-09-20,39.639999,39.91,38.099998,38.110001,456500,34.846966
2011-09-19,39.580002,39.759998,38.759998,39.560001,613400,36.172816
2011-09-16,41.169998,41.459999,40.09,40.580002,631500,37.105482
2011-09-15,40.82,41.169998,40.330002,40.98,545900,37.471231
2011-09-14,40.139999,40.889999,39.02,40.389999,715900,36.931748
2011-09-13,38.740002,39.939999,37.970001,39.779999,855800,36.373977
2011-09-12,38.00,39.049999,37.529999,38.50,574000,35.203573
2011-09-09,39.23,39.599998,38.25,38.50,515300,35.203573
2011-09-08,39.860001,40.41,39.549999,39.73,452500,36.328258
2011-09-07,39.509998,40.549999,39.509998,40.279999,553200,36.831166
2011-09-06,37.50,38.689999,36.610001,38.580002,999400,35.276725
2011-09-02,39.439999,40.43,38.43,38.790001,301000,35.468744
2011-09-01,41.439999,41.880001,40.509998,40.580002,406600,37.105482
2011-08-31,43.169998,43.650002,41.080002,41.439999,1464000,37.891845
2011-08-30,40.099998,41.41,39.970001,40.959999,505800,37.452943
2011-08-29,39.73,40.939999,39.509998,40.869999,380300,37.370649
2011-08-26,37.150002,39.110001,36.740002,38.900002,412500,35.569326
2011-08-25,38.82,39.02,37.279999,37.52,409600,34.307483
2011-08-24,37.98,38.580002,37.400002,38.419998,312300,35.130421
2011-08-23,37.009998,38.009998,36.790001,38.009998,535400,34.755526
2011-08-22,38.50,38.610001,36.709999,36.869999,533100,33.713135
2011-08-19,36.959999,38.849998,36.900002,37.290001,964700,34.097176
2011-08-18,38.98,38.98,36.740002,37.450001,1044100,34.243476
2011-08-17,40.779999,41.450001,40.099998,40.34,475800,36.88603
2011-08-16,40.73,41.639999,40.470001,40.889999,805700,37.279213
2011-08-15,41.23,41.48,41.029999,41.43,413800,37.771529
2011-08-12,40.799999,41.34,40.349998,40.759998,523600,37.160692
2011-08-11,38.93,40.790001,37.709999,40.32,1397000,36.759547
2011-08-10,38.630001,40.75,37.759998,38.57,2252600,35.164081
2011-08-09,38.349998,39.700001,36.959999,39.689999,1483900,36.185178
2011-08-08,40.849998,41.220001,37.290001,37.290001,2549200,33.997112
2011-08-05,43.639999,44.189999,40.830002,42.439999,1279400,38.69234
2011-08-04,44.41,45.099998,42.959999,42.959999,1445900,39.166422
2011-08-03,45.880001,46.040001,44.07,45.650002,852600,41.618884
2011-08-02,46.060001,47.00,45.759998,45.790001,1049000,41.746521
2011-08-01,47.68,47.889999,45.950001,46.52,702700,42.412058
2011-07-29,46.450001,47.349998,45.799999,47.009998,652000,42.858786
2011-07-28,47.00,48.759998,46.849998,47.18,1162100,43.013776
2011-07-27,48.790001,49.009998,47.049999,47.189999,826400,43.022892
2011-07-26,50.150002,50.150002,49.07,49.16,792400,44.818932
2011-07-25,49.880001,50.610001,49.759998,50.310001,598300,45.867383
2011-07-22,50.25,50.57,50.09,50.43,365800,45.976785
2011-07-21,49.68,50.380001,49.48,50.310001,707600,45.867383
2011-07-20,49.720001,49.720001,49.200001,49.450001,519500,45.083325
2011-07-19,49.389999,49.700001,49.25,49.669998,730500,45.283895
2011-07-18,49.110001,49.419998,48.419998,48.619999,765100,44.326616
2011-07-15,48.43,49.200001,48.00,49.169998,873200,44.828048
2011-07-14,48.93,49.419998,48.189999,48.32,970300,44.053108
2011-07-13,48.66,50.00,48.470001,48.669998,670600,44.3722
2011-07-12,48.48,49.00,48.279999,48.310001,417900,44.043993
2011-07-11,48.77,49.060001,48.299999,48.650002,923400,44.353969
2011-07-08,49.00,49.639999,48.75,49.57,887500,45.192727
2011-07-07,49.540001,49.790001,49.360001,49.639999,1252000,45.256545
2011-07-06,49.09,49.25,48.380001,48.860001,1067100,44.545424
2011-07-05,49.889999,49.889999,48.939999,49.00,1376700,44.673061
2011-07-01,49.669998,50.139999,49.02,50.049999,1178300,45.63034
2011-06-30,49.57,50.220001,49.490002,49.650002,1124300,45.265664
2011-06-29,49.099998,50.00,48.98,49.540001,735500,45.165377
2011-06-28,48.07,48.970001,47.98,48.790001,494400,44.481606
2011-06-27,48.040001,48.200001,47.439999,47.68,464500,43.469624
2011-06-24,48.599998,48.959999,47.57,48.07,934100,43.825184
2011-06-23,47.619999,48.669998,46.869999,48.580002,877700,44.290151
2011-06-22,48.689999,49.139999,48.380001,48.459999,933200,44.180745
2011-06-21,48.119999,49.060001,48.029999,48.77,562400,44.463372
2011-06-20,46.900002,47.869999,46.75,47.610001,714500,43.405805
2011-06-17,47.73,47.73,46.540001,47.09,1205200,42.931723
2011-06-16,47.400002,48.150002,46.459999,47.16,1023700,42.995542
2011-06-15,47.599998,48.57,47.00,47.18,804900,43.013776
2011-06-14,47.369999,48.419998,47.310001,48.080002,755000,43.834303
2011-06-13,48.02,48.02,46.259998,46.75,810900,42.621747
2011-06-10,46.860001,48.220001,46.740002,47.950001,1448300,43.715782
2011-06-09,46.959999,47.529999,46.619999,47.099998,621400,42.940839
2011-06-08,46.91,47.200001,46.52,46.77,849000,42.639981
2011-06-07,47.119999,47.919998,46.669998,47.209999,748400,43.041126
2011-06-06,47.549999,47.959999,46.529999,46.610001,898800,42.49411
2011-06-03,48.34,48.950001,47.43,47.540001,992300,43.341987
2011-06-02,49.209999,50.48,48.91,49.189999,878700,44.846282
2011-06-01,51.060001,51.380001,49.07,49.25,803400,44.900985
2011-05-31,51.799999,52.119999,50.450001,51.509998,616100,46.852009
2011-05-27,50.91,51.34,50.650002,50.98,397800,46.369938
2011-05-26,50.799999,50.849998,49.950001,50.459999,1071800,45.89696
2011-05-25,50.639999,51.200001,50.470001,50.919998,534400,46.315362
2011-05-24,50.790001,51.650002,50.57,50.689999,412800,46.106161
2011-05-23,50.080002,50.959999,49.970001,50.389999,563300,45.833291
2011-05-20,51.779999,52.009998,51.07,51.32,596800,46.679192
2011-05-19,52.599998,52.599998,51.150002,51.959999,620600,47.261317
2011-05-18,51.349998,52.360001,51.150002,52.240002,472800,47.515999
2011-05-17,51.099998,51.84,50.799999,51.349998,486600,46.706478
2011-05-16,50.790001,52.779999,50.380001,51.32,689600,46.679192
2011-05-13,52.110001,52.240002,50.830002,51.130001,714300,46.506375
2011-05-12,51.50,52.799999,51.25,52.060001,1168400,47.352276
2011-05-11,54.57,54.57,52.380001,52.560001,747000,47.807062
2011-05-10,54.43,54.84,53.529999,54.799999,466900,49.844499
2011-05-09,52.400002,54.400002,52.400002,54.209999,566900,49.307852
2011-05-06,53.41,54.139999,51.810001,52.360001,1114200,47.625147
2011-05-05,52.709999,54.099998,52.220001,52.619999,595700,47.861634
2011-05-04,55.169998,55.169998,53.02,53.700001,613300,48.843973
2011-05-03,55.23,55.549999,54.560001,55.23,700200,50.235615
2011-05-02,56.790001,56.880001,54.98,55.130001,405300,50.14466
2011-04-29,56.790001,57.02,55.91,56.610001,565000,51.490825
2011-04-28,56.98,57.970001,56.27,56.810001,633600,51.672739
2011-04-27,56.490002,56.98,55.599998,56.669998,813200,51.545397
2011-04-26,56.380001,56.84,55.93,56.299999,409300,51.208856
2011-04-25,56.66,56.84,55.77,56.209999,317500,51.126995
2011-04-21,56.98,57.09,56.00,56.610001,294500,51.490825
2011-04-20,55.990002,56.759998,55.830002,56.439999,538300,51.336196
2011-04-19,54.189999,55.16,54.189999,55.09,476200,50.108276
2011-04-18,54.43,54.450001,53.400002,53.860001,463500,48.989504
2011-04-15,54.810001,55.50,54.330002,55.259998,462400,50.262901
2011-04-14,54.57,55.57,54.439999,54.720001,586300,49.771736
2011-04-13,55.740002,55.950001,54.060001,54.91,553700,49.944553
2011-04-12,55.689999,56.389999,55.27,55.369999,593800,50.362955
2011-04-11,57.540001,57.860001,55.939999,56.48,426300,51.372579
2011-04-08,58.630001,58.889999,57.049999,57.41,481800,52.218481
2011-04-07,58.900002,59.380001,58.049999,58.220001,527200,52.955235
2011-04-06,60.490002,60.599998,58.869999,58.950001,520000,53.619221
2011-04-05,59.380001,60.599998,59.18,60.049999,877900,54.619748
2011-04-04,58.689999,59.580002,58.540001,59.439999,440900,54.064909
2011-04-01,58.310001,58.869999,57.779999,58.41,497900,53.128052
2011-03-31,58.50,58.720001,57.700001,57.779999,772400,52.555021
2011-03-30,57.82,58.610001,56.849998,58.490002,693500,53.200819
2011-03-29,56.68,57.27,56.130001,57.119999,478600,51.954704
2011-03-28,56.990002,57.18,56.209999,56.68,668600,51.554494
2011-03-25,56.689999,57.27,56.18,56.619999,526600,51.499919
2011-03-24,55.389999,56.439999,55.00,56.060001,490200,50.990561
2011-03-23,53.869999,55.25,53.869999,54.810001,289100,49.853597
2011-03-22,53.93,54.490002,53.57,54.16,686000,49.262374
2011-03-21,53.099998,53.93,52.669998,53.860001,476400,48.989504
2011-03-18,53.619999,53.779999,52.049999,52.34,1299800,47.606955
2011-03-17,53.00,54.00,52.669998,52.73,569100,47.961687
2011-03-16,52.869999,53.799999,51.349998,51.900002,892000,47.206745
2011-03-15,50.950001,53.27,50.700001,52.869999,541900,48.089027
2011-03-14,52.709999,53.52,51.919998,52.810001,404500,48.034455
2011-03-11,51.400002,53.540001,51.290001,53.09,379300,48.289134
2011-03-10,52.290001,52.52,51.32,51.700001,541000,47.02483
2011-03-09,54.07,54.32,52.75,53.439999,548700,48.607482
2011-03-08,54.200001,54.889999,53.25,54.169998,639800,49.271469
2011-03-07,56.23,56.400002,53.950001,54.209999,526000,49.307852
2011-03-04,56.41,56.50,55.27,55.860001,620800,50.808646
2011-03-03,54.759998,56.50,54.759998,56.43,866400,51.327101
2011-03-02,53.73,55.00,53.599998,53.869999,706100,48.998598
2011-03-01,55.650002,55.990002,53.43,53.610001,990200,48.652962
2011-02-28,55.57,56.189999,54.599998,55.330002,510000,50.213924
2011-02-25,54.77,55.150002,54.310001,55.110001,542700,50.014265
2011-02-24,54.669998,56.060001,53.830002,54.580002,578000,49.533273
2011-02-23,55.759998,56.259998,53.630001,54.43,1040900,49.397141
2011-02-22,57.66,58.73,55.66,55.73,866500,50.576936
2011-02-18,58.540001,59.950001,58.18,58.380001,1182400,52.981906
2011-02-17,56.43,58.32,56.009998,58.27,1182600,52.882076
2011-02-16,55.509998,56.860001,55.389999,56.599998,1548000,51.366491
2011-02-15,55.799999,56.400002,54.959999,55.169998,758500,50.068715
2011-02-14,54.75,55.950001,54.75,55.84,756900,50.676765
2011-02-11,55.16,55.209999,54.330002,54.869999,1167600,49.796455
2011-02-10,55.23,56.18,55.150002,55.419998,831900,50.295599
2011-02-09,55.700001,56.25,55.27,55.68,1510200,50.53156
2011-02-08,55.32,56.110001,54.52,56.00,837100,50.821971
2011-02-07,55.09,55.98,54.889999,55.110001,693000,50.014265
2011-02-04,55.560001,55.700001,53.889999,55.040001,627500,49.950738
2011-02-03,54.779999,55.400002,53.98,55.299999,637800,50.186696
2011-02-02,53.77,55.049999,53.689999,54.66,652700,49.605874
2011-02-01,52.990002,54.25,52.990002,53.740002,970900,48.770943
2011-01-31,52.580002,52.950001,52.259998,52.290001,1016300,47.455016
2011-01-28,53.459999,53.900002,52.099998,52.189999,479400,47.364261
2011-01-27,53.709999,53.82,52.470001,53.400002,495300,48.462381
2011-01-26,52.310001,53.990002,52.310001,53.790001,1364100,48.816319
2011-01-25,51.599998,52.040001,50.470001,52.02,622000,47.209981
2011-01-24,51.41,52.23,51.279999,51.810001,716800,47.0194
2011-01-21,52.830002,53.27,51.130001,51.23,615500,46.493028
2011-01-20,51.950001,52.43,51.650002,52.16,1058200,47.337036
2011-01-19,54.290001,54.740002,52.290001,52.310001,1461000,47.473167
2011-01-18,53.630001,54.290001,53.540001,54.290001,979600,49.270087
2011-01-14,53.299999,53.970001,52.919998,53.349998,848100,48.417001
2011-01-13,53.630001,53.889999,53.029999,53.119999,634900,48.208269
2011-01-12,53.790001,54.189999,53.330002,53.700001,560800,48.734641
2011-01-11,53.360001,53.799999,52.810001,53.189999,758700,48.271796
2011-01-10,52.34,53.48,52.169998,52.860001,630400,47.972311
2011-01-07,52.889999,53.700001,52.029999,52.560001,1317600,47.700051
2011-01-06,52.619999,53.490002,52.310001,52.970001,759900,48.07214
2011-01-05,51.27,52.830002,50.740002,52.619999,770200,47.754501
2011-01-04,51.939999,52.490002,50.73,51.580002,391700,46.810667
2011-01-03,51.709999,52.50,51.630001,51.900002,360600,47.101078
2010-12-31,51.169998,51.509998,50.990002,51.099998,367200,46.375047
2010-12-30,51.279999,51.93,51.18,51.209999,259700,46.474877
2010-12-29,51.099998,51.700001,51.09,51.299999,250600,46.556555
2010-12-28,51.130001,51.509998,50.740002,51.049999,246500,46.329671
2010-12-27,51.07,51.200001,50.48,51.049999,150600,46.329671
2010-12-23,51.720001,51.84,50.959999,51.209999,420300,46.474877
2010-12-22,51.049999,51.98,51.009998,51.73,766100,46.946795
2010-12-21,50.080002,51.32,49.93,51.009998,919400,46.293369
2010-12-20,50.27,50.740002,49.509998,49.880001,952500,45.267857
2010-12-17,49.68,50.400002,49.540001,49.810001,1959800,45.204329
2010-12-16,48.919998,49.759998,48.919998,49.709999,1362000,45.113574
2010-12-15,49.240002,49.830002,48.540001,48.75,680400,44.242341
2010-12-14,49.779999,50.040001,49.16,49.450001,492200,44.877616
2010-12-13,50.00,50.310001,49.52,49.700001,612500,45.1045
2010-12-10,49.439999,49.93,49.00,49.52,583900,44.941143
2010-12-09,49.439999,49.849998,48.810001,49.419998,543400,44.850388
2010-12-08,49.75,50.66,48.939999,49.029999,648700,44.49645
2010-12-07,50.50,51.189999,49.68,49.73,915900,45.131725
2010-12-06,49.189999,50.00,49.189999,49.740002,823900,45.140802
2010-12-03,47.970001,49.549999,47.799999,49.52,936500,44.941143
2010-12-02,46.669998,48.240002,46.669998,48.209999,945800,43.752271
2010-12-01,45.209999,46.630001,45.169998,46.599998,1152600,42.291139
2010-11-30,43.349998,45.450001,43.130001,44.450001,796200,40.249187
2010-11-29,43.939999,44.049999,42.900002,43.84,748500,39.696835
2010-11-26,44.09,44.380001,43.669998,44.25,284400,40.068087
2010-11-24,44.849998,45.009998,44.32,44.490002,672500,40.285407
2010-11-23,44.529999,44.779999,44.07,44.450001,357400,40.249187
2010-11-22,45.09,45.439999,44.299999,45.369999,609400,41.082239
2010-11-19,44.130001,45.470001,43.619999,45.310001,601600,41.027912
2010-11-18,44.880001,45.369999,44.220001,44.349998,846900,40.158635
2010-11-17,44.41,44.880001,43.880001,44.029999,961900,39.868878
2010-11-16,45.34,45.380001,44.029999,44.330002,741000,40.140528
2010-11-15,46.099998,46.669998,45.700001,45.810001,684500,41.480658
2010-11-12,46.50,46.599998,45.360001,45.669998,797800,41.353886
2010-11-11,46.509998,47.41,46.509998,46.830002,679700,42.404262
2010-11-10,46.349998,47.189999,45.77,47.040001,976800,42.594415
2010-11-09,48.009998,48.009998,45.939999,46.189999,1021100,41.824743
2010-11-08,45.889999,46.560001,45.84,46.549999,401700,42.150722
2010-11-05,46.07,46.639999,45.720001,46.060001,748600,41.707032
2010-11-04,45.490002,46.66,45.310001,45.990002,972100,41.643647
2010-11-03,43.91,44.630001,43.509998,44.52,954600,40.312571
2010-11-02,42.889999,43.889999,42.830002,43.82,842900,39.678725
2010-11-01,42.080002,43.00,41.77,42.349998,825400,38.347648
2010-10-29,40.880001,42.110001,40.849998,41.849998,634100,37.894902
2010-10-28,41.34,41.950001,40.799999,40.970001,374200,37.09807
2010-10-27,40.470001,41.119999,40.150002,41.02,882900,37.143344
2010-10-26,41.259998,41.48,40.75,40.889999,876800,37.025629
2010-10-25,41.52,41.91,41.209999,41.639999,942800,37.704749
2010-10-22,41.34,41.41,39.799999,41.029999,1157200,37.152397
2010-10-21,39.900002,41.75,39.650002,41.360001,2947700,37.451212
2010-10-20,42.200001,43.110001,42.029999,42.459999,732600,38.447253
2010-10-19,42.32,43.00,41.709999,41.889999,669300,37.931122
2010-10-18,42.990002,43.380001,42.59,43.34,499900,39.244088
2010-10-15,43.560001,43.59,41.84,42.959999,716200,38.90
2010-10-14,43.27,43.599998,42.77,43.119999,623400,39.044879
2010-10-13,43.720001,43.849998,43.27,43.360001,615600,39.262199
2010-10-12,43.389999,43.540001,42.389999,43.240002,615600,39.15354
2010-10-11,43.889999,44.139999,43.360001,43.57,583500,39.452351
2010-10-08,42.470001,44.00,42.470001,43.889999,640200,39.742109
2010-10-07,43.00,43.00,41.599998,42.450001,598800,38.4382
2010-10-06,42.27,42.98,42.189999,42.720001,469200,38.682683
2010-10-05,41.93,42.619999,41.689999,42.279999,621000,38.284264
2010-10-04,42.130001,42.220001,40.900002,41.419998,783000,37.505539
2010-10-01,42.299999,42.540001,41.759998,42.189999,731200,38.202769
2010-09-30,41.75,42.099998,40.849998,41.529999,1070600,37.605144
2010-09-29,41.029999,41.560001,40.889999,41.18,705600,37.288223
2010-09-28,40.939999,41.299999,39.950001,41.150002,861100,37.261059
2010-09-27,41.810001,41.98,40.919998,41.009998,802900,37.134287
2010-09-24,40.779999,42.00,40.779999,41.82,613000,37.867738
2010-09-23,40.43,41.25,40.099998,40.169998,747300,36.373672
2010-09-22,40.099998,41.43,40.099998,40.93,858800,37.061849
2010-09-21,39.68,40.990002,39.400002,40.18,869100,36.382729
2010-09-20,40.43,40.43,39.560001,39.880001,1172700,36.111082
2010-09-17,40.93,40.950001,39.970001,40.349998,1320100,36.536661
2010-09-16,40.360001,41.02,40.299999,40.669998,646400,36.826419
2010-09-15,40.470001,40.82,40.00,40.599998,785900,36.763035
2010-09-14,40.970001,41.669998,40.360001,41.009998,539400,37.134287
2010-09-13,41.200001,41.84,41.200001,41.290001,545200,37.387827
2010-09-10,40.540001,41.029999,40.220001,40.619999,442100,36.781145
2010-09-09,41.43,41.529999,40.220001,40.50,765600,36.672487
2010-09-08,40.290001,41.490002,40.27,40.84,725700,36.980355
2010-09-07,40.25,40.919998,39.919998,40.150002,665600,36.355565
2010-09-03,40.66,40.779999,40.110001,40.57,439700,36.735871
2010-09-02,39.650002,40.259998,39.150002,39.849998,746800,36.083915
2010-09-01,38.02,39.830002,38.02,39.779999,697600,36.02053
2010-08-31,36.709999,37.91,36.619999,37.25,691600,33.729633
2010-08-30,37.57,37.950001,36.709999,36.759998,711100,33.285939
2010-08-27,36.889999,38.57,36.299999,38.060001,1316000,34.463084
2010-08-26,36.630001,37.380001,36.310001,36.419998,1189600,32.978072
2010-08-25,35.619999,36.529999,34.580002,36.400002,1702800,32.959965
2010-08-24,36.50,36.849998,35.950001,35.959999,948700,32.561545
2010-08-23,38.73,38.830002,37.279999,37.299999,938300,33.774907
2010-08-20,38.900002,38.900002,37.84,38.48,655700,34.843389
2010-08-19,39.790001,40.740002,39.00,39.150002,702100,35.450072
2010-08-18,39.16,40.380001,38.91,40.060001,708100,36.274071
2010-08-17,39.490002,40.02,38.889999,39.759998,703000,35.911872
2010-08-16,38.279999,39.049999,38.060001,38.84,957500,35.080914
2010-08-13,38.880001,38.970001,38.290001,38.360001,428500,34.647371
2010-08-12,37.880001,39.16,37.59,38.950001,963200,35.180269
2010-08-11,39.16,39.50,38.450001,38.52,861900,34.791885
2010-08-10,39.970001,40.599998,39.639999,40.360001,852600,36.453803
2010-08-09,41.849998,42.029999,40.639999,40.779999,840200,36.833152
2010-08-06,39.799999,41.43,39.799999,41.389999,1061200,37.384115
2010-08-05,40.32,40.560001,39.880001,40.369999,401500,36.462834
2010-08-04,40.599998,40.880001,39.73,40.84,626400,36.887347
2010-08-03,40.25,40.740002,39.740002,40.299999,639100,36.399609
2010-08-02,40.220001,40.889999,40.040001,40.400002,781300,36.489933
2010-07-30,38.700001,39.509998,38.700001,39.279999,1249000,35.478328
2010-07-29,40.09,40.459999,38.950001,39.459999,633700,35.640907
2010-07-28,39.860001,40.740002,39.220001,39.560001,1124800,35.731231
2010-07-27,41.310001,41.389999,39.93,40.290001,719500,36.390578
2010-07-26,41.009998,41.34,39.700001,41.240002,1223600,37.248634
2010-07-23,39.880001,41.07,39.549999,40.66,2072700,36.724767
2010-07-22,38.00,39.59,37.00,39.099998,2063400,35.315749
2010-07-21,37.080002,37.630001,35.889999,36.369999,1581700,32.849969
2010-07-20,35.040001,36.639999,34.950001,36.630001,2296500,33.084808
2010-07-19,36.00,36.369999,35.380001,35.709999,1000600,32.253847
2010-07-16,36.639999,36.689999,35.689999,35.860001,980900,32.389331
2010-07-15,37.07,37.16,36.139999,36.970001,641500,33.391901
2010-07-14,36.75,37.310001,36.330002,37.240002,1010600,33.63577
2010-07-13,36.959999,37.279999,36.619999,36.91,933400,33.337707
2010-07-12,37.189999,37.200001,36.110001,36.299999,1010700,32.786745
2010-07-09,36.380001,37.669998,36.380001,37.470001,1519200,33.843509
2010-07-08,36.869999,37.360001,36.169998,36.759998,979100,33.202223
2010-07-07,35.349998,36.75,35.25,36.650002,1808500,33.102872
2010-07-06,36.57,36.700001,34.98,35.349998,830500,31.928689
2010-07-02,36.18,36.50,35.119999,35.639999,1147400,32.190622
2010-07-01,36.310001,36.970001,34.91,35.950001,1539900,32.47062
2010-06-30,36.630001,37.700001,36.099998,36.150002,1264600,32.651264
2010-06-29,38.599998,38.599998,36.57,36.810001,1687200,33.247387
2010-06-28,41.380001,41.380001,38.939999,39.32,1727200,35.514458
2010-06-25,41.080002,41.73,40.610001,41.32,1323400,37.32089
2010-06-24,42.060001,42.380001,40.93,41.009998,730100,37.040892
2010-06-23,42.02,42.869999,41.450001,42.669998,932700,38.54023
2010-06-22,43.619999,43.959999,42.200001,42.240002,643600,38.151851
2010-06-21,44.759998,45.73,43.27,43.630001,1017600,39.40732
2010-06-18,44.43,44.560001,43.630001,43.810001,794400,39.5699
2010-06-17,45.709999,45.709999,43.84,44.279999,827100,39.994409
2010-06-16,46.360001,46.389999,45.189999,45.66,911400,41.240848
2010-06-15,44.919998,45.700001,44.080002,45.610001,645900,41.195688
2010-06-14,45.119999,45.740002,44.419998,44.540001,840600,40.229247
2010-06-11,43.439999,44.50,43.419998,44.439999,684800,40.138923
2010-06-10,43.41,44.450001,43.41,44.16,821900,39.886024
2010-06-09,42.639999,43.860001,42.00,42.32,755700,38.224106
2010-06-08,41.27,42.220001,41.049999,42.150002,914500,38.070561
2010-06-07,42.880001,43.119999,41.220001,41.240002,1236800,37.248634
2010-06-04,44.169998,44.900002,42.509998,42.740002,836400,38.603459
2010-06-03,46.419998,46.50,44.299999,45.23,754500,40.852465
2010-06-02,43.82,45.849998,43.82,45.830002,783600,41.394397
2010-06-01,45.400002,46.130001,43.639999,43.669998,588000,39.443446
2010-05-28,46.869999,47.049999,45.330002,45.91,692600,41.466652
2010-05-27,45.599998,46.919998,45.549999,46.889999,1079400,42.261482
2010-05-26,44.650002,46.060001,43.779999,44.099998,1183000,39.746882
2010-05-25,41.77,44.389999,41.330002,44.290001,1570000,39.91813
2010-05-24,43.720001,44.950001,43.330002,43.360001,1091000,39.07993
2010-05-21,41.279999,44.990002,41.279999,44.07,1308500,39.719845
2010-05-20,43.52,43.990002,42.150002,42.18,1082600,38.016407
2010-05-19,44.68,45.970001,43.919998,45.150002,1169600,40.693239
2010-05-18,46.799999,47.41,44.860001,44.990002,720100,40.549033
2010-05-17,46.869999,46.889999,44.209999,45.810001,786100,41.288091
2010-05-14,47.48,47.48,45.349998,46.599998,1088600,42.000107
2010-05-13,48.09,49.540001,47.740002,48.040001,862400,43.297967
2010-05-12,47.880001,48.700001,47.52,48.360001,1066600,43.586379
2010-05-11,47.240002,48.529999,46.98,47.490002,1078800,42.802258
2010-05-10,47.860001,48.529999,47.00,48.009998,1113100,43.270926
2010-05-07,45.98,46.990002,44.209999,45.080002,1666800,40.630149
2010-05-06,46.73,48.889999,43.330002,46.200001,2410400,41.639593
2010-05-05,48.529999,49.34,46.599998,46.970001,2282500,42.333587
2010-05-04,49.00,49.75,48.529999,49.360001,1536000,44.487669
2010-05-03,49.150002,50.380001,48.790001,50.290001,1125600,45.325869
2010-04-30,50.450001,50.619999,48.77,48.810001,913800,43.99196
2010-04-29,50.32,50.720001,49.52,50.43,1132200,45.452049
2010-04-28,49.650002,50.23,49.040001,49.68,1963000,44.776082
2010-04-27,51.869999,52.029999,49.119999,49.259998,1710200,44.397538
2010-04-26,51.48,53.080002,51.48,52.349998,1710200,47.182524
2010-04-23,50.779999,51.689999,50.34,51.610001,1518100,46.515571
2010-04-22,49.689999,51.16,48.00,50.700001,3687600,45.695398
2010-04-21,53.220001,53.779999,52.150002,53.57,913000,48.282099
2010-04-20,51.82,53.75,51.73,53.060001,1181700,47.822442
2010-04-19,51.720001,52.049999,50.84,51.59,780500,46.497545
2010-04-16,52.34,53.07,51.330002,52.060001,556200,46.921152
2010-04-15,53.610001,54.00,52.689999,52.740002,527800,47.53403
2010-04-14,53.490002,53.779999,52.549999,53.610001,633900,48.318151
2010-04-13,52.34,53.16,52.07,52.790001,610300,47.579094
2010-04-12,53.900002,53.900002,52.16,52.470001,572500,47.290681
2010-04-09,52.970001,53.77,52.790001,53.599998,1183000,48.309136
2010-04-08,52.509998,52.799999,51.50,52.720001,771200,47.516004
2010-04-07,53.720001,53.720001,52.50,52.959999,1067100,47.732311
2010-04-06,54.700001,54.700001,53.419998,53.650002,1953100,48.354203
2010-04-05,54.900002,55.470001,53.299999,54.959999,3172000,49.534891
2010-04-01,50.029999,50.970001,49.900002,50.970001,698900,45.938746
2010-03-31,49.23,50.00,49.139999,49.23,466100,44.3705
2010-03-30,50.34,50.450001,49.00,49.400002,983200,44.523721
2010-03-29,48.43,50.599998,48.43,50.459999,1107700,45.479087
2010-03-26,47.669998,49.200001,47.59,48.16,526900,43.40612
2010-03-25,48.880001,49.200001,47.23,47.380001,549300,42.703115
2010-03-24,48.799999,49.02,48.110001,48.41,447900,43.631443
2010-03-23,48.049999,49.299999,47.889999,49.25,656000,44.388527
2010-03-22,45.439999,48.110001,45.279999,47.849998,938600,43.126719
2010-03-19,45.959999,47.490002,45.77,45.959999,940000,41.423282
2010-03-18,48.25,48.549999,47.119999,47.139999,594300,42.486804
2010-03-17,48.68,49.02,48.299999,48.459999,813700,43.676507
2010-03-16,47.349998,48.540001,47.32,48.349998,559200,43.577364
2010-03-15,47.310001,47.369999,46.349998,47.23,524800,42.567921
2010-03-12,47.529999,47.84,46.959999,47.419998,525700,42.739164
2010-03-11,46.889999,47.66,46.380001,47.360001,469900,42.685089
2010-03-10,47.009998,47.84,46.66,47.310001,735100,42.640025
2010-03-09,46.900002,47.650002,46.580002,47.00,442100,42.360624
2010-03-08,47.299999,47.560001,46.779999,47.310001,436000,42.640025
2010-03-05,46.98,47.380001,46.84,47.23,561900,42.567921
2010-03-04,46.57,47.00,45.970001,46.439999,1138600,41.855901
2010-03-03,46.209999,46.950001,45.889999,46.029999,1247900,41.486372
2010-03-02,45.799999,46.50,45.41,46.16,897000,41.513412
2010-03-01,44.630001,45.720001,44.389999,45.509998,1026800,40.928841
2010-02-26,44.080002,44.459999,43.529999,44.34,914000,39.876618
2010-02-25,42.880001,44.48,42.110001,44.369999,1098200,39.903597
2010-02-24,43.080002,44.099998,42.93,43.580002,920500,39.193123
2010-02-23,44.080002,44.150002,42.470001,42.810001,851600,38.500633
2010-02-22,44.25,44.459999,43.43,44.189999,777300,39.741716
2010-02-19,44.02,44.169998,43.66,44.02,1060800,39.588831
2010-02-18,43.799999,44.57,42.919998,44.00,1348100,39.570843
2010-02-17,44.509998,44.650002,43.209999,44.529999,899900,40.047491
2010-02-16,43.330002,44.139999,42.389999,44.040001,919600,39.606818
2010-02-12,41.610001,42.970001,40.830002,42.810001,700500,38.500633
2010-02-11,40.91,42.860001,40.849998,42.299999,786100,38.041969
2010-02-10,41.25,41.689999,40.169998,40.91,449900,36.791891
2010-02-09,40.759998,41.889999,40.700001,41.490002,674300,37.313508
2010-02-08,41.150002,41.59,40.060001,40.060001,547400,36.027456
2010-02-05,39.50,41.209999,38.77,41.130001,939900,36.989746
2010-02-04,41.610001,41.77,39.389999,39.459999,823100,35.487851
2010-02-03,42.709999,43.349998,42.09,42.200001,441300,37.952037
2010-02-02,43.189999,43.400002,42.009998,43.099998,490700,38.761438
2010-02-01,41.00,42.720001,41.00,42.23,750800,37.979016
2010-01-29,41.419998,43.490002,40.34,40.740002,1501100,36.639005
2010-01-28,42.09,42.290001,40.580002,41.200001,811100,37.0527
2010-01-27,42.23,42.779999,40.41,41.959999,1128400,37.736194
2010-01-26,43.009998,43.650002,41.650002,42.259998,635400,38.005995
2010-01-25,44.080002,44.27,43.50,43.77,598000,39.363996
2010-01-22,44.860001,45.91,43.139999,43.279999,1249500,38.923319
2010-01-21,46.799999,47.02,45.060001,45.50,1280900,40.919849
2010-01-20,46.299999,47.099998,44.889999,46.860001,1715100,42.142949
2010-01-19,44.650002,45.439999,44.459999,45.41,642900,40.838909
2010-01-15,45.799999,46.080002,44.389999,44.459999,605900,39.984538
2010-01-14,46.950001,46.990002,45.580002,45.93,482500,41.306565
2010-01-13,46.919998,47.150002,45.23,46.939999,662300,42.214894
2010-01-12,46.900002,47.040001,46.099998,46.580002,849200,41.891135
2010-01-11,49.029999,49.049999,46.66,47.450001,759500,42.673558
2010-01-08,46.490002,48.599998,46.490002,48.419998,1102900,43.545913
2010-01-07,46.509998,46.709999,45.669998,46.560001,793300,41.873148
2010-01-06,45.25,46.939999,45.09,46.82,1075200,42.106975
2010-01-05,45.48,45.939999,45.009998,45.259998,742700,40.704007
2010-01-04,44.080002,45.740002,43.939999,45.619999,990200,41.027769
2009-12-31,44.060001,44.66,43.189999,43.220001,520300,38.869361
2009-12-30,43.860001,44.220001,43.450001,44.040001,596000,39.606818
2009-12-29,45.130001,45.32,43.77,44.189999,673800,39.741716
2009-12-28,45.650002,46.09,44.689999,44.919998,725500,40.398232
2009-12-24,45.279999,45.790001,45.09,45.419998,189800,40.847901
2009-12-23,44.689999,45.439999,44.619999,45.16,838900,40.614075
2009-12-22,44.32,44.66,43.389999,44.490002,766800,40.01152
2009-12-21,43.279999,44.459999,43.23,44.080002,838300,39.642792
2009-12-18,43.470001,44.02,41.939999,42.959999,1043800,38.635532
2009-12-17,43.990002,43.990002,42.669998,43.009998,598300,38.680498
2009-12-16,44.299999,44.490002,43.23,43.59,624300,39.202115
2009-12-15,44.25,45.00,43.740002,44.290001,899900,39.831652
2009-12-14,42.689999,44.419998,42.34,44.34,1378600,39.876618
2009-12-11,42.029999,42.560001,41.669998,42.23,769900,37.979016
2009-12-10,41.889999,42.52,40.299999,41.650002,2006600,37.457402
2009-12-09,41.00,42.00,40.32,41.68,794700,37.484381
2009-12-08,42.23,42.23,40.799999,41.09,838600,36.953772
2009-12-07,42.009998,43.34,41.990002,42.860001,959100,38.545599
2009-12-04,42.709999,43.509998,41.009998,42.139999,1386200,37.898075
2009-12-03,42.200001,43.07,41.82,42.369999,1687400,38.104923
2009-12-02,40.830002,42.240002,40.82,42.18,1308800,37.93405
2009-12-01,41.450001,41.73,40.799999,40.93,799600,36.719944
2009-11-30,40.790001,41.209999,40.389999,40.880001,966000,36.675088
2009-11-27,39.630001,40.810001,39.279999,40.349998,326200,36.199601
2009-11-25,41.50,41.650002,41.16,41.419998,784400,37.159541
2009-11-24,40.720001,41.400002,40.439999,41.290001,1801600,37.042915
2009-11-23,40.799999,41.099998,39.32,39.509998,752800,35.446003
2009-11-20,38.900002,39.689999,38.490002,39.599998,800600,35.526746
2009-11-19,39.830002,39.830002,38.59,39.66,1057100,35.580576
2009-11-18,41.650002,41.700001,40.360001,40.52,1036600,36.352117
2009-11-17,40.389999,41.560001,40.18,41.470001,750000,37.2044
2009-11-16,39.970001,41.299999,39.799999,40.790001,928100,36.594345
2009-11-13,39.00,39.529999,38.439999,39.18,887100,35.149949
2009-11-12,40.029999,40.299999,38.77,38.900002,548000,34.898751
2009-11-11,40.23,40.799999,39.869999,40.07,727300,35.948403
2009-11-10,39.779999,40.16,39.110001,39.619999,822400,35.544689
2009-11-09,39.639999,40.650002,39.630001,40.049999,704200,35.93046
2009-11-06,38.220001,40.389999,38.209999,38.880001,709400,34.880807
2009-11-05,37.790001,39.07,37.549999,39.07,996700,35.051263
2009-11-04,38.130001,38.639999,37.279999,37.43,958100,33.579954
2009-11-03,35.93,37.950001,35.52,37.43,1334200,33.579954
2009-11-02,36.650002,37.740002,35.689999,36.419998,1373100,32.67384
2009-10-30,38.560001,38.560001,36.16,36.48,1547300,32.72767
2009-10-29,37.900002,39.630001,37.779999,38.720001,1176000,34.737265
2009-10-28,38.630001,38.950001,37.139999,37.490002,1741700,33.633783
2009-10-27,40.48,40.59,38.970001,39.130001,1632400,35.105093
2009-10-26,42.310001,43.060001,40.299999,40.400002,1322200,36.244461
2009-10-23,42.369999,43.209999,41.580002,42.169998,1271700,37.832396
2009-10-22,41.950001,42.669998,39.849998,42.240002,2929800,37.895199
2009-10-21,42.830002,44.919998,42.630001,43.669998,1353300,39.178106
2009-10-20,43.790001,43.919998,42.119999,43.189999,869200,38.747479
2009-10-19,43.990002,44.73,43.259998,43.75,1109100,39.249879
2009-10-16,44.049999,44.200001,43.23,43.889999,1066600,39.375478
2009-10-15,43.330002,44.959999,42.84,44.77,1485800,40.164962
2009-10-14,43.200001,44.099998,42.75,43.790001,1529200,39.285765
2009-10-13,42.369999,42.59,41.360001,42.43,1038700,38.065654
2009-10-12,42.150002,42.669998,41.849998,42.48,997100,38.11051
2009-10-09,41.73,42.23,41.200001,41.860001,605900,37.554285
2009-10-08,42.490002,42.540001,41.080002,41.970001,1167900,37.65297
2009-10-07,41.25,41.959999,40.799999,41.209999,1150300,36.971142
2009-10-06,42.459999,42.860001,40.549999,41.25,1482300,37.007029
2009-10-05,40.099998,42.18,40.099998,41.939999,1269900,37.626054
2009-10-02,40.09,41.25,39.57,40.150002,1437900,36.020176
2009-10-01,42.369999,42.869999,41.25,41.299999,1106500,37.051885
2009-09-30,43.459999,43.540001,41.75,42.560001,1269100,38.182283
2009-09-29,42.860001,44.25,42.41,42.860001,2063200,38.451425
2009-09-28,41.990002,42.669998,41.34,42.259998,660900,37.913139
2009-09-25,41.849998,43.09,41.41,41.740002,750400,37.446629
2009-09-24,43.369999,43.759998,41.639999,42.200001,906400,37.859312
2009-09-23,44.099998,44.759998,42.849998,43.330002,985300,38.873082
2009-09-22,43.25,44.369999,42.939999,43.799999,1080500,39.294735
2009-09-21,42.23,43.299999,41.900002,42.580002,1272300,38.200226
2009-09-18,42.459999,43.09,41.740002,42.599998,1336800,38.218166
2009-09-17,42.310001,44.369999,41.990002,42.700001,1137200,38.307882
2009-09-16,41.990002,43.240002,41.990002,42.41,1063100,38.047711
2009-09-15,40.52,42.130001,40.349998,41.34,1097400,37.087771
2009-09-14,40.169998,41.189999,39.299999,40.939999,842400,36.728914
2009-09-11,40.830002,41.360001,40.029999,40.50,970900,36.334173
2009-09-10,39.50,40.919998,38.950001,40.91,1052700,36.702001
2009-09-09,39.34,39.790001,38.779999,39.43,1086200,35.374234
2009-09-08,39.110001,39.549999,38.34,39.400002,882300,35.347321
2009-09-04,37.130001,38.50,36.720001,38.400002,873200,34.450181
2009-09-03,36.75,37.32,35.900002,37.189999,649200,33.364639
2009-09-02,35.630001,36.720001,35.630001,36.299999,918000,32.566184
2009-09-01,36.400002,38.16,36.27,36.650002,1495200,32.880186
2009-08-31,36.950001,37.080002,36.299999,36.939999,975300,33.140354
2009-08-28,37.299999,37.68,36.849998,37.66,1042300,33.786295
2009-08-27,36.049999,37.349998,35.240002,36.849998,893900,33.059611
2009-08-26,36.040001,36.700001,35.189999,36.23,817600,32.503385
2009-08-25,36.450001,37.200001,36.119999,36.209999,1203500,32.485442
2009-08-24,36.450001,36.970001,35.790001,36.00,821000,32.297043
2009-08-21,36.43,36.599998,35.959999,36.400002,684100,32.6559
2009-08-20,34.439999,35.799999,34.400002,35.580002,722300,31.920246
2009-08-19,33.889999,34.639999,33.790001,34.450001,1198500,30.906477
2009-08-18,35.080002,35.16,34.41,34.709999,1484400,31.050017
2009-08-17,35.450001,36.130001,34.549999,34.91,855800,31.228929
2009-08-14,37.52,37.560001,36.25,36.73,891500,32.857019
2009-08-13,35.84,37.220001,35.75,36.98,983100,33.080658
2009-08-12,34.439999,35.900002,34.080002,35.439999,1082700,31.703042
2009-08-11,35.119999,35.27,34.209999,34.52,1003700,30.880052
2009-08-10,35.580002,35.790001,34.98,35.50,1050500,31.756716
2009-08-07,35.099998,36.02,34.380001,35.689999,760600,31.926681
2009-08-06,34.900002,35.470001,34.00,34.220001,1311200,30.611687
2009-08-05,34.610001,35.16,34.02,34.549999,1189300,30.906888
2009-08-04,34.860001,35.200001,34.41,34.900002,853100,31.219984
2009-08-03,34.759998,35.540001,34.130001,35.32,1641000,31.595696
2009-07-31,33.950001,34.380001,33.290001,33.709999,1592900,30.155461
2009-07-30,34.639999,34.950001,33.669998,33.810001,2081400,30.244919
2009-07-29,35.380001,35.529999,33.549999,33.970001,4044100,30.388048
2009-07-28,36.25,37.779999,36.200001,37.380001,1490200,33.438481
2009-07-27,36.189999,37.110001,36.00,37.110001,1064100,33.196951
2009-07-24,35.959999,36.849998,35.32,35.939999,1053700,32.150319
2009-07-23,36.34,38.099998,35.549999,36.279999,3352100,32.454468
2009-07-22,38.529999,39.939999,38.34,39.73,849600,35.540685
2009-07-21,40.00,40.00,38.360001,39.549999,866200,35.379665
2009-07-20,39.310001,39.939999,38.869999,39.59,641900,35.415448
2009-07-17,38.900002,39.240002,37.98,38.73,752700,34.64613
2009-07-16,37.91,39.150002,37.740002,38.880001,754800,34.780315
2009-07-15,36.75,38.360001,36.75,38.150002,891800,34.127289
2009-07-14,35.57,36.360001,35.220001,36.00,648000,32.203994
2009-07-13,34.59,35.080002,33.490002,35.029999,873400,31.336274
2009-07-10,34.029999,34.59,33.689999,34.529999,966600,30.888997
2009-07-09,34.490002,35.279999,33.709999,34.389999,739400,30.763759
2009-07-08,35.369999,36.18,32.849998,33.93,1241100,30.352265
2009-07-07,36.549999,36.73,35.220001,35.349998,1069300,31.622532
2009-07-06,36.939999,37.32,35.099998,36.299999,1136000,32.47236
2009-07-02,37.369999,38.779999,37.00,38.080002,919300,34.064671
2009-07-01,38.740002,40.110001,38.25,38.369999,508500,34.324089
2009-06-30,38.610001,38.77,37.459999,38.389999,815900,34.341981
2009-06-29,37.900002,39.029999,37.57,38.529999,1099700,34.467218
2009-06-26,38.98,39.860001,37.57,37.779999,1389100,33.796302
2009-06-25,37.470001,39.200001,37.040001,39.110001,771900,34.986062
2009-06-24,38.279999,39.299999,37.400002,38.049999,897000,34.037832
2009-06-23,37.650002,38.529999,36.560001,37.720001,688300,33.74263
2009-06-22,39.360001,39.360001,37.310001,37.349998,866700,33.411642
2009-06-19,40.470001,41.25,39.77,39.950001,768100,35.737489
2009-06-18,39.32,40.73,38.259998,40.00,638600,35.782216
2009-06-17,39.580002,40.34,37.549999,39.43,1248800,35.272319
2009-06-16,41.110001,42.48,39.34,39.759998,1303600,35.567521
2009-06-15,41.130001,41.130001,39.759998,40.57,911300,36.292112
2009-06-12,42.27,42.709999,41.290001,42.48,665700,38.000713
2009-06-11,42.759998,43.799999,42.450001,43.099998,1106000,38.555336
2009-06-10,43.00,43.00,41.25,42.529999,1445900,38.04544
2009-06-09,40.040001,43.139999,39.82,42.77,2094800,38.260134
2009-06-08,39.029999,39.130001,37.470001,38.619999,566300,34.547728
2009-06-05,39.59,40.349998,38.240002,39.919998,1026600,35.71065
2009-06-04,38.200001,39.41,37.610001,38.880001,1196600,34.780315
2009-06-03,38.98,39.450001,37.290001,37.939999,1085600,33.93943
2009-06-02,38.630001,40.220001,38.630001,40.049999,1513700,35.826943
2009-06-01,38.529999,40.139999,38.529999,39.27,1820900,35.129191
2009-05-29,38.459999,38.549999,37.09,37.990002,1001800,33.984161
2009-05-28,38.189999,38.84,37.049999,37.970001,1085100,33.966269
2009-05-27,37.240002,39.060001,37.240002,37.580002,1510400,33.527939
2009-05-26,35.299999,37.709999,34.860001,37.380001,900500,33.349503
2009-05-22,36.59,36.98,35.799999,35.810001,660600,31.948789
2009-05-21,37.07,37.27,35.650002,36.09,846300,32.198597
2009-05-20,37.599998,39.580002,37.599998,38.00,1582000,33.902651
2009-05-19,35.950001,37.84,35.610001,36.900002,971400,32.92126
2009-05-18,33.630001,35.799999,33.41,35.799999,1026600,31.939865
2009-05-15,33.650002,34.310001,32.68,33.040001,978200,29.477463
2009-05-14,33.049999,34.040001,31.77,33.509998,1251300,29.896783
2009-05-13,35.389999,35.389999,32.639999,32.880001,1336600,29.334716
2009-05-12,36.77,36.77,34.59,36.130001,897200,32.234284
2009-05-11,36.610001,36.779999,35.439999,35.889999,1334100,32.020161
2009-05-08,36.709999,38.299999,36.310001,37.759998,714300,33.688527
2009-05-07,38.27,38.490002,35.639999,36.360001,1133700,32.439484
2009-05-06,38.029999,38.299999,36.509998,37.82,892300,33.742059
2009-05-05,37.959999,38.41,36.240002,37.209999,1525300,33.197832
2009-05-04,36.57,38.450001,36.57,38.290001,1271000,34.161382
2009-05-01,35.119999,37.540001,34.860001,36.279999,1035100,32.368109
2009-04-30,34.790001,35.700001,34.060001,35.23,971100,31.431326
2009-04-29,32.720001,34.369999,32.48,34.029999,1606900,30.360715
2009-04-28,31.76,33.110001,31.02,32.419998,1906300,28.924312
2009-04-27,34.50,35.470001,32.900002,33.700001,1212000,30.066299
2009-04-24,33.240002,36.360001,33.02,35.720001,1969200,31.868493
2009-04-23,34.330002,34.330002,31.10,33.23,3825500,29.646975
2009-04-22,37.02,38.580002,36.110001,36.52,2455200,32.582232
2009-04-21,34.950001,37.599998,34.779999,37.50,1940300,33.456563
2009-04-20,36.220001,36.939999,34.77,35.27,1673000,31.467013
2009-04-17,35.860001,37.389999,34.73,37.049999,1516700,33.055084
2009-04-16,34.549999,35.93,33.43,35.669998,1156000,31.823881
2009-04-15,33.810001,34.32,32.77,34.169998,899100,30.485619
2009-04-14,34.889999,35.310001,33.279999,33.77,1639400,30.128751
2009-04-13,33.52,35.669998,32.57,35.25,1269400,31.449169
2009-04-09,32.84,34.25,31.799999,34.02,1196200,30.351795
2009-04-08,30.870001,31.889999,30.43,31.49,1224000,28.094591
2009-04-07,30.530001,30.969999,30.059999,30.629999,1437700,27.32732
2009-04-06,30.25,31.02,29.780001,30.790001,1146200,27.47007
2009-04-03,30.219999,31.52,29.76,31.49,1915400,28.094591
2009-04-02,28.530001,31.67,27.780001,30.24,1960200,26.979372
2009-04-01,25.41,28.42,24.98,28.049999,2190700,25.025509
2009-03-31,26.549999,27.25,26.200001,26.33,1589600,23.490968
2009-03-30,27.00,27.00,25.41,25.950001,1109500,23.151942
2009-03-27,28.49,29.43,27.68,27.809999,1332600,24.811387
2009-03-26,28.08,29.379999,27.959999,29.07,1447100,25.935528
2009-03-25,26.51,28.57,26.25,27.459999,1449400,24.499125
2009-03-24,25.559999,27.25,25.08,26.389999,1300700,23.544498
2009-03-23,24.540001,26.200001,24.35,26.190001,1225700,23.366064
2009-03-20,24.99,25.27,23.25,23.57,1274600,21.028565
2009-03-19,24.48,26.559999,24.440001,24.98,2162500,22.286532
2009-03-18,22.26,24.15,21.809999,23.77,2082300,21.207001
2009-03-17,22.84,22.870001,21.24,22.450001,2388800,20.02933
2009-03-16,24.08,24.50,23.67,23.73,2587200,21.171313
2009-03-13,23.25,23.959999,22.530001,23.76,2525200,21.198079
2009-03-12,23.200001,23.200001,21.65,22.879999,2854500,20.412964
2009-03-11,23.24,24.969999,22.73,23.379999,2799600,20.859051
2009-03-10,22.610001,24.83,22.51,24.719999,2166000,22.054566
2009-03-09,22.190001,23.09,21.60,22.059999,1749300,19.68138
2009-03-06,22.450001,23.219999,21.219999,22.440001,1892800,20.020408
2009-03-05,22.459999,22.940001,21.65,21.959999,1630000,19.592163
2009-03-04,23.200001,24.27,22.84,23.33,2098500,20.814443
2009-03-03,20.33,22.83,20.33,22.08,3033700,19.610007
2009-03-02,23.16,23.34,19.75,19.82,2826800,17.602823
2009-02-27,23.15,24.870001,22.870001,23.790001,1776400,21.128717
2009-02-26,24.469999,25.26,23.48,23.73,1713200,21.075428
2009-02-25,24.58,25.75,23.790001,24.17,1921900,21.466208
2009-02-24,24.040001,25.00,23.190001,24.780001,1881100,22.00797
2009-02-23,26.299999,26.48,23.370001,23.57,3158000,20.933327
2009-02-20,24.66,26.370001,24.15,25.99,3591200,23.082612
2009-02-19,22.00,26.50,22.00,25.139999,4719400,22.327697
2009-02-18,22.17,22.190001,20.25,20.969999,2326800,18.624177
2009-02-17,23.48,23.84,22.01,22.07,1963700,19.601125
2009-02-13,24.200001,24.719999,23.75,24.26,1624400,21.54614
2009-02-12,23.25,24.450001,22.73,24.32,1956700,21.599427
2009-02-11,24.200001,25.02,23.27,23.98,1755700,21.297462
2009-02-10,25.049999,26.27,23.66,23.92,1989600,21.244174
2009-02-09,26.709999,27.549999,24.440001,25.34,2673300,22.505325
2009-02-06,25.08,27.17,25.08,26.860001,2213000,23.855289
2009-02-05,24.07,25.33,24.059999,25.10,1747000,22.292173
2009-02-04,23.450001,25.49,23.35,24.709999,2364200,21.945799
2009-02-03,22.469999,23.629999,21.870001,23.440001,1929400,20.81787
2009-02-02,21.870001,22.82,21.370001,22.219999,1767500,19.734345
2009-01-30,23.139999,23.469999,21.91,22.129999,2340300,19.654413
2009-01-29,23.040001,23.059999,22.059999,22.559999,2261200,20.036311
2009-01-28,21.950001,23.969999,21.66,23.389999,2137200,20.773462
2009-01-27,20.27,21.610001,20.25,21.34,1599300,18.952787
2009-01-26,20.809999,21.82,19.540001,19.98,1110300,17.744924
2009-01-23,19.26,21.370001,19.01,20.57,772500,18.268924
2009-01-22,19.91,20.860001,19.35,20.08,1275700,17.833738
2009-01-21,19.02,20.73,18.950001,20.690001,1249300,18.3755
2009-01-20,19.84,20.42,18.530001,18.719999,1072300,16.625875
2009-01-16,20.75,21.059999,19.120001,20.26,984800,17.993602
2009-01-15,19.09,20.59,18.25,20.35,1621300,18.073535
2009-01-14,20.59,20.93,19.35,19.549999,1270600,17.363026
2009-01-13,21.030001,21.58,20.07,21.379999,851200,18.988312
2009-01-12,23.209999,23.209999,20.379999,20.719999,1882700,18.402143
2009-01-09,25.110001,25.360001,23.209999,23.40,2279000,20.782344
2009-01-08,23.969999,25.10,23.67,24.99,2200800,22.194477
2009-01-07,24.110001,24.719999,23.450001,24.02,2777300,21.332988
2009-01-06,22.93,24.959999,22.76,24.52,2614400,21.777055
2009-01-05,21.66,22.870001,21.209999,22.51,1674700,19.991905
2009-01-02,20.040001,21.73,19.90,21.66,1101400,19.23699
2008-12-31,19.83,20.450001,19.76,19.940001,773500,17.7094
2008-12-30,19.40,19.700001,18.690001,19.700001,976900,17.496248
2008-12-29,19.99,19.99,18.940001,19.139999,879100,16.998891
2008-12-26,19.09,19.68,18.85,19.58,565800,17.389671
2008-12-24,19.469999,19.469999,18.780001,19.01,240000,16.883434
2008-12-23,19.35,19.690001,18.540001,19.280001,1434400,17.123231
2008-12-22,21.15,21.18,18.50,19.09,1200500,16.954485
2008-12-19,21.549999,21.959999,20.700001,21.09,2143700,18.730754
2008-12-18,24.00,24.26,21.040001,21.459999,1598000,19.059363
2008-12-17,23.469999,25.299999,22.90,23.92,1486600,21.244174
2008-12-16,22.16,24.059999,21.709999,24.059999,1432400,21.368512
2008-12-15,23.209999,23.91,21.48,21.950001,1595300,19.49455
2008-12-12,20.33,23.110001,20.33,22.870001,1172700,20.311634
2008-12-11,23.389999,24.09,21.530001,21.92,1552200,19.467905
2008-12-10,21.139999,23.530001,20.879999,23.530001,2189400,20.897802
2008-12-09,20.57,21.860001,19.610001,20.700001,2020200,18.384382
2008-12-08,18.76,21.209999,18.76,20.93,1641000,18.588652
2008-12-05,16.93,18.09,16.10,18.059999,1301600,16.039706
2008-12-04,16.450001,17.610001,16.41,17.10,2270300,15.187098
2008-12-03,17.370001,17.530001,16.08,16.77,2584500,14.894014
2008-12-02,17.50,18.809999,17.10,17.709999,2193100,15.640045
2008-12-01,19.690001,19.790001,16.969999,16.969999,2042700,14.986537
2008-11-28,20.40,20.65,19.74,20.620001,455900,18.209924
2008-11-26,18.059999,20.75,17.67,20.700001,1565600,18.280574
2008-11-25,16.25,18.530001,15.88,18.32,1866300,16.178748
2008-11-24,15.07,16.360001,14.82,15.95,1883400,14.085755
2008-11-21,13.63,14.75,12.99,14.75,2113700,13.026012
2008-11-20,15.09,15.55,12.58,12.63,2070600,11.153799
2008-11-19,17.200001,17.879999,15.46,15.46,1616800,13.653027
2008-11-18,18.10,18.549999,17.040001,17.66,1468400,15.59589
2008-11-17,18.77,19.01,17.719999,17.959999,1461100,15.860825
2008-11-14,20.700001,20.700001,18.49,19.00,1498400,16.77927
2008-11-13,18.780001,20.98,17.23,20.98,1847600,18.527846
2008-11-12,19.889999,20.33,18.370001,18.48,2046200,16.320047
2008-11-11,21.74,22.00,20.030001,20.51,1213600,18.11278
2008-11-10,23.15,23.879999,21.309999,22.09,1408700,19.508109
2008-11-07,21.98,23.440001,21.389999,22.40,1340100,19.781876
2008-11-06,23.60,23.92,21.26,21.50,1499500,18.987068
2008-11-05,26.82,27.200001,23.780001,23.92,1701700,21.124218
2008-11-04,27.219999,28.139999,26.530001,27.27,2154600,24.082668
2008-11-03,24.93,27.75,24.49,26.43,2226700,23.340848
2008-10-31,23.93,25.690001,23.18,25.040001,2040500,22.113312
2008-10-30,24.33,25.540001,22.93,24.280001,1923500,21.442141
2008-10-29,21.190001,24.98,20.49,23.610001,3575700,20.850451
2008-10-28,17.790001,21.120001,17.049999,21.120001,3475400,18.651484
2008-10-27,19.059999,19.50,17.120001,17.16,2110200,15.15433
2008-10-24,17.49,20.25,16.610001,19.530001,3437600,17.247324
2008-10-23,22.360001,23.209999,19.059999,19.91,3768600,17.582908
2008-10-22,25.370001,25.84,21.01,22.10,4075400,19.51694
2008-10-21,26.379999,27.629999,25.200001,26.379999,3624300,23.296691
2008-10-20,25.860001,27.60,25.190001,26.85,2500200,23.711758
2008-10-17,24.66,27.18,22.02,25.200001,2385300,22.254611
2008-10-16,23.75,26.950001,23.42,25.66,4334100,22.660845
2008-10-15,26.50,26.50,22.379999,22.379999,1745500,19.764213
2008-10-14,28.51,29.200001,26.66,26.809999,4824200,23.676432
2008-10-13,23.52,27.610001,22.799999,27.610001,2054200,24.382929
2008-10-10,21.18,24.41,20.40,22.280001,2868500,19.675902
2008-10-09,26.66,28.040001,23.120001,23.25,2350400,20.532528
2008-10-08,24.42,27.90,23.280001,26.280001,3762400,23.20838
2008-10-07,28.60,29.73,25.309999,25.379999,3112100,22.413571
2008-10-06,29.700001,29.74,25.02,28.290001,2479500,24.98345
2008-10-03,31.66,33.57,30.49,30.75,1930600,27.155924
2008-10-02,36.490002,36.98,30.83,31.040001,2117900,27.412029
2008-10-01,38.049999,38.110001,36.110001,36.779999,1418300,32.481133
2008-09-30,37.169998,38.43,36.240002,37.970001,1817700,33.532047
2008-09-29,41.77,41.82,35.349998,36.259998,1830300,32.02191
2008-09-26,43.290001,43.48,42.23,42.91,1535600,37.894656
2008-09-25,44.00,45.00,43.25,44.240002,1130100,39.069207
2008-09-24,44.700001,45.00,43.119999,43.639999,1026700,38.539333
2008-09-23,45.360001,45.459999,43.240002,43.93,1297800,38.795438
2008-09-22,47.720001,47.740002,44.869999,44.869999,1131500,39.625569
2008-09-19,48.240002,48.599998,46.240002,47.709999,1289400,42.133629
2008-09-18,44.91,46.029999,42.41,45.810001,1836500,40.455704
2008-09-17,46.110001,47.169998,43.189999,44.09,1769200,38.936737
2008-09-16,42.490002,48.369999,42.490002,48.189999,2406600,42.557526
2008-09-15,46.240002,48.310001,44.709999,45.02,1855800,39.758039
2008-09-12,48.700001,51.720001,48.119999,50.50,2492400,44.597533
2008-09-11,46.369999,49.169998,43.880001,48.02,2350900,42.407397
2008-09-10,45.259998,47.82,44.880001,47.009998,1643200,41.515445
2008-09-09,47.860001,47.959999,44.52,44.630001,2336600,39.413623
2008-09-08,51.759998,52.139999,48.00,48.360001,2527700,42.707658
2008-09-05,49.189999,50.599998,47.41,50.07,2085200,44.217791
2008-09-04,52.970001,53.59,49.279999,49.419998,2913100,43.643762
2008-09-03,52.619999,53.529999,51.599998,53.290001,2386100,47.061437
2008-09-02,55.889999,55.889999,52.25,52.57,1476400,46.42559
2008-08-29,56.950001,57.66,56.549999,57.009998,603000,50.346639
2008-08-28,55.939999,57.099998,55.889999,56.939999,923300,50.284821
2008-08-27,55.299999,56.16,54.209999,55.610001,1010400,49.110274
2008-08-26,55.32,55.610001,54.220001,54.919998,909400,48.500919
2008-08-25,56.610001,57.27,53.830002,55.299999,1088700,48.836506
2008-08-22,57.860001,57.970001,56.369999,57.310001,782000,50.611578
2008-08-21,58.259998,58.84,57.50,57.849998,1091100,51.08846
2008-08-20,56.740002,58.400002,56.52,57.93,1568700,51.159111
2008-08-19,53.799999,58.040001,53.799999,56.740002,1747500,50.01989
2008-08-18,54.00,55.139999,53.639999,54.18,1057100,47.763087
2008-08-15,55.599998,55.869999,53.43,53.799999,1029100,47.428092
2008-08-14,57.52,58.32,55.68,56.029999,1871900,49.393978
2008-08-13,54.25,59.169998,54.029999,58.84,2641000,51.871171
2008-08-12,54.18,55.639999,53.650002,54.209999,1346300,47.789533
2008-08-11,56.549999,56.900002,53.810001,54.529999,1246400,48.071633
2008-08-08,58.169998,58.32,55.75,56.740002,1086600,50.01989
2008-08-07,59.91,60.509998,58.509998,58.619999,786000,51.677226
2008-08-06,59.16,60.970001,58.07,60.189999,872300,53.06128
2008-08-05,58.439999,60.130001,57.650002,59.110001,1436300,52.109193
2008-08-04,60.00,60.740002,57.240002,58.02,1276100,51.14829
2008-08-01,62.279999,62.459999,60.00,60.720001,1354800,53.528511
2008-07-31,65.410004,65.410004,62.169998,63.16,1519300,55.679523
2008-07-30,65.559998,66.559998,64.040001,65.940002,1135100,58.130271
2008-07-29,64.010002,66.230003,63.299999,65.339996,1859300,57.601328
2008-07-28,62.700001,64.550003,61.990002,62.439999,1409400,55.044797
2008-07-25,62.040001,63.959999,60.50,62.799999,2798100,55.36216
2008-07-24,61.799999,61.98,56.849998,57.209999,2737100,50.434222
2008-07-23,63.200001,64.139999,61.580002,61.650002,1703700,54.348364
2008-07-22,65.470001,66.980003,63.099998,63.75,1389800,56.199646
2008-07-21,65.400002,66.139999,63.700001,65.75,1474700,57.962772
2008-07-18,65.360001,68.790001,64.919998,65.059998,1378700,57.354491
2008-07-17,65.699997,70.779999,64.830002,66.129997,3162700,58.297763
2008-07-16,71.540001,72.580002,68.330002,71.790001,1540400,63.287413
2008-07-15,72.269997,72.75,69.25,71.160004,1721400,62.732031
2008-07-14,75.00,75.00,71.550003,72.93,968300,64.292395
2008-07-11,73.290001,74.120003,71.330002,73.809998,924400,65.068168
2008-07-10,70.07,73.949997,69.300003,73.720001,1561600,64.98883
2008-07-09,71.830002,73.760002,69.599998,69.879997,1775700,61.603625
2008-07-08,69.669998,69.669998,66.68,68.809998,2386200,60.660353
2008-07-07,69.209999,72.190002,68.32,69.760002,1332400,61.497841
2008-07-03,68.019997,71.230003,67.25,69.110001,962300,60.924824
2008-07-02,78.150002,78.25,68.089996,68.440002,2796700,60.334178
2008-07-01,76.400002,78.239998,75.449997,78.110001,2272200,68.858892
2008-06-30,77.139999,78.339996,76.400002,77.089996,926500,67.959694
2008-06-27,76.610001,78.440002,76.300003,76.889999,1168000,67.783384
2008-06-26,77.25,78.269997,75.629997,76.610001,1879900,67.536547
2008-06-25,74.129997,76.339996,72.040001,75.589996,1626100,66.637349
2008-06-24,77.93,78.309998,73.32,73.739998,2239400,65.006459
2008-06-23,71.739998,73.879997,71.419998,73.480003,850400,64.777257
2008-06-20,73.449997,73.730003,71.269997,71.440002,1172100,62.978868
2008-06-19,73.370003,74.50,72.949997,73.739998,1043200,65.006459
2008-06-18,71.550003,73.290001,70.610001,73.110001,1135800,64.451076
2008-06-17,72.379997,74.690002,71.440002,71.769997,1145100,63.269778
2008-06-16,68.540001,70.120003,68.050003,69.68,615000,61.427315
2008-06-13,66.919998,68.93,66.709999,68.910004,662500,60.748514
2008-06-12,67.519997,68.440002,65.870003,66.480003,850400,58.606316
2008-06-11,69.169998,69.510002,67.029999,67.290001,918700,59.32038
2008-06-10,69.690002,70.199997,68.050003,68.860001,745900,60.704433
2008-06-09,68.110001,70.309998,68.110001,70.199997,818600,61.885725
2008-06-06,69.389999,70.00,67.629997,67.830002,655800,59.796424
2008-06-05,68.029999,70.029999,68.019997,70.029999,943300,61.735861
2008-06-04,68.00,69.00,67.230003,67.330002,619700,59.355643
2008-06-03,69.480003,69.480003,67.089996,68.529999,984000,60.413516
2008-06-02,67.919998,69.290001,67.290001,68.940002,875300,60.77496
2008-05-30,67.029999,68.919998,67.029999,67.970001,2035900,59.919843
2008-05-29,67.940002,67.940002,65.669998,66.790001,752400,58.879598
2008-05-28,65.760002,68.080002,65.260002,67.940002,935300,59.805238
2008-05-27,66.309998,66.809998,64.959999,65.650002,772900,57.78943
2008-05-23,67.129997,67.330002,64.940002,66.300003,723500,58.361604
2008-05-22,66.550003,67.989998,66.300003,66.970001,1131900,58.95138
2008-05-21,67.330002,68.190002,66.209999,66.279999,798000,58.343995
2008-05-20,66.400002,67.449997,65.099998,67.370003,558000,59.303487
2008-05-19,67.010002,68.120003,66.470001,66.849998,870300,58.845746
2008-05-16,67.720001,68.410004,67.080002,68.150002,606600,59.990093
2008-05-15,66.480003,67.68,65.989998,67.68,769500,59.576368
2008-05-14,66.00,67.980003,65.129997,66.239998,1225700,58.308783
2008-05-13,63.110001,65.779999,63.110001,65.75,1295400,57.877455
2008-05-12,62.459999,63.599998,61.130001,63.59,1032000,55.976082
2008-05-09,62.32,62.459999,61.200001,62.259998,813400,54.805327
2008-05-08,61.700001,62.790001,61.700001,62.759998,1031900,55.24546
2008-05-07,62.349998,62.990002,60.799999,61.25,993300,53.91626
2008-05-06,62.919998,63.00,61.959999,62.380001,656800,54.910961
2008-05-05,60.369999,63.00,60.369999,62.93,693300,55.395107
2008-05-02,60.990002,61.709999,60.470001,61.080002,692100,53.766617
2008-05-01,60.279999,61.029999,59.110001,60.720001,773000,53.449721
2008-04-30,61.02,62.009998,60.59,60.779999,621300,53.502534
2008-04-29,61.759998,62.029999,60.91,60.970001,980900,53.669787
2008-04-28,61.529999,62.48,60.259998,61.990002,1625800,54.567658
2008-04-25,60.060001,61.580002,59.259998,61.580002,828300,54.20675
2008-04-24,60.43,60.43,58.34,59.779999,997100,52.622269
2008-04-23,61.09,61.09,59.549999,60.310001,901300,53.088812
2008-04-22,62.509998,62.689999,60.450001,61.119999,800900,53.801825
2008-04-21,61.799999,62.959999,61.09,62.299999,960100,54.840538
2008-04-18,62.099998,62.889999,61.220001,62.049999,809400,54.620472
2008-04-17,61.900002,63.950001,59.75,62.299999,1743200,54.840538
2008-04-16,62.66,64.269997,62.66,64.269997,874400,56.574659
2008-04-15,62.52,62.810001,60.540001,62.009998,760400,54.585261
2008-04-14,61.330002,62.630001,60.490002,62.119999,672800,54.68209
2008-04-11,62.52,62.689999,61.439999,61.740002,301000,54.347592
2008-04-10,61.779999,63.299999,60.68,63.060001,496300,55.509542
2008-04-09,63.099998,63.310001,61.330002,61.779999,655100,54.3828
2008-04-08,61.849998,63.540001,61.849998,63.459999,546800,55.861646
2008-04-07,62.98,63.740002,61.720001,62.419998,906000,54.946169
2008-04-04,61.57,62.790001,61.34,62.700001,675000,55.192646
2008-04-03,60.50,62.119999,59.799999,61.73,1089400,54.338787
2008-04-02,60.130001,61.459999,59.93,60.810001,1000800,53.528945
2008-04-01,59.790001,60.360001,58.48,60.23,1226900,53.018389
2008-03-31,59.84,60.220001,58.490002,59.860001,652200,52.692692
2008-03-28,59.299999,60.150002,58.970001,59.610001,487200,52.472625
2008-03-27,61.209999,61.23,58.82,59.07,1379400,51.997281
2008-03-26,60.009998,61.299999,59.849998,61.07,996500,53.757812
2008-03-25,59.02,60.540001,59.00,60.150002,810000,52.94797
2008-03-24,57.139999,59.880001,56.869999,58.889999,1194400,51.838833
2008-03-20,55.00,56.580002,54.529999,56.09,1222400,49.374091
2008-03-19,58.950001,60.490002,55.32,55.32,1697700,48.696286
2008-03-18,55.779999,58.669998,55.779999,58.59,1243500,51.574754
2008-03-17,55.099998,55.860001,53.619999,54.75,915200,48.194535
2008-03-14,57.360001,57.740002,55.380001,56.41,683000,49.655775
2008-03-13,55.50,57.610001,54.700001,57.349998,867300,50.483224
2008-03-12,55.77,57.139999,55.77,56.240002,702600,49.506132
2008-03-11,55.34,56.209999,54.02,55.860001,1052500,49.17163
2008-03-10,56.00,56.00,53.450001,53.630001,701500,47.208638
2008-03-07,57.119999,57.709999,55.549999,56.029999,760200,49.321273
2008-03-06,58.52,58.900002,57.240002,57.349998,648700,50.483224
2008-03-05,57.330002,59.139999,57.330002,58.950001,1100700,51.89165
2008-03-04,55.759998,58.099998,55.759998,57.349998,1694400,50.395198
2008-03-03,55.360001,57.00,54.860001,56.040001,1068200,49.244063
2008-02-29,55.830002,56.98,55.080002,55.459999,1356900,48.734398
2008-02-28,56.689999,57.860001,56.349998,57.130001,1065500,50.20188
2008-02-27,56.849998,58.419998,56.360001,57.189999,1172600,50.254602
2008-02-26,56.700001,58.700001,56.529999,57.450001,1461200,50.483073
2008-02-25,53.599998,57.110001,53.400002,56.799999,1761000,49.911897
2008-02-22,52.82,53.709999,51.009998,53.419998,883200,46.941787
2008-02-21,53.299999,54.139999,51.73,52.77,1360300,46.370614
2008-02-20,50.419998,52.00,50.360001,51.669998,1108700,45.404008
2008-02-19,50.400002,51.75,50.400002,51.330002,925600,45.105243
2008-02-15,49.77,50.00,48.630001,49.389999,750300,43.400504
2008-02-14,50.400002,51.369999,49.52,50.139999,856300,44.059552
2008-02-13,50.259998,50.50,49.02,50.259998,828400,44.164998
2008-02-12,49.060001,51.00,49.00,49.75,764700,43.716847
2008-02-11,50.200001,50.200001,47.259998,48.900002,1467800,42.969927
2008-02-08,48.939999,50.849998,48.799999,50.32,707700,44.217723
2008-02-07,47.259998,49.41,47.02,49.00,581300,43.057799
2008-02-06,48.75,49.759998,47.57,47.630001,847700,41.853939
2008-02-05,48.950001,49.16,48.32,48.59,804700,42.69752
2008-02-04,50.50,50.810001,49.400002,49.759998,601300,43.725633
2008-02-01,49.459999,51.02,49.310001,50.580002,754100,44.446195
2008-01-31,47.799999,49.540001,47.43,49.209999,1418400,43.242332
2008-01-30,48.990002,49.75,48.23,48.419998,1047900,42.548134
2008-01-29,47.959999,49.470001,47.77,49.18,888900,43.215971
2008-01-28,46.27,48.00,45.880001,47.939999,819300,42.126344
2008-01-25,47.310001,48.25,46.25,47.049999,939300,41.344274
2008-01-24,45.25,47.490002,45.189999,46.880001,1075700,41.194891
2008-01-23,43.720001,45.139999,41.139999,44.869999,1466800,39.428641
2008-01-22,43.639999,45.110001,42.650002,44.599998,1214400,39.191383
2008-01-18,44.869999,46.330002,44.310001,45.380001,1596700,39.876795
2008-01-17,45.959999,47.23,43.650002,44.50,1812200,39.103511
2008-01-16,46.779999,47.599998,44.75,45.849998,1811700,40.289796
2008-01-15,48.709999,49.389999,47.889999,47.919998,1280600,42.108769
2008-01-14,48.00,50.040001,47.549999,49.790001,1095800,43.751997
2008-01-11,46.799999,48.470001,46.799999,47.57,1580100,41.801214
2008-01-10,44.869999,47.740002,44.57,47.18,1714200,41.45851
2008-01-09,46.509998,46.549999,44.43,45.279999,1910400,39.78892
2008-01-08,47.48,49.23,46.59,46.639999,1974400,40.983994
2008-01-07,49.900002,49.939999,45.599998,47.400002,2536200,41.651832
2008-01-04,51.900002,51.900002,49.889999,50.040001,1143600,43.97168
2008-01-03,53.330002,53.91,52.310001,52.509998,952100,46.142142
2008-01-02,53.880001,54.650002,52.860001,53.34,657600,46.87149
2007-12-31,54.139999,54.599998,53.669998,54.200001,397200,47.627199
2007-12-28,54.869999,55.23,54.09,54.32,326700,47.732646
2007-12-27,55.009998,56.00,54.07,54.209999,544400,47.635985
2007-12-26,55.41,56.00,54.549999,55.669998,417300,48.918931
2007-12-24,55.07,55.349998,54.610001,54.759998,367200,48.119286
2007-12-21,54.400002,55.560001,54.080002,54.98,1502700,48.312608
2007-12-20,53.150002,53.720001,51.889999,53.720001,576000,47.205409
2007-12-19,53.299999,54.709999,52.25,52.689999,1472700,46.300314
2007-12-18,54.220001,54.650002,52.93,53.599998,830100,47.099959
2007-12-17,54.50,55.240002,53.650002,53.830002,1362400,47.30207
2007-12-14,53.330002,55.650002,53.330002,54.889999,1530700,48.233522
2007-12-13,53.77,53.939999,52.32,53.790001,795700,47.26692
2007-12-12,55.150002,55.150002,53.740002,54.119999,855500,47.556899
2007-12-11,55.91,55.98,53.50,53.540001,666900,47.047237
2007-12-10,55.439999,56.220001,55.360001,55.889999,519500,49.112252
2007-12-07,53.82,55.779999,53.639999,55.400002,588500,48.681676
2007-12-06,52.299999,54.00,52.259998,53.810001,939000,47.284495
2007-12-05,51.060001,52.419998,51.060001,52.09,1142100,45.773077
2007-12-04,50.700001,51.459999,50.029999,50.77,602400,44.542853
2007-12-03,51.029999,52.00,50.869999,51.240002,550300,44.955206
2007-11-30,51.16,52.240002,50.720001,51.59,1206800,45.262276
2007-11-29,50.740002,51.220001,49.860001,50.119999,2165200,43.972577
2007-11-28,49.029999,51.25,49.029999,50.849998,1332000,44.613039
2007-11-27,48.91,49.509998,47.82,49.029999,1057900,43.016269
2007-11-26,49.82,50.209999,48.529999,48.599998,1071700,42.63901
2007-11-23,47.560001,50.240002,47.560001,49.939999,601700,43.814654
2007-11-21,47.299999,47.900002,46.080002,47.34,1864100,41.533556
2007-11-20,47.580002,49.200001,46.700001,47.77,1379500,41.910815
2007-11-19,49.52,49.52,47.310001,47.490002,1234000,41.665159
2007-11-16,50.209999,50.490002,48.509998,49.91,858700,43.788335
2007-11-15,51.880001,51.889999,49.150002,49.950001,1160100,43.823429
2007-11-14,52.18,52.830002,51.209999,52.00,969100,45.621988
2007-11-13,50.75,51.59,50.27,51.32,963700,45.025392
2007-11-12,53.099998,53.099998,49.810001,49.970001,1795800,43.840977
2007-11-09,53.59,54.099998,52.580002,53.07,831100,46.560748
2007-11-08,55.759998,56.189999,53.630001,54.439999,1398700,47.762711
2007-11-07,56.849998,57.139999,55.00,55.279999,848600,48.499681
2007-11-06,56.310001,58.00,56.310001,57.580002,1057800,50.51758
2007-11-05,55.98,56.849998,55.59,56.310001,893000,49.40335
2007-11-02,56.759998,58.419998,55.68,57.279999,1025400,50.254373
2007-11-01,57.23,57.380001,56.029999,56.75,974600,49.789381
2007-10-31,57.98,58.849998,57.220001,58.349998,915100,51.193133
2007-10-30,58.00,58.450001,57.16,57.82,1328300,50.728141
2007-10-29,57.869999,59.889999,57.360001,59.040001,1858700,51.798504
2007-10-26,57.279999,58.200001,56.52,57.799999,1311900,50.710593
2007-10-25,56.060001,56.880001,55.27,56.349998,1659500,49.438441
2007-10-24,53.43,55.860001,53.43,55.759998,1806600,48.920807
2007-10-23,53.169998,53.959999,51.849998,53.639999,1011000,47.060835
2007-10-22,52.310001,53.720001,51.889999,52.939999,1312100,46.446692
2007-10-19,53.880001,54.00,52.700001,53.00,1791700,46.499334
2007-10-18,48.900002,55.25,48.709999,54.400002,2973000,47.727619
2007-10-17,53.259998,53.610001,51.07,51.400002,1979100,45.095582
2007-10-16,53.349998,53.349998,52.43,52.849998,807800,46.367731
2007-10-15,54.919998,55.16,53.540001,53.939999,845900,47.324038
2007-10-12,54.16,55.380001,54.139999,54.720001,986800,48.00837
2007-10-11,57.509998,57.900002,54.779999,55.82,873500,48.973449
2007-10-10,57.900002,58.209999,56.52,57.139999,735000,50.131545
2007-10-09,58.049999,58.16,57.110001,58.02,585000,50.903611
2007-10-08,57.50,58.77,57.27,57.970001,747100,50.859744
2007-10-05,56.75,58.09,56.23,57.509998,560200,50.456162
2007-10-04,56.950001,57.02,55.779999,56.52,343200,49.587592
2007-10-03,57.200001,58.189999,56.77,56.799999,546100,49.833248
2007-10-02,56.950001,57.810001,56.540001,57.599998,584900,50.535124
2007-10-01,56.50,57.669998,56.360001,57.330002,623800,50.298243
2007-09-28,57.200001,57.91,56.25,56.540001,942800,49.605139
2007-09-27,56.00,57.450001,55.59,57.200001,594900,50.184187
2007-09-26,55.00,56.099998,54.849998,55.310001,663000,48.526004
2007-09-25,53.990002,54.810001,53.75,54.75,608900,48.034689
2007-09-24,54.50,55.849998,53.650002,54.709999,1546100,47.999594
2007-09-21,56.00,56.52,55.57,55.669998,676600,48.841846
2007-09-20,56.060001,57.00,55.610001,55.830002,631400,48.982224
2007-09-19,55.959999,58.00,55.509998,55.799999,983300,48.955902
2007-09-18,53.150002,55.73,52.77,55.279999,921100,48.499681
2007-09-17,53.360001,53.939999,52.790001,52.880001,495100,46.394053
2007-09-14,52.50,53.700001,52.150002,53.509998,465900,46.946779
2007-09-13,52.630001,53.509998,52.630001,52.950001,700500,46.455467
2007-09-12,52.200001,53.18,52.169998,52.400002,496200,45.972928
2007-09-11,52.380001,53.349998,52.150002,52.990002,710800,46.490562
2007-09-10,53.34,53.98,51.75,52.00,782500,45.621988
2007-09-07,53.299999,54.240002,52.689999,53.00,1260600,46.499334
2007-09-06,53.50,55.189999,53.27,54.00,898500,47.37668
2007-09-05,53.150002,54.27,52.650002,53.029999,966100,46.525653
2007-09-04,52.75,53.959999,52.360001,53.610001,884500,47.034515
2007-08-31,52.619999,53.41,51.91,52.970001,1098400,46.473014
2007-08-30,51.48,52.389999,51.380001,51.799999,901100,45.446518
2007-08-29,51.259998,52.080002,50.73,52.00,814400,45.621988
2007-08-28,52.34,52.540001,50.450001,50.540001,929400,44.341064
2007-08-27,52.439999,53.450001,51.709999,52.790001,639900,46.315092
2007-08-24,51.25,52.639999,50.990002,52.540001,788300,46.095755
2007-08-23,51.209999,51.459999,50.00,50.810001,659100,44.577947
2007-08-22,49.41,51.279999,49.200001,50.939999,1219200,44.692
2007-08-21,46.369999,49.259998,46.080002,48.900002,1791600,42.832032
2007-08-20,46.029999,47.080002,45.169998,46.369999,972400,40.615975
2007-08-17,45.00,46.259998,43.099998,46.099998,2042000,40.379479
2007-08-16,45.049999,45.049999,39.91,43.330002,3678900,37.95321
2007-08-15,47.099998,48.759998,46.459999,46.68,1110000,40.887509
2007-08-14,50.110001,50.110001,47.619999,47.779999,863800,41.851009
2007-08-13,50.380001,51.450001,48.849998,49.130001,999900,43.033491
2007-08-10,47.889999,50.380001,46.689999,49.349998,1920900,43.226189
2007-08-09,49.099998,50.84,48.150002,48.889999,2080900,42.823271
2007-08-08,50.650002,51.740002,49.869999,50.439999,1812100,44.180931
2007-08-07,49.529999,50.599998,48.41,49.91,1369600,43.7167
2007-08-06,50.59,51.00,48.50,49.700001,1400700,43.532759
2007-08-03,52.470001,52.490002,49.580002,50.200001,1569000,43.970715
2007-08-02,52.369999,53.040001,52.00,52.299999,1089300,45.810126
2007-08-01,52.869999,53.220001,50.849998,52.330002,1575200,45.836405
2007-07-31,54.470001,54.50,52.419998,52.540001,1259000,46.020346
2007-07-30,52.150002,53.790001,52.00,53.470001,1283900,46.834943
2007-07-27,52.00,53.91,51.549999,51.82,1836600,45.389689
2007-07-26,55.00,55.23,52.060001,52.639999,2936400,46.107936
2007-07-25,57.209999,57.23,54.439999,55.82,1865100,48.893332
2007-07-24,56.810001,58.009998,56.400002,56.619999,2989200,49.594059
2007-07-23,57.400002,57.400002,55.810001,57.169998,1652600,50.07581
2007-07-20,56.380001,58.380001,56.380001,57.330002,1491600,50.215959
2007-07-19,59.18,60.25,56.810001,57.209999,3684200,50.110847
2007-07-18,62.549999,62.790001,60.599998,61.02,1631400,53.448068
2007-07-17,62.360001,63.099998,62.07,62.950001,798800,55.138575
2007-07-16,62.799999,63.18,62.049999,62.50,758200,54.744415
2007-07-13,63.18,63.349998,61.889999,62.740002,756600,54.954635
2007-07-12,61.75,63.34,61.650002,63.18,1193100,55.340034
2007-07-11,60.099998,62.139999,60.060001,60.880001,1307800,53.325441
2007-07-10,60.50,60.759998,59.189999,59.470001,967000,52.090407
2007-07-09,59.75,60.470001,59.25,60.310001,1281400,52.826172
2007-07-06,57.689999,58.68,57.450001,58.509998,594500,51.24953
2007-07-05,57.50,58.490002,57.16,57.82,946600,50.645153
2007-07-03,58.00,58.00,56.93,57.07,329500,49.98822
2007-07-02,56.720001,57.52,56.490002,57.52,1252000,50.38238
2007-06-29,56.080002,57.040001,55.709999,56.259998,989400,49.278731
2007-06-28,55.50,56.75,55.50,55.990002,632500,49.042238
2007-06-27,56.200001,56.200001,53.009998,55.540001,1794700,48.648078
2007-06-26,56.709999,57.349998,55.849998,55.919998,1385400,48.980921
2007-06-25,58.150002,58.369999,56.599998,57.02,989600,49.944425
2007-06-22,57.990002,57.990002,56.650002,57.07,864000,49.98822
2007-06-21,58.029999,58.25,56.849998,57.990002,1098900,50.794059
2007-06-20,58.459999,59.23,57.669998,57.970001,802700,50.776541
2007-06-19,58.669998,58.779999,57.959999,58.459999,622600,51.205735
2007-06-18,59.93,59.959999,58.650002,58.849998,811600,51.54734
2007-06-15,59.349998,59.919998,59.009998,59.209999,588200,51.862668
2007-06-14,57.130001,59.200001,57.09,58.779999,1207000,51.486026
2007-06-13,56.279999,57.52,55.889999,56.970001,1326100,49.90063
2007-06-12,57.50,57.849998,55.900002,56.119999,1331200,49.156104
2007-06-11,57.619999,58.240002,57.07,57.849998,1451400,50.671429
2007-06-08,58.209999,58.919998,57.400002,58.52,1748500,51.258291
2007-06-07,60.970001,61.139999,57.68,58.25,1717300,51.021795
2007-06-06,61.560001,61.84,60.299999,60.970001,1046300,53.404273
2007-06-05,61.66,62.23,61.27,61.799999,784600,54.131277
2007-06-04,62.509998,62.860001,61.900002,62.040001,587900,54.341497
2007-06-01,61.470001,63.669998,61.470001,62.400002,1472100,54.656825
2007-05-31,60.900002,61.709999,60.630001,61.369999,1163200,53.754635
2007-05-30,59.00,60.43,59.00,60.43,993000,52.93128
2007-05-29,60.25,60.689999,59.349998,59.860001,628500,52.361937
2007-05-25,59.799999,60.330002,59.540001,59.970001,657600,52.458159
2007-05-24,61.779999,62.00,59.009998,59.200001,1044300,51.784609
2007-05-23,61.450001,62.889999,61.00,61.68,1296700,53.953964
2007-05-22,61.139999,61.41,60.330002,60.380001,1110600,52.816802
2007-05-21,61.740002,62.400002,61.299999,61.779999,678800,54.041436
2007-05-18,61.50,61.799999,61.060001,61.419998,529600,53.726529
2007-05-17,60.869999,61.490002,60.509998,61.299999,788100,53.621562
2007-05-16,61.400002,61.77,60.41,61.18,685200,53.516594
2007-05-15,61.580002,62.369999,60.860001,61.330002,934500,53.647806
2007-05-14,62.650002,63.259998,61.360001,61.82,672700,54.076427
2007-05-11,62.18,62.709999,61.75,62.330002,757200,54.522546
2007-05-10,63.349998,63.360001,61.279999,62.110001,1232100,54.330102
2007-05-09,62.630001,64.129997,62.50,63.759998,1623500,55.773421
2007-05-08,62.00,63.290001,61.650002,62.630001,1380500,54.784967
2007-05-07,61.98,62.669998,61.25,61.560001,948200,53.848996
2007-05-04,62.18,62.189999,60.369999,60.700001,852900,53.096719
2007-05-03,61.060001,61.919998,60.720001,61.400002,937700,53.709038
2007-05-02,60.00,61.400002,59.720001,60.209999,899200,52.668095
2007-05-01,59.25,59.630001,58.119999,59.41,1618200,51.968304
2007-04-30,59.889999,61.16,59.360001,59.400002,1354600,51.959558
2007-04-27,60.130001,60.779999,59.599998,59.880001,953100,52.379432
2007-04-26,61.240002,61.259998,60.240002,60.450001,1028800,52.878034
2007-04-25,61.09,61.66,60.419998,61.23,1415100,53.56033
2007-04-24,60.869999,62.189999,59.669998,60.279999,2020300,52.729326
2007-04-23,59.110001,62.48,58.470001,61.52,3757700,53.814005
2007-04-20,57.259998,60.490002,56.900002,59.029999,4408900,51.635901
2007-04-19,52.759998,56.900002,51.00,56.900002,5155700,49.772708
2007-04-18,52.009998,52.290001,51.18,51.84,1268900,45.346522
2007-04-17,52.990002,52.990002,52.119999,52.200001,827000,45.661429
2007-04-16,52.290001,53.00,52.220001,52.810001,1470900,46.195021
2007-04-13,51.779999,52.169998,51.349998,52.040001,1180800,45.521471
2007-04-12,51.509998,52.509998,51.200001,51.970001,1868700,45.460239
2007-04-11,51.009998,51.299999,50.900002,51.009998,939500,44.620486
2007-04-10,51.119999,51.200001,50.610001,51.099998,1027300,44.699213
2007-04-09,51.27,51.73,50.830002,51.00,811800,44.61174
2007-04-05,50.799999,51.48,50.419998,50.950001,1213400,44.568004
2007-04-04,50.349998,50.82,49.77,50.740002,1116600,44.384309
2007-04-03,50.849998,50.900002,50.130001,50.27,1745100,43.97318
2007-04-02,48.330002,50.720001,48.119999,50.450001,2366600,44.130634
2007-03-30,48.310001,49.00,48.200001,48.400002,2435700,42.337418
2007-03-29,46.50,47.950001,46.360001,47.779999,1906600,41.795076
2007-03-28,46.00,46.400002,45.619999,45.91,971100,40.159313
2007-03-27,46.330002,46.50,45.970001,46.049999,738000,40.281777
2007-03-26,46.560001,46.779999,46.060001,46.540001,862800,40.710401
2007-03-23,46.68,46.84,46.049999,46.419998,766800,40.605429
2007-03-22,46.759998,46.91,46.00,46.48,878100,40.657915
2007-03-21,46.200001,46.77,45.959999,46.369999,1290400,40.561693
2007-03-20,44.259998,46.200001,43.869999,46.200001,1937600,40.412989
2007-03-19,43.599998,44.139999,43.549999,43.950001,674900,38.444824
2007-03-16,43.73,44.040001,43.150002,43.50,566100,38.05119
2007-03-15,43.50,44.290001,43.50,43.959999,700800,38.45357
2007-03-14,43.279999,43.970001,42.43,43.599998,832000,38.138663
2007-03-13,44.50,45.00,43.080002,43.209999,768100,37.797515
2007-03-12,45.110001,45.619999,43.700001,44.84,1097400,39.223342
2007-03-09,45.00,45.380001,44.630001,45.09,545200,39.442027
2007-03-08,44.049999,45.27,44.049999,44.700001,1115800,39.100879
2007-03-07,43.549999,44.330002,43.279999,43.860001,812900,38.366097
2007-03-06,42.650002,43.849998,42.650002,43.599998,799400,38.068683
2007-03-05,42.150002,43.48,42.00,42.290001,1059100,36.924879
2007-03-02,44.790001,45.060001,43.220001,43.700001,1256900,38.155999
2007-03-01,44.200001,45.849998,43.959999,44.860001,1523200,39.168835
2007-02-28,44.25,45.860001,43.560001,45.66,1429600,39.867343
2007-02-27,45.389999,45.57,43.700001,43.950001,1313800,38.374283
2007-02-26,46.470001,46.900002,46.32,46.549999,651100,40.644432
2007-02-23,46.189999,46.700001,46.049999,46.27,930900,40.399955
2007-02-22,46.66,46.84,45.779999,46.259998,1037400,40.391222
2007-02-21,45.799999,46.639999,45.610001,46.610001,748900,40.696822
2007-02-20,45.279999,46.200001,44.939999,46.07,926800,40.225328
2007-02-16,44.610001,45.57,44.540001,45.279999,1000400,39.53555
2007-02-15,43.880001,44.990002,43.57,44.57,2643800,38.915625
2007-02-14,42.860001,43.330002,42.540001,43.099998,969100,37.632116
2007-02-13,42.950001,43.139999,42.299999,42.790001,938600,37.361446
2007-02-12,41.470001,42.689999,40.84,42.060001,941800,36.724058
2007-02-09,42.84,42.84,41.900002,42.459999,972300,37.07331
2007-02-08,42.869999,42.950001,42.150002,42.950001,1053600,37.501148
2007-02-07,42.799999,43.310001,42.66,43.029999,701400,37.570997
2007-02-06,42.810001,43.09,42.349998,42.66,691200,37.247938
2007-02-05,42.759998,43.130001,42.419998,42.709999,829600,37.291594
2007-02-02,42.91,43.080002,42.369999,42.799999,723200,37.370176
2007-02-01,41.860001,43.009998,41.810001,43.009998,1048600,37.553534
2007-01-31,41.59,42.139999,41.07,41.639999,932000,36.35734
2007-01-30,41.09,42.040001,40.900002,41.73,1043000,36.435922
2007-01-29,41.50,41.700001,40.77,40.869999,1125300,35.685025
2007-01-26,41.450001,41.900002,41.029999,41.48,839600,36.217638
2007-01-25,41.220001,42.049999,40.630001,41.419998,1521800,36.165249
2007-01-24,40.040001,40.650002,39.880001,40.619999,775800,35.466742
2007-01-23,38.669998,40.200001,38.610001,40.09,847100,35.003981
2007-01-22,38.900002,39.00,38.34,38.529999,460200,33.641889
2007-01-19,37.759998,38.93,37.689999,38.830002,664500,33.903833
2007-01-18,38.549999,39.02,37.790001,37.849998,509700,33.048157
2007-01-17,38.349998,38.73,38.209999,38.450001,831000,33.57204
2007-01-16,39.150002,39.34,38.279999,38.400002,813300,33.528384
2007-01-12,38.799999,39.400002,38.77,39.23,632000,34.253084
2007-01-11,39.150002,39.509998,38.810001,38.900002,900800,33.964952
2007-01-10,38.400002,39.25,38.220001,39.150002,754200,34.183235
2007-01-09,38.759998,38.830002,38.099998,38.689999,788700,33.781591
2007-01-08,38.369999,38.860001,38.07,38.75,586500,33.83398
2007-01-05,38.779999,39.130001,38.099998,38.360001,568300,33.493458
2007-01-04,39.189999,39.490002,38.50,39.209999,808100,34.235621
2007-01-03,39.779999,39.799999,38.689999,39.189999,1501800,34.218158
2006-12-29,39.400002,39.919998,39.00,39.380001,376200,34.384056
2006-12-28,40.099998,40.959999,39.50,39.580002,578400,34.558684
2006-12-27,39.650002,40.080002,39.400002,40.02,639600,34.942862
2006-12-26,38.82,39.529999,38.689999,39.299999,598800,34.314204
2006-12-22,39.02,39.02,38.080002,38.759998,595700,33.84271
2006-12-21,38.900002,39.200001,38.57,38.77,1608300,33.851443
2006-12-20,39.080002,39.169998,38.68,39.00,1013400,34.052264
2006-12-19,38.50,39.119999,38.02,39.029999,540400,34.078457
2006-12-18,39.549999,39.610001,38.349998,38.669998,767900,33.764128
2006-12-15,40.16,40.299999,39.290001,39.509998,1010900,34.497561
2006-12-14,39.25,40.200001,39.16,40.02,1361400,34.942862
2006-12-13,39.330002,39.330002,38.549999,39.09,1395200,34.130846
2006-12-12,39.310001,40.75,38.400002,38.73,3308800,33.816517
2006-12-11,40.57,40.82,40.009998,40.75,1567500,35.58025
2006-12-08,39.709999,40.490002,39.18,40.419998,1395000,35.292114
2006-12-07,39.75,40.200001,39.50,39.77,1108100,34.724578
2006-12-06,38.950001,39.970001,38.439999,39.509998,1224300,34.497561
2006-12-05,39.34,39.360001,38.59,39.009998,1320500,34.008605
2006-12-04,37.50,39.459999,37.50,39.34,1273000,34.296298
2006-12-01,38.700001,38.900002,37.150002,37.849998,1454300,32.997327
2006-11-30,37.400002,38.610001,37.279999,38.490002,1627500,33.555276
2006-11-29,36.439999,37.490002,36.439999,37.400002,1108800,32.605023
2006-11-28,36.200001,36.450001,36.00,36.240002,955600,31.593744
2006-11-27,37.50,37.650002,36.360001,36.450001,1308600,31.77682
2006-11-24,38.00,38.040001,37.509998,37.639999,502900,32.814251
2006-11-22,38.650002,39.02,37.57,37.830002,1665000,32.979894
2006-11-21,37.700001,38.25,37.169998,38.110001,2999900,33.223994
2006-11-20,34.060001,35.689999,34.060001,35.549999,2075500,30.992206
2006-11-17,32.810001,33.869999,32.810001,33.630001,814500,29.318367
2006-11-16,34.189999,34.50,32.73,32.799999,1114100,28.594778
2006-11-15,34.599998,34.599998,33.860001,33.970001,582000,29.614776
2006-11-14,34.169998,34.549999,33.900002,34.419998,895900,30.00708
2006-11-13,33.299999,34.07,33.110001,34.07,637500,29.701954
2006-11-10,33.900002,34.18,33.099998,33.439999,513100,29.152724
2006-11-09,34.220001,34.77,33.810001,34.00,552200,29.640929
2006-11-08,34.02,34.330002,33.82,34.02,366100,29.658365
2006-11-07,34.419998,34.650002,34.00,34.220001,486000,29.832724
2006-11-06,33.689999,34.549999,33.689999,34.32,498400,29.919902
2006-11-03,33.50,33.790001,33.25,33.459999,395700,29.17016
2006-11-02,33.52,33.639999,33.099998,33.290001,493100,29.021957
2006-11-01,34.41,34.880001,33.630001,33.77,734500,29.440417
2006-10-31,34.18,34.68,33.939999,34.349998,697000,29.946055
2006-10-30,34.23,34.450001,34.00,34.290001,829300,29.893749
2006-10-27,34.91,35.009998,34.110001,34.23,915800,29.84144
2006-10-26,35.330002,35.330002,34.450001,34.900002,901600,30.425543
2006-10-25,34.990002,35.240002,34.560001,35.200001,872500,30.68708
2006-10-24,34.639999,35.34,34.200001,34.98,1180200,30.495284
2006-10-23,34.119999,34.900002,33.049999,34.630001,1049100,30.190159
2006-10-20,35.59,35.799999,33.759998,34.110001,1873100,29.736826
2006-10-19,33.400002,35.73,33.290001,35.59,2084200,31.027078
2006-10-18,35.599998,35.990002,34.330002,34.830002,873400,30.364518
2006-10-17,35.490002,35.610001,34.700001,35.470001,625900,30.922464
2006-10-16,35.50,35.669998,35.060001,35.52,641500,30.966053
2006-10-13,34.240002,35.130001,33.950001,34.77,668500,30.312209
2006-10-12,33.790001,34.25,33.709999,34.240002,888400,29.85016
2006-10-11,33.00,34.02,32.900002,33.66,735700,29.344519
2006-10-10,33.50,34.060001,33.299999,33.59,695400,29.283494
2006-10-09,33.029999,34.43,33.009998,33.610001,924800,29.30093
2006-10-06,32.799999,33.240002,32.52,32.91,718300,28.690675
2006-10-05,31.360001,33.169998,31.309999,32.889999,1084200,28.673239
2006-10-04,31.15,31.540001,30.40,31.16,789300,27.165039
2006-10-03,32.00,32.009998,30.940001,31.25,1086200,27.243501
2006-10-02,32.389999,32.720001,32.099998,32.450001,952400,28.289652
2006-09-29,32.16,32.720001,32.02,32.139999,563000,28.019395
2006-09-28,32.360001,32.48,31.76,32.16,823400,28.036831
2006-09-27,33.349998,33.349998,31.780001,32.360001,1279500,28.21119
2006-09-26,31.00,33.220001,30.459999,33.060001,2315700,28.821445
2006-09-25,28.700001,29.299999,28.43,29.219999,751100,25.473762
2006-09-22,30.25,30.639999,29.25,29.35,722000,25.587096
2006-09-21,30.309999,31.10,30.120001,30.25,767500,26.371709
2006-09-20,30.700001,30.780001,30.049999,30.309999,815000,26.424016
2006-09-19,30.99,31.129999,29.76,30.370001,656600,26.476324
2006-09-18,30.42,31.620001,30.360001,31.049999,765400,27.069142
2006-09-15,31.040001,31.16,30.50,30.60,849700,26.676836
2006-09-14,31.40,31.709999,30.49,30.719999,962200,26.78145
2006-09-13,30.98,31.73,30.700001,31.620001,1003600,27.566064
2006-09-12,30.25,30.780001,29.959999,30.27,721500,26.389145
2006-09-11,31.280001,31.280001,29.68,29.809999,757300,25.98812
2006-09-08,31.91,32.099998,31.360001,31.50,659700,27.461449
2006-09-07,32.169998,32.34,31.290001,31.91,952100,27.818883
2006-09-06,32.93,33.16,32.240002,32.34,889900,28.193754
2006-09-05,33.09,33.450001,32.549999,33.169998,729700,28.91734
2006-09-01,32.50,33.419998,32.380001,33.00,522900,28.769137
2006-08-31,32.900002,33.169998,32.43,32.77,662600,28.568625
2006-08-30,33.59,33.700001,32.450001,32.59,1133800,28.411702
2006-08-29,32.799999,33.560001,31.129999,33.259998,2538000,28.995801
2006-08-28,30.450001,30.60,29.799999,30.139999,665200,26.275811
2006-08-25,30.58,31.219999,30.41,30.450001,453000,26.546068
2006-08-24,31.43,31.48,30.34,30.719999,807600,26.78145
2006-08-23,32.450001,32.759998,31.02,31.18,1211100,27.182475
2006-08-22,32.580002,32.82,32.16,32.50,838000,28.280934
2006-08-21,33.00,33.509998,32.75,32.790001,686500,28.533287
2006-08-18,33.439999,33.77,32.900002,33.18,876200,28.872658
2006-08-17,33.75,34.150002,33.110001,33.459999,880400,29.116308
2006-08-16,33.650002,34.299999,33.290001,34.25,770400,29.803753
2006-08-15,32.73,33.34,32.57,33.18,697600,28.872658
2006-08-14,32.560001,32.900002,32.119999,32.34,774400,28.141705
2006-08-11,32.75,33.080002,32.150002,32.560001,1025100,28.333146
2006-08-10,32.84,33.00,31.809999,32.75,1076500,28.498479
2006-08-09,34.200001,34.34,32.75,32.84,1129000,28.576796
2006-08-08,33.869999,34.450001,33.599998,33.919998,1400400,29.516591
2006-08-07,33.400002,34.110001,33.220001,33.619999,688800,29.255537
2006-08-04,35.400002,35.639999,33.220001,33.400002,1069600,29.064099
2006-08-03,33.900002,34.900002,33.830002,34.630001,968300,30.134423
2006-08-02,34.50,35.040001,34.099998,34.66,1103200,30.160528
2006-08-01,35.00,35.349998,33.599998,34.110001,1449800,29.681928
2006-07-31,36.040001,36.400002,35.50,35.849998,1336300,31.196044
2006-07-28,36.560001,37.00,35.360001,36.040001,1630400,31.361381
2006-07-27,37.400002,37.700001,36.080002,36.310001,1059200,31.59633
2006-07-26,37.810001,37.869999,36.41,36.990002,1157000,32.188055
2006-07-25,37.650002,38.220001,36.959999,38.110001,1049600,33.162658
2006-07-24,36.549999,37.16,36.080002,36.689999,1105700,31.926997
2006-07-21,37.650002,37.799999,36.02,36.549999,2154700,31.805172
2006-07-20,39.619999,40.16,35.630001,35.709999,1813500,31.074219
2006-07-19,77.150002,79.690002,77.099998,79.690002,1104400,34.672426
2006-07-18,76.589996,77.82,75.709999,77.099998,1000000,33.545538
2006-07-17,76.349998,76.870003,74.599998,75.699997,1005200,32.936409
2006-07-14,76.580002,77.559998,75.50,77.00,1016000,33.502029
2006-07-13,78.949997,79.300003,76.43,76.589996,1271400,33.32364
2006-07-12,81.019997,82.080002,78.68,78.949997,1490000,34.350456
2006-07-11,80.900002,80.940002,78.760002,80.769997,1047600,35.142322
2006-07-10,81.360001,82.57,80.489998,80.900002,1142600,35.198886
2006-07-07,81.660004,82.809998,80.800003,81.110001,1455600,35.290255
2006-07-06,83.150002,84.360001,81.32,81.669998,1789800,35.533905
2006-07-05,83.650002,84.089996,80.269997,83.150002,1752800,36.177841
2006-07-03,81.699997,83.650002,81.699997,83.650002,1462600,36.395387
2006-06-30,80.480003,82.949997,77.709999,82.949997,4354200,36.090821
2006-06-29,73.800003,78.580002,73.660004,78.489998,1565600,34.150314
2006-06-28,73.50,73.599998,72.230003,73.050003,1001600,31.78342
2006-06-27,73.870003,74.190002,72.00,72.300003,1071800,31.457101
2006-06-26,74.169998,74.169998,72.660004,73.330002,1051000,31.905245
2006-06-23,71.800003,74.339996,71.099998,73.57,1040600,32.009666
2006-06-22,71.300003,72.75,71.00,71.800003,1384400,31.239556
2006-06-21,70.25,73.900002,70.25,72.620003,1105800,31.59633
2006-06-20,71.010002,72.550003,69.849998,70.25,1084000,30.565163
2006-06-19,72.57,72.989998,69.75,70.910004,1857600,30.852325
2006-06-16,73.720001,73.769997,71.18,72.419998,1794600,31.50931
2006-06-15,71.150002,74.059998,71.129997,73.709999,1273600,32.070578
2006-06-14,68.00,69.620003,67.349998,69.43,1042400,30.208388
2006-06-13,69.25,69.980003,66.18,67.519997,2033800,29.377362
2006-06-12,73.07,73.370003,69.230003,69.419998,1947800,30.204036
2006-06-09,75.900002,77.220001,73.410004,74.059998,1267200,32.22286
2006-06-08,76.040001,76.050003,71.599998,75.25,2844200,32.740619
2006-06-07,79.449997,80.220001,75.889999,76.040001,1406000,33.084342
2006-06-06,79.269997,80.389999,77.360001,79.330002,1924800,34.515793
2006-06-05,83.00,83.199997,78.860001,79.160004,4673600,34.441828
2006-06-02,84.330002,84.419998,82.220001,83.610001,871400,36.377983
2006-06-01,80.800003,82.800003,80.150002,82.730003,1056200,35.995104
2006-05-31,79.50,82.260002,79.220001,80.610001,1164800,35.072709
2006-05-30,83.459999,83.470001,78.410004,78.559998,1159800,34.18077
2006-05-26,83.00,84.260002,82.129997,83.449997,675200,36.308367
2006-05-25,81.599998,81.889999,79.550003,81.800003,1192200,35.590469
2006-05-24,81.18,82.400002,77.099998,79.910004,1331200,34.768146
2006-05-23,81.75,84.50,80.93,81.279999,1177200,35.320709
2006-05-22,82.43,82.489998,77.50,79.959999,1799800,34.747096
2006-05-19,84.400002,85.220001,81.57,84.43,1766800,36.689561
2006-05-18,87.050003,88.400002,84.050003,84.300003,1617000,36.63307
2006-05-17,87.50,88.00,83.220001,84.059998,1287800,36.528774
2006-05-16,87.860001,88.720001,83.589996,86.669998,1352800,37.662966
2006-05-15,87.50,89.059998,86.040001,87.650002,1379800,38.088832
2006-05-12,93.82,93.82,89.900002,91.099998,1175000,39.588049
2006-05-11,97.800003,99.50,93.389999,93.809998,1550800,40.765695
2006-05-10,97.349998,97.699997,96.199997,97.449997,693200,42.347479
2006-05-09,96.099998,98.099998,95.779999,97.540001,857400,42.38659
2006-05-08,95.50,95.900002,94.370003,95.68,909800,41.578316
2006-05-05,94.00,95.400002,93.279999,93.309998,620000,40.548417
2006-05-04,93.00,94.199997,92.010002,93.120003,601800,40.465854
2006-05-03,90.75,92.32,88.709999,91.760002,735600,39.874857
2006-05-02,91.199997,91.260002,89.459999,90.580002,981800,39.362081
2006-05-01,90.25,91.00,89.50,90.010002,960600,39.114384
2006-04-28,88.010002,90.559998,88.010002,88.949997,963400,38.653753
2006-04-27,89.019997,89.989998,85.410004,87.010002,1319200,37.810717
2006-04-26,91.599998,92.470001,90.120003,90.43,1053600,39.296897
2006-04-25,94.489998,94.489998,90.400002,91.190002,950000,39.627161
2006-04-24,93.400002,94.739998,93.019997,94.040001,734200,40.865645
2006-04-21,94.50,94.800003,92.360001,93.00,1418000,40.413706
2006-04-20,94.449997,96.699997,91.639999,93.00,1520800,40.413706
2006-04-19,94.800003,95.00,93.07,94.25,1150600,40.956901
2006-04-18,93.989998,95.589996,93.599998,94.449997,1764200,41.043811
2006-04-17,93.50,94.480003,92.309998,93.580002,990600,40.665749
2006-04-13,92.099998,93.199997,90.18,92.970001,580200,40.40067
2006-04-12,92.120003,92.510002,91.120003,92.099998,822200,40.022605
2006-04-11,94.400002,95.50,91.309998,91.610001,614400,39.809673
2006-04-10,92.639999,94.540001,91.690002,93.660004,800400,40.700514
2006-04-07,94.779999,95.050003,92.300003,92.470001,958200,40.183392
2006-04-06,93.720001,94.449997,92.93,94.239998,860600,40.952554
2006-04-05,94.75,94.75,92.07,93.720001,1102600,40.726587
2006-04-04,95.940002,97.690002,93.279999,93.809998,2810600,40.765695
2006-04-03,96.199997,98.239998,95.150002,95.940002,1248000,41.691302
2006-03-31,93.860001,94.489998,91.00,93.919998,1379800,40.813497
2006-03-30,94.099998,95.190002,92.269997,93.610001,666200,40.678785
2006-03-29,88.650002,94.389999,88.650002,93.860001,1007600,40.787424
2006-03-28,90.010002,91.400002,88.32,88.559998,491800,38.484276
2006-03-27,89.800003,89.980003,88.449997,89.889999,379800,39.062237
2006-03-24,87.300003,89.599998,86.389999,89.330002,714800,38.818886
2006-03-23,87.239998,87.900002,85.400002,87.440002,810000,37.997576
2006-03-22,86.199997,88.489998,85.839996,86.800003,693000,37.71946
2006-03-21,87.099998,88.699997,86.050003,86.389999,790800,37.541291
2006-03-20,86.610001,87.519997,85.760002,86.400002,567400,37.545637
2006-03-17,86.099998,87.400002,85.599998,86.349998,987800,37.523908
2006-03-16,86.199997,86.50,84.800003,85.82,574000,37.293594
2006-03-15,84.400002,86.120003,84.220001,85.75,930600,37.263175
2006-03-14,83.290001,84.900002,82.510002,84.050003,560000,36.524431
2006-03-13,84.50,85.110001,82.949997,83.300003,465400,36.198514
2006-03-10,83.00,84.980003,82.07,84.00,560800,36.502702
2006-03-09,82.040001,82.790001,80.809998,81.599998,779600,35.459767
2006-03-08,81.400002,82.330002,78.68,81.480003,1051400,35.407623
2006-03-07,85.629997,85.629997,80.75,82.110001,545600,35.637937
2006-03-06,84.370003,88.00,84.349998,85.629997,702000,37.165709
2006-03-03,87.00,88.199997,85.790001,86.32,792400,37.465189
2006-03-02,85.400002,86.900002,84.099998,86.400002,636400,37.499912
2006-03-01,82.900002,85.370003,82.68,85.18,927200,36.970399
2006-02-28,86.699997,86.800003,82.080002,82.389999,1015600,35.759463
2006-02-27,87.949997,88.010002,86.019997,86.480003,858000,37.534635
2006-02-24,87.199997,87.779999,85.650002,87.599998,762000,38.020742
2006-02-23,85.25,88.400002,85.220001,86.519997,1038600,37.551993
2006-02-22,84.75,85.800003,83.110001,84.800003,539600,36.80547
2006-02-21,83.419998,84.709999,82.300003,84.199997,745200,36.545051
2006-02-17,80.169998,83.32,80.169998,82.910004,966800,35.985159
2006-02-16,80.040001,83.129997,78.650002,82.120003,1264400,35.642278
2006-02-15,78.300003,78.889999,75.839996,78.169998,510000,33.92787
2006-02-14,76.099998,78.699997,76.010002,78.139999,572600,33.91485
2006-02-13,77.669998,77.669998,74.879997,75.769997,649600,32.886205
2006-02-10,75.800003,78.239998,74.199997,77.68,810200,33.715198
2006-02-09,78.489998,78.980003,75.839996,76.00,660800,32.986033
2006-02-08,78.769997,78.849998,76.040001,78.290001,891400,33.979954
2006-02-07,82.00,82.339996,78.720001,78.769997,788200,34.188285
2006-02-06,81.82,83.949997,81.099998,83.00,967800,36.02422
2006-02-03,81.50,82.989998,81.120003,81.57,755200,35.403562
2006-02-02,84.00,85.550003,81.279999,82.790001,1980800,35.933075
2006-02-01,79.00,79.559998,77.580002,78.410004,728000,34.032039
2006-01-31,77.50,80.550003,76.410004,79.50,869600,34.505126
2006-01-30,80.639999,81.419998,79.559998,79.760002,570400,34.617974
2006-01-27,78.599998,81.650002,78.599998,80.650002,654600,35.004258
2006-01-26,77.089996,78.349998,76.709999,78.169998,626000,33.92787
2006-01-25,77.650002,78.82,76.559998,77.089996,596200,33.45912
2006-01-24,74.279999,77.470001,74.220001,77.099998,1222800,33.463462
2006-01-23,73.00,75.00,72.669998,73.830002,1112600,32.044196
2006-01-20,68.449997,74.68,68.449997,72.68,1921800,31.545064
2006-01-19,68.099998,68.900002,67.849998,68.43,1305600,29.70045
2006-01-18,66.00,69.699997,65.75,67.110001,2014200,29.127535
2006-01-17,64.889999,66.120003,64.839996,65.75,440000,28.537259
2006-01-13,69.230003,69.230003,64.739998,64.800003,326400,28.124935
2006-01-12,65.400002,65.809998,64.440002,64.610001,467000,28.042468
2006-01-11,67.059998,67.449997,65.360001,65.489998,524600,28.424411
2006-01-10,65.199997,67.949997,64.760002,67.059998,922000,29.105833
2006-01-09,63.00,66.599998,63.00,66.230003,909800,28.745593
2006-01-06,62.950001,63.740002,62.779999,63.119999,559000,27.395768
2006-01-05,63.00,63.040001,62.27,62.950001,523400,27.321984
2006-01-04,62.099998,63.34,62.099998,62.900002,732000,27.300283
2006-01-03,62.00,63.57,61.32,63.00,635400,27.343685
2005-12-30,61.799999,61.799999,60.77,61.119999,369600,26.527714
2005-12-29,62.48,62.48,61.48,62.009998,306600,26.913998
2005-12-28,61.00,62.57,60.990002,62.369999,369400,27.070248
2005-12-27,63.299999,63.299999,61.150002,61.200001,517800,26.562437
2005-12-23,62.939999,63.189999,62.509998,63.049999,331200,27.365386
2005-12-22,63.23,63.23,62.139999,62.799999,314000,27.256879
2005-12-21,62.50,62.990002,62.369999,62.98,578800,27.335004
2005-12-20,61.91,62.799999,61.91,62.560001,646200,27.152714
2005-12-19,62.73,63.830002,61.799999,61.91,598400,26.870596
2005-12-16,63.98,64.949997,62.720001,62.720001,1064800,27.222158
2005-12-15,65.099998,65.239998,63.869999,63.98,424800,27.769031
2005-12-14,64.449997,65.389999,64.449997,65.099998,379400,28.255141
2005-12-13,64.699997,65.190002,64.010002,64.989998,481000,28.207397
2005-12-12,65.800003,65.989998,65.519997,65.629997,396000,28.485174
2005-12-09,65.370003,66.099998,64.949997,65.610001,326000,28.476495
2005-12-08,65.800003,66.790001,64.68,65.32,664800,28.350627
2005-12-07,65.50,66.690002,65.449997,66.370003,381800,28.806356
2005-12-06,66.550003,67.099998,66.019997,66.220001,795400,28.697848
2005-12-05,67.00,67.25,66.190002,66.639999,719000,28.879864
2005-12-02,66.639999,66.910004,65.260002,66.00,517000,28.602506
2005-12-01,64.949997,66.769997,64.760002,66.639999,790000,28.879864
2005-11-30,64.50,65.169998,63.77,64.510002,857400,27.956784
2005-11-29,62.639999,64.839996,62.639999,64.470001,840600,27.939449
2005-11-28,65.00,65.00,62.599998,62.630001,682200,27.142045
2005-11-25,63.490002,64.919998,63.34,64.919998,154600,28.134464
2005-11-23,64.00,64.690002,63.130001,63.459999,523400,27.501743
2005-11-22,64.110001,64.110001,62.709999,63.27,479600,27.419403
2005-11-21,62.200001,64.32,62.09,64.110001,403400,27.783435
2005-11-18,63.00,63.00,61.23,62.279999,812800,26.990364
2005-11-17,61.98,62.959999,61.869999,62.959999,265200,27.285057
2005-11-16,60.900002,61.639999,59.880001,61.560001,312200,26.678338
2005-11-15,61.150002,61.849998,60.25,60.509998,474400,26.223297
2005-11-14,62.00,62.02,60.389999,61.220001,473000,26.530992
2005-11-11,59.810001,61.91,59.810001,61.529999,438800,26.665336
2005-11-10,60.200001,60.360001,58.900002,60.330002,903600,26.145292
2005-11-09,60.650002,61.25,59.93,60.32,707400,26.140957
2005-11-08,60.25,61.400002,60.099998,60.48,479600,26.210296
2005-11-07,60.25,60.779999,59.630001,60.50,800400,26.218964
2005-11-04,60.540001,60.599998,59.459999,60.25,657400,26.110621
2005-11-03,59.849998,60.98,59.790001,60.540001,733400,26.236299
2005-11-02,57.939999,59.50,57.75,59.50,695400,25.785593
2005-11-01,56.150002,57.889999,56.150002,57.889999,595200,25.087865
2005-10-31,56.50,57.900002,55.869999,57.02,861800,24.710832
2005-10-28,53.950001,55.759998,53.650002,55.34,409800,23.982768
2005-10-27,54.889999,54.889999,53.450001,53.759998,385200,23.298041
2005-10-26,55.419998,56.599998,54.73,54.880001,657800,23.783418
2005-10-25,55.470001,56.139999,54.00,54.880001,1140000,23.783418
2005-10-24,52.580002,55.200001,52.290001,55.080002,903800,23.870092
2005-10-21,49.599998,53.279999,49.599998,52.27,866200,22.652318
2005-10-20,53.599998,53.919998,48.66,49.450001,1481800,21.430211
2005-10-19,48.990002,51.00,47.18,51.00,962000,22.101937
2005-10-18,50.41,50.419998,48.919998,49.150002,524800,21.3002
2005-10-17,50.34,50.720001,50.00,50.41,413800,21.846247
2005-10-14,50.150002,50.610001,48.990002,49.939999,387800,21.642562
2005-10-13,49.830002,49.990002,48.610001,49.779999,644800,21.573223
2005-10-12,51.220001,51.220001,48.650002,49.869999,680200,21.612227
2005-10-11,51.040001,51.869999,50.959999,51.220001,412000,22.197279
2005-10-10,51.959999,52.810001,50.799999,50.900002,654800,22.0586
2005-10-07,50.57,52.099998,50.419998,51.18,445600,22.179944
2005-10-06,51.290001,51.650002,49.00,50.509998,635600,21.889584
2005-10-05,52.669998,52.669998,50.790001,51.119999,1064400,22.153941
2005-10-04,53.169998,53.380001,52.150002,52.669998,546200,22.825666
2005-10-03,53.009998,53.650002,52.799999,53.169998,376200,23.042352
2005-09-30,52.16,53.200001,51.779999,52.93,561000,22.938343
2005-09-29,51.419998,52.169998,51.360001,52.16,333200,22.604647
2005-09-28,50.689999,51.66,50.689999,51.419998,445200,22.283952
2005-09-27,51.099998,51.099998,50.080002,50.59,320400,21.924254
2005-09-26,50.700001,51.290001,49.950001,50.709999,543000,21.976259
2005-09-23,49.52,50.59,48.900002,50.16,416200,21.737905
2005-09-22,51.48,51.48,49.07,49.619999,434800,21.503884
2005-09-21,48.900002,50.52,48.880001,49.529999,452400,21.46488
2005-09-20,50.139999,50.459999,48.349998,48.98,906400,21.226526
2005-09-19,50.23,50.650002,50.02,50.150002,524000,21.733572
2005-09-16,50.209999,50.50,50.00,50.23,721200,21.76824
2005-09-15,49.48,50.650002,49.48,50.00,667600,21.668565
2005-09-14,49.549999,49.810001,49.080002,49.110001,431200,21.282865
2005-09-13,49.709999,49.970001,49.169998,49.299999,367400,21.365205
2005-09-12,49.09,49.93,48.82,49.709999,347800,21.542887
2005-09-09,48.50,49.419998,48.50,49.34,330800,21.38254
2005-09-08,48.470001,48.580002,47.720001,48.299999,357400,20.931834
2005-09-07,48.529999,48.849998,48.169998,48.540001,616400,21.035844
2005-09-06,48.709999,48.709999,47.119999,48.00,764400,20.801823
2005-09-02,49.57,49.689999,48.889999,49.00,226600,21.235194
2005-09-01,48.25,49.509998,47.98,49.470001,380000,21.438879
2005-08-31,47.59,48.099998,47.490002,48.00,473200,20.801823
2005-08-30,47.650002,47.73,47.16,47.59,241800,20.62414
2005-08-29,47.50,48.400002,47.169998,47.700001,476000,20.671812
2005-08-26,47.799999,48.00,46.860001,47.560001,468400,20.61114
2005-08-25,46.900002,47.939999,46.900002,47.900002,354000,20.758486
2005-08-24,47.00,47.970001,46.650002,47.00,530000,20.368451
2005-08-23,48.810001,48.810001,46.779999,47.509998,512200,20.58947
2005-08-22,47.580002,48.919998,47.580002,48.799999,366600,21.148519
2005-08-19,47.02,48.080002,47.02,47.240002,392200,20.472461
2005-08-18,47.290001,47.380001,46.599998,47.02,561400,20.377119
2005-08-17,48.150002,49.189999,47.66,47.91,372200,20.762819
2005-08-16,49.439999,49.439999,48.349998,48.360001,303200,20.957837
2005-08-15,49.200001,49.830002,48.75,49.34,399800,21.38254
2005-08-12,49.32,49.540001,48.259998,48.950001,374400,21.213526
2005-08-11,48.299999,49.619999,48.00,49.279999,423800,21.356537
2005-08-10,49.25,49.25,47.990002,48.419998,676600,20.983838
2005-08-09,48.880001,49.16,48.099998,48.799999,584600,21.105183
2005-08-08,47.099998,48.740002,47.099998,48.25,452600,20.867317
2005-08-05,47.779999,48.049999,46.650002,47.099998,694600,20.369961
2005-08-04,48.009998,48.080002,47.400002,47.779999,498800,20.664049
2005-08-03,47.740002,48.23,47.25,48.009998,518200,20.76352
2005-08-02,47.50,48.25,47.330002,47.759998,504800,20.6554
2005-08-01,46.720001,47.349998,46.450001,47.009998,711200,20.331037
2005-07-29,46.650002,46.950001,46.380001,46.720001,695600,20.205618
2005-07-28,46.00,46.75,45.849998,46.73,902600,20.209942
2005-07-27,46.599998,47.00,45.599998,46.049999,871200,19.915854
2005-07-26,45.400002,46.73,44.919998,46.540001,794000,20.127771
2005-07-25,45.990002,46.959999,45.279999,45.599998,930400,19.721236
2005-07-22,44.049999,45.59,44.049999,45.529999,819800,19.690962
2005-07-21,43.00,44.240002,42.75,44.110001,1633600,19.076837
2005-07-20,39.700001,41.150002,39.700001,40.950001,597400,17.71019
2005-07-19,38.580002,40.02,38.470001,39.900002,457000,17.256083
2005-07-18,38.73,39.189999,38.380001,38.540001,415400,16.667905
2005-07-15,38.709999,38.959999,38.400002,38.720001,275400,16.745752
2005-07-14,40.00,40.049999,38.509998,38.799999,322400,16.78035
2005-07-13,39.400002,39.650002,38.740002,39.419998,216400,17.048489
2005-07-12,39.389999,39.849998,38.810001,39.400002,381000,17.039841
2005-07-11,38.580002,39.639999,38.580002,39.419998,432200,17.048489
2005-07-08,37.75,38.799999,37.75,38.599998,507400,16.693853
2005-07-07,36.450001,37.650002,36.450001,37.549999,394200,16.239746
2005-07-06,37.779999,38.34,37.380001,37.799999,480200,16.347867
2005-07-05,37.77,37.779999,37.099998,37.630001,343600,16.274345
2005-07-01,37.400002,38.110001,37.099998,37.52,180600,16.226772
2005-06-30,38.349998,38.490002,36.959999,37.07,783600,16.032154
2005-06-29,38.48,38.82,38.18,38.34,160200,16.581408
2005-06-28,38.07,38.66,37.900002,38.439999,442600,16.624656
2005-06-27,37.380001,37.75,37.200001,37.549999,346800,16.239746
2005-06-24,37.50,37.650002,36.799999,37.34,557600,16.148925
2005-06-23,39.389999,39.389999,37.669998,37.84,627400,16.365166
2005-06-22,39.700001,40.119999,39.299999,39.639999,504800,17.143636
2005-06-21,39.68,39.700001,38.599998,39.50,670000,17.083089
2005-06-20,40.50,40.509998,39.68,40.060001,789600,17.32528
2005-06-17,41.25,41.540001,40.610001,40.950001,414800,17.71019
2005-06-16,40.119999,41.049999,40.110001,40.950001,590000,17.71019
2005-06-15,40.00,40.290001,39.66,40.259998,719400,17.411775
2005-06-14,40.00,40.00,39.310001,40.00,559200,17.29933
2005-06-13,39.549999,40.150002,39.040001,40.00,532000,17.29933
2005-06-10,39.330002,39.849998,38.669998,39.59,511000,17.122012
2005-06-09,39.50,39.50,38.639999,39.330002,360600,17.009567
2005-06-08,39.509998,40.09,39.41,39.639999,849800,17.143636
2005-06-07,39.25,39.740002,39.09,39.509998,433800,17.087413
2005-06-06,39.439999,39.619999,38.869999,39.450001,643800,17.061465
2005-06-03,39.34,40.02,39.130001,39.310001,462000,17.000917
2005-06-02,38.849998,39.810001,38.369999,39.240002,485000,16.970644
2005-06-01,38.490002,39.18,37.900002,38.849998,649800,16.801974
2005-05-31,38.75,39.049999,38.490002,38.490002,763600,16.646281
2005-05-27,40.00,40.349998,39.23,39.27,594000,16.983618
2005-05-26,38.669998,39.360001,38.25,39.18,423600,16.944694
2005-05-25,37.50,38.650002,37.02,38.470001,1092600,16.637631
2005-05-24,39.150002,39.150002,38.290001,38.509998,535600,16.654929
2005-05-23,38.970001,39.650002,38.91,39.25,814000,16.974968
2005-05-20,39.599998,39.900002,38.91,38.919998,526200,16.832248
2005-05-19,40.25,40.25,39.110001,39.869999,1030200,17.243107
2005-05-18,36.849998,40.290001,36.849998,40.110001,1477000,17.346904
2005-05-17,35.849998,36.759998,35.52,36.619999,465400,15.837536
2005-05-16,35.00,36.07,34.799999,35.98,483400,15.560747
2005-05-13,36.040001,36.439999,34.59,35.040001,687000,15.154214
2005-05-12,37.52,37.529999,35.630001,35.950001,752200,15.547773
2005-05-11,37.669998,37.990002,37.080002,37.669998,710200,16.291643
2005-05-10,38.869999,39.389999,37.540001,37.669998,827200,16.25272
2005-05-09,39.00,39.50,38.48,39.389999,354600,16.994814
2005-05-06,39.150002,39.599998,38.91,39.310001,399800,16.960299
2005-05-05,39.299999,39.73,38.619999,38.950001,649000,16.804977
2005-05-04,38.25,39.439999,37.939999,39.360001,498600,16.981871
2005-05-03,37.91,38.459999,37.68,38.27,648000,16.511591
2005-05-02,37.700001,37.939999,37.50,37.91,765400,16.356269
2005-04-29,38.099998,38.400002,36.610001,37.73,1242400,16.278608
2005-04-28,38.700001,38.709999,37.529999,37.75,1071400,16.287237
2005-04-27,39.48,39.48,38.09,38.740002,920400,16.714373
2005-04-26,41.110001,41.299999,39.709999,39.73,770600,17.141507
2005-04-25,40.360001,41.23,40.360001,40.970001,529200,17.676506
2005-04-22,40.41,40.810001,39.830002,40.349998,659800,17.409006
2005-04-21,40.50,40.700001,39.959999,40.509998,720000,17.478038
2005-04-20,40.610001,40.82,39.580002,39.720001,444000,17.137194
2005-04-19,40.50,40.939999,40.310001,40.610001,923000,17.521184
2005-04-18,38.369999,40.439999,37.970001,39.950001,800600,17.236427
2005-04-15,39.380001,39.529999,37.549999,38.380001,1532600,16.559051
2005-04-14,41.299999,41.299999,39.279999,39.400002,1007400,16.99913
2005-04-13,42.950001,42.970001,41.18,41.66,868400,17.974206
2005-04-12,42.599998,42.720001,41.490002,42.720001,678000,18.431544
2005-04-11,41.950001,43.060001,41.330002,42.830002,826400,18.479003
2005-04-08,43.00,43.360001,41.860001,41.950001,573400,18.099327
2005-04-07,43.630001,43.720001,43.150002,43.50,363400,18.768074
2005-04-06,43.290001,44.23,42.84,43.619999,833800,18.819848
2005-04-05,42.299999,43.630001,41.490002,43.279999,1649600,18.673155
2005-04-04,39.950001,40.43,39.049999,40.279999,416400,17.378805
2005-04-01,40.119999,40.849998,39.650002,39.950001,449600,17.236427
2005-03-31,39.549999,40.23,39.25,40.009998,531000,17.262313
2005-03-30,39.080002,39.599998,38.470001,39.09,848800,16.86538
2005-03-29,40.75,41.639999,38.98,39.099998,552800,16.869694
2005-03-28,41.419998,41.700001,40.759998,40.93,394400,17.659248
2005-03-24,41.50,42.220001,41.450001,41.450001,306200,17.883602
2005-03-23,42.689999,42.689999,41.310001,41.310001,335200,17.823199
2005-03-22,42.900002,44.110001,42.619999,42.68,414400,18.414285
2005-03-21,42.549999,42.970001,42.23,42.75,508200,18.444487
2005-03-18,43.740002,43.75,41.799999,42.48,776200,18.327995
2005-03-17,42.580002,43.599998,42.34,43.490002,395800,18.76376
2005-03-16,43.849998,43.849998,42.220001,42.580002,587600,18.371141
2005-03-15,43.950001,44.68,43.610001,43.77,488200,18.884566
2005-03-14,44.549999,44.68,43.150002,43.950001,585600,18.962227
2005-03-11,43.700001,44.669998,43.00,44.580002,670400,19.234041
2005-03-10,43.200001,43.279999,42.02,42.509998,859800,18.340938
2005-03-09,44.689999,44.700001,43.119999,43.25,1004000,18.660212
2005-03-08,45.900002,45.900002,44.439999,44.580002,741400,19.19521
2005-03-07,47.369999,47.529999,45.880001,45.900002,814400,19.763574
2005-03-04,45.919998,47.389999,45.880001,47.360001,610000,20.392219
2005-03-03,45.77,45.880001,45.169998,45.439999,538600,19.565507
2005-03-02,45.779999,46.68,45.23,45.759998,657000,19.703292
2005-03-01,46.07,46.25,45.41,45.779999,1135000,19.711904
2005-02-28,46.00,46.200001,45.369999,45.700001,889800,19.677458
2005-02-25,44.48,46.369999,44.48,46.299999,704800,19.935805
2005-02-24,44.049999,44.639999,43.889999,44.459999,637600,19.14354
2005-02-23,43.209999,44.400002,43.200001,44.060001,569400,18.971309
2005-02-22,43.25,44.450001,42.799999,43.200001,822200,18.601011
2005-02-18,43.75,44.439999,43.27,44.00,819200,18.945474
2005-02-17,40.549999,44.209999,39.169998,43.400002,2519200,18.687127
2005-02-16,37.380001,39.330002,37.349998,38.790001,625200,16.702158
2005-02-15,38.119999,38.259998,37.209999,37.380001,474600,16.095042
2005-02-14,38.049999,38.450001,37.849998,38.349998,393800,16.512702
2005-02-11,37.869999,38.099998,37.459999,37.900002,520400,16.318943
2005-02-10,38.049999,38.049999,37.279999,37.669998,564800,16.219908
2005-02-09,38.849998,38.990002,37.98,38.029999,367400,16.374917
2005-02-08,39.240002,39.240002,38.540001,38.75,505400,16.684934
2005-02-07,39.400002,39.950001,39.040001,39.25,229000,16.900224
2005-02-04,38.98,39.43,38.59,39.360001,372600,16.947588
2005-02-03,38.599998,39.25,38.150002,39.23,622200,16.891612
2005-02-02,38.759998,39.34,38.619999,38.84,295400,16.723686
2005-02-01,38.369999,39.150002,38.150002,39.009998,387800,16.796884
2005-01-31,38.049999,38.619999,37.68,38.369999,815400,16.521314
2005-01-28,38.630001,38.700001,37.740002,38.049999,327200,16.383529
2005-01-27,38.779999,38.98,37.900002,38.380001,412800,16.52562
2005-01-26,38.540001,38.849998,37.82,38.599998,286200,16.620347
2005-01-25,38.150002,39.290001,38.150002,38.369999,473800,16.521314
2005-01-24,37.990002,38.389999,37.799999,38.110001,886400,16.409364
2005-01-21,37.02,38.240002,37.009998,38.080002,469000,16.396447
2005-01-20,36.50,37.419998,36.360001,37.080002,417000,15.965868
2005-01-19,37.00,37.509998,36.540001,36.610001,255600,15.763496
2005-01-18,36.880001,37.330002,36.310001,37.130001,419000,15.987397
2005-01-14,36.75,37.459999,36.689999,36.869999,407400,15.875445
2005-01-13,36.599998,37.240002,36.139999,36.50,303600,15.716132
2005-01-12,36.299999,36.650002,35.82,36.59,257000,15.754884
2005-01-11,36.799999,36.82,35.889999,36.290001,561000,15.62571
2005-01-10,36.400002,37.419998,36.400002,37.099998,370800,15.974478
2005-01-07,37.50,37.849998,36.48,36.48,404800,15.70752
2005-01-06,37.400002,37.599998,36.860001,37.25,354400,16.039066
2005-01-05,37.52,37.849998,37.130001,37.400002,703200,16.103653
2005-01-04,37.939999,38.41,37.349998,37.57,377000,16.176851
2005-01-03,38.799999,39.349998,37.880001,38.029999,382200,16.374917
2004-12-31,38.73,39.380001,38.73,38.959999,190600,16.775355
2004-12-30,38.560001,38.990002,38.16,38.77,335200,16.693546
2004-12-29,39.73,39.73,38.959999,38.990002,236400,16.788274
2004-12-28,39.200001,39.799999,39.200001,39.639999,174400,17.068149
2004-12-27,39.75,39.830002,38.790001,38.860001,187400,16.732298
2004-12-23,39.450001,40.060001,39.450001,39.599998,134600,17.050926
2004-12-22,40.139999,40.41,39.060001,39.529999,334000,17.020785
2004-12-21,38.900002,40.080002,38.880001,40.009998,661000,17.227463
2004-12-20,38.700001,39.25,38.59,38.900002,341800,16.749522
2004-12-17,38.50,38.790001,38.169998,38.599998,295200,16.620347
2004-12-16,38.91,39.080002,38.080002,38.50,356800,16.577289
2004-12-15,37.779999,38.939999,37.650002,38.939999,371200,16.766744
2004-12-14,37.50,38.099998,37.009998,37.529999,599800,16.159627
2004-12-13,38.279999,38.869999,38.23,38.650002,368200,16.641877
2004-12-10,37.700001,38.540001,37.470001,38.220001,323400,16.456728
2004-12-09,37.700001,37.849998,37.119999,37.619999,306600,16.19838
2004-12-08,38.009998,38.040001,37.139999,37.779999,378800,16.267272
2004-12-07,39.540001,39.540001,38.080002,38.080002,531000,16.366307
2004-12-06,40.580002,40.59,39.34,39.50,479800,16.976605
2004-12-03,40.150002,40.75,39.869999,40.630001,367600,17.462265
2004-12-02,40.330002,40.330002,39.009998,40.220001,651200,17.286052
2004-12-01,40.119999,40.889999,39.810001,40.490002,426200,17.402095
2004-11-30,40.75,41.34,39.91,39.91,497800,17.152817
2004-11-29,40.900002,41.240002,39.849998,40.77,407200,17.522435
2004-11-26,40.27,41.200001,40.27,40.759998,426800,17.518136
2004-11-24,39.48,40.380001,39.48,39.919998,308800,17.157114
2004-11-23,40.02,40.02,38.869999,39.549999,464600,16.998094
2004-11-22,38.400002,40.040001,38.369999,40.009998,440200,17.195795
2004-11-19,38.599998,39.07,38.27,38.439999,359600,16.521029
2004-11-18,39.009998,39.080002,38.220001,38.689999,391800,16.628476
2004-11-17,38.950001,39.700001,38.470001,39.009998,282800,16.766008
2004-11-16,38.59,38.900002,38.290001,38.549999,387000,16.568306
2004-11-15,38.75,38.77,37.799999,38.59,451400,16.585498
2004-11-12,37.75,38.790001,37.549999,38.599998,364600,16.589795
2004-11-11,37.220001,37.689999,36.900002,37.599998,317200,16.160008
2004-11-10,37.209999,38.080002,36.849998,37.220001,345200,15.99669
2004-11-09,36.75,37.689999,36.619999,37.23,246600,16.000987
2004-11-08,36.900002,37.220001,36.32,36.75,338800,15.794689
2004-11-05,36.98,37.400002,36.470001,36.650002,320800,15.751711
2004-11-04,36.299999,36.970001,36.00,36.939999,406600,15.876348
2004-11-03,36.00,36.740002,35.830002,36.41,594000,15.648561
2004-11-02,34.869999,35.849998,34.75,35.450001,793400,15.235966
2004-11-01,34.419998,34.459999,33.599998,34.209999,406600,14.703029
2004-10-29,33.93,34.369999,33.619999,34.32,601800,14.750305
2004-10-28,34.93,34.939999,33.619999,33.880001,992800,14.5612
2004-10-27,35.919998,36.990002,35.27,36.00,699800,15.472348
2004-10-26,35.200001,35.77,34.66,35.75,790800,15.364902
2004-10-25,36.209999,36.330002,34.66,34.900002,860400,14.999583
2004-10-22,34.790001,35.18,34.50,34.52,386800,14.836263
2004-10-21,34.00,34.75,33.189999,34.75,563000,14.935114
2004-10-20,33.75,34.889999,33.73,34.25,496000,14.72022
2004-10-19,35.799999,36.25,33.080002,33.720001,844800,14.492434
2004-10-18,35.68,36.099998,35.169998,35.549999,488800,15.278944
2004-10-15,35.950001,36.290001,35.82,35.860001,358200,15.412178
2004-10-14,36.169998,36.34,35.400002,35.84,365000,15.403583
2004-10-13,39.119999,39.130001,35.389999,36.07,1054200,15.502433
2004-10-12,39.490002,39.490002,38.470001,39.119999,251800,16.813285
2004-10-11,40.00,40.119999,39.349998,39.490002,301000,16.972307
2004-10-08,40.049999,40.709999,39.66,39.75,439800,17.084051
2004-10-07,41.900002,41.900002,40.220001,40.220001,345800,17.286052
2004-10-06,40.849998,41.900002,40.849998,41.900002,313000,18.008095
2004-10-05,41.099998,41.380001,40.709999,40.950001,386000,17.599797
2004-10-04,40.290001,41.23,40.220001,40.950001,415200,17.599797
2004-10-01,40.00,40.310001,39.799999,40.290001,367200,17.316137
2004-09-30,38.970001,40.040001,38.91,39.700001,337600,17.062562
2004-09-29,39.830002,39.830002,38.59,38.93,341200,16.731626
2004-09-28,38.00,39.950001,38.00,39.91,595000,17.152817
2004-09-27,37.139999,38.330002,37.139999,37.900002,495800,16.288945
2004-09-24,36.77,37.639999,36.77,37.18,191600,15.979498
2004-09-23,37.279999,37.32,36.599998,36.77,322000,15.803285
2004-09-22,38.049999,38.049999,37.200001,37.279999,444800,16.022476
2004-09-21,38.189999,38.450001,37.549999,38.23,369800,16.430774
2004-09-20,37.610001,38.709999,37.57,38.27,369000,16.447966
2004-09-17,38.889999,39.080002,38.360001,38.75,431000,16.654264
2004-09-16,38.869999,39.330002,38.599998,38.650002,427000,16.611286
2004-09-15,39.389999,39.549999,38.50,38.709999,532200,16.637072
2004-09-14,40.529999,40.529999,39.220001,39.389999,348600,16.929328
2004-09-13,40.419998,41.07,40.400002,40.68,212800,17.483754
2004-09-10,40.630001,40.630001,40.119999,40.299999,362800,17.320434
2004-09-09,40.040001,40.950001,39.689999,40.740002,463200,17.509542
2004-09-08,39.880001,40.279999,39.290001,39.360001,264000,16.916435
2004-09-07,38.849998,40.080002,38.849998,39.790001,282800,17.101243
2004-09-03,39.279999,39.509998,38.84,38.849998,246800,16.697242
2004-09-02,38.09,39.279999,37.959999,39.279999,383600,16.882051
2004-09-01,38.00,38.299999,37.599998,37.990002,256800,16.327626
2004-08-31,37.950001,38.02,37.419998,37.93,284000,16.301838
2004-08-30,38.18,38.43,37.810001,37.84,245400,16.263157
2004-08-27,37.639999,38.349998,37.580002,38.330002,178400,16.473754
2004-08-26,38.080002,38.099998,37.400002,37.740002,185200,16.220179
2004-08-25,37.52,38.080002,37.080002,38.080002,235000,16.366307
2004-08-24,37.650002,38.240002,37.279999,37.720001,248200,16.211583
2004-08-23,38.389999,38.43,37.310001,37.549999,370000,16.138519
2004-08-20,37.779999,38.27,37.700001,38.139999,378400,16.392093
2004-08-19,38.360001,38.50,37.700001,37.810001,321400,16.250264
2004-08-18,37.939999,38.50,37.68,38.360001,231600,16.486647
2004-08-17,38.639999,38.720001,38.00,38.139999,199000,16.392093
2004-08-16,37.50,38.619999,37.50,38.389999,219800,16.49954
2004-08-13,37.23,38.00,37.23,37.50,245800,16.11703
2004-08-12,38.27,38.27,36.959999,37.07,277600,15.932221
2004-08-11,37.959999,38.919998,37.380001,38.52,634600,16.555413
2004-08-10,36.48,38.25,36.48,38.209999,453400,16.422178
2004-08-09,36.419998,36.889999,36.16,36.330002,385400,15.614179
2004-08-06,37.599998,37.619999,36.299999,36.439999,555600,15.661454
2004-08-05,38.68,38.779999,37.860001,37.869999,354000,16.276051
2004-08-04,39.119999,39.119999,38.50,38.580002,449800,16.581201
2004-08-03,40.00,40.150002,39.029999,39.029999,556600,16.744518
2004-08-02,39.580002,40.700001,39.509998,40.52,449600,17.383754
2004-07-30,39.299999,40.02,39.299999,39.82,268200,17.083442
2004-07-29,39.02,39.650002,38.630001,39.41,269400,16.907545
2004-07-28,38.919998,39.360001,38.630001,39.009998,418800,16.735938
2004-07-27,37.529999,39.150002,37.529999,39.00,604600,16.731648
2004-07-26,37.599998,37.950001,37.369999,37.759998,592800,16.199667
2004-07-23,38.220001,38.220001,36.970001,37.169998,841400,15.946547
2004-07-22,38.529999,38.799999,37.349998,38.220001,873400,16.397016
2004-07-21,40.810001,40.810001,38.41,38.529999,847200,16.53001
2004-07-20,40.299999,40.860001,39.619999,40.810001,895800,17.508169
2004-07-19,40.919998,40.990002,40.200001,40.23,518000,17.259338
2004-07-16,41.299999,41.610001,40.84,40.990002,755600,17.585392
2004-07-15,42.48,42.759998,40.310001,41.00,952000,17.589681
2004-07-14,41.889999,42.150002,41.299999,41.619999,603600,17.855671
2004-07-13,41.299999,41.900002,41.200001,41.889999,426000,17.971506
2004-07-12,41.400002,41.599998,40.860001,41.049999,334200,17.611132
2004-07-09,40.639999,41.630001,40.470001,41.310001,330200,17.722677
2004-07-08,41.00,41.380001,40.610001,40.639999,525600,17.435235
2004-07-07,40.439999,42.02,40.029999,41.380001,541000,17.752708
2004-07-06,39.77,41.09,39.689999,40.02,441200,17.169245
2004-07-02,39.599998,39.959999,39.299999,39.610001,205200,16.993349
2004-07-01,40.34,40.389999,39.259998,39.560001,288400,16.971898
2004-06-30,40.299999,40.610001,39.580002,40.32,349800,17.29795
2004-06-29,39.459999,40.599998,39.459999,39.900002,455600,17.117764
2004-06-28,39.799999,40.099998,39.080002,39.389999,370600,16.898964
2004-06-25,39.490002,40.330002,39.150002,39.549999,846800,16.967607
2004-06-24,38.810001,39.900002,38.290001,39.200001,1124200,16.817452
2004-06-23,37.16,38.990002,37.16,38.849998,420200,16.667295
2004-06-22,37.07,37.34,36.00,37.16,662400,15.942258
2004-06-21,37.380001,37.41,36.419998,36.560001,309400,15.684848
2004-06-18,37.48,37.84,37.02,37.48,475200,16.079543
2004-06-17,36.599998,38.009998,36.130001,37.48,681000,16.079543
2004-06-16,36.450001,36.869999,35.860001,36.740002,288400,15.762071
2004-06-15,35.77,36.57,35.68,36.279999,394200,15.564722
2004-06-14,35.82,35.82,34.799999,34.869999,268000,14.959809
2004-06-10,35.599998,36.34,35.599998,35.82,398200,15.367375
2004-06-09,36.299999,36.299999,35.380001,35.619999,372600,15.281572
2004-06-08,36.57,36.599998,36.07,36.450001,317400,15.637656
2004-06-07,35.330002,37.00,35.25,36.810001,318400,15.792102
2004-06-04,35.50,35.599998,35.080002,35.279999,272000,15.135706
2004-06-03,36.200001,36.200001,35.130001,35.130001,237600,15.071354
2004-06-02,36.400002,36.50,35.860001,36.220001,286000,15.538982
2004-06-01,36.470001,36.50,35.650002,36.23,334400,15.543272
2004-05-28,35.669998,36.700001,35.259998,36.59,262200,15.697718
2004-05-27,36.299999,36.50,35.41,35.720001,471200,15.324474
2004-05-26,36.540001,36.73,35.73,35.990002,282800,15.440309
2004-05-25,35.50,36.830002,35.330002,36.50,523400,15.659107
2004-05-24,34.900002,35.25,34.540001,34.77,407400,14.916908
2004-05-21,34.580002,34.93,34.139999,34.709999,317400,14.891166
2004-05-20,33.849998,34.560001,33.470001,34.25,495200,14.693819
2004-05-19,34.299999,34.849998,33.509998,34.040001,632200,14.603726
2004-05-18,32.049999,33.990002,32.049999,33.990002,373000,14.582276
2004-05-17,32.630001,32.939999,31.76,31.959999,254600,13.711371
2004-05-14,32.709999,33.50,32.50,32.73,429000,14.041714
2004-05-13,33.75,33.880001,32.599998,33.040001,479000,14.17471
2004-05-12,33.48,34.00,32.77,34.00,597800,14.586565
2004-05-11,33.25,33.490002,32.84,33.25,799000,14.264803
2004-05-10,32.09,33.540001,32.02,32.689999,692000,14.024553
2004-05-07,34.560001,35.25,32.07,32.09,390600,13.767143
2004-05-06,35.189999,35.189999,34.240002,34.66,353400,14.869716
2004-05-05,35.450001,35.830002,35.16,35.18,356800,15.092805
2004-05-04,34.880001,35.939999,33.93,35.099998,410200,15.032742
2004-05-03,33.200001,35.169998,32.700001,34.880001,790800,14.938521
2004-04-30,33.369999,33.75,32.599998,33.02,455000,14.141914
2004-04-29,33.700001,34.119999,33.330002,33.610001,662600,14.394601
2004-04-28,36.200001,36.200001,33.810001,34.32,776400,14.698682
2004-04-27,36.610001,36.889999,35.610001,36.200001,432400,15.503855
2004-04-26,37.110001,37.919998,36.330002,36.48,334600,15.623774
2004-04-23,36.950001,37.099998,36.52,37.040001,452600,15.863613
2004-04-22,36.299999,37.240002,35.98,36.849998,647000,15.782238
2004-04-21,37.09,37.16,34.880001,35.810001,785800,15.336825
2004-04-20,36.91,37.41,36.720001,37.080002,730400,15.880745
2004-04-19,37.75,38.25,36.59,36.790001,911200,15.756542
2004-04-16,35.599998,37.389999,35.299999,36.900002,1145600,15.803653
2004-04-15,36.00,36.00,34.389999,35.009998,786200,14.994197
2004-04-14,33.82,34.490002,33.490002,33.549999,294000,14.368904
2004-04-13,35.849998,35.860001,33.540001,33.82,230200,14.48454
2004-04-12,35.279999,36.00,35.099998,36.00,182600,15.418198
2004-04-08,36.07,36.18,34.93,35.029999,268400,15.002763
2004-04-07,35.959999,36.07,35.310001,35.900002,243400,15.37537
2004-04-06,35.990002,36.389999,35.830002,35.959999,575600,15.401066
2004-04-05,36.049999,36.200001,35.639999,36.09,376600,15.456743
2004-04-02,35.00,35.959999,34.75,35.849998,574800,15.353955
2004-04-01,35.700001,35.91,33.700001,34.57,1367600,14.805753
2004-03-31,36.00,36.00,34.509998,35.150002,471800,15.054158
2004-03-30,34.740002,36.119999,34.740002,35.950001,463200,15.396784
2004-03-29,33.950001,34.849998,33.950001,34.740002,384400,14.878562
2004-03-26,32.110001,33.990002,32.040001,33.709999,328000,14.437429
2004-03-25,31.450001,32.25,31.40,32.099998,338800,13.747892
2004-03-24,32.50,33.25,31.059999,31.389999,1339200,13.443812
2004-03-23,30.950001,31.01,30.32,30.549999,517200,13.084054
2004-03-22,32.00,32.099998,29.780001,30.00,270400,12.848498
2004-03-19,32.25,32.939999,31.27,31.780001,401000,13.610843
2004-03-18,30.50,30.68,29.870001,30.18,277000,12.925589
2004-03-17,29.68,30.84,29.629999,30.68,224200,13.139731
2004-03-16,29.68,30.35,29.25,29.360001,222600,12.574397
2004-03-15,30.92,30.98,29.25,29.43,256600,12.604377
2004-03-12,29.68,30.780001,29.26,30.780001,363200,13.182559
2004-03-11,30.200001,31.559999,29.66,29.67,240200,12.707165
2004-03-10,31.40,31.549999,30.190001,30.190001,197000,12.929872
2004-03-09,31.879999,31.92,31.200001,31.540001,193000,13.482358
2004-03-08,32.27,32.27,31.60,31.68,203400,13.542203
2004-03-05,31.58,32.299999,31.40,32.169998,140400,13.751662
2004-03-04,31.50,31.58,31.00,31.58,250400,13.499456
2004-03-03,31.82,31.82,31.01,31.25,407400,13.358392
2004-03-02,32.25,32.650002,31.790001,31.82,360400,13.602049
2004-03-01,31.780001,32.50,31.74,32.290001,374800,13.802959
2004-02-27,31.450001,31.940001,31.299999,31.440001,247200,13.439611
2004-02-26,30.91,31.85,30.67,31.50,289200,13.465259
2004-02-25,29.90,30.799999,29.879999,30.799999,284800,13.166031
2004-02-24,30.200001,30.969999,29.799999,29.799999,284000,12.738562
2004-02-23,30.700001,30.90,30.15,30.15,245000,12.888176
2004-02-20,30.700001,30.700001,29.719999,30.540001,302400,13.05489
2004-02-19,30.68,31.00,30.110001,30.280001,300000,12.943748
2004-02-18,31.00,31.120001,29.92,30.32,150800,12.960846
2004-02-17,29.879999,31.00,29.879999,30.809999,187800,13.170305
2004-02-13,30.52,30.610001,29.34,29.780001,275600,12.730013
2004-02-12,30.610001,30.780001,30.200001,30.27,121800,12.939473
2004-02-11,30.309999,30.639999,29.82,30.50,128800,13.03779
2004-02-10,29.40,30.52,29.40,30.309999,382400,12.956571
2004-02-09,28.41,29.34,28.360001,29.120001,309600,12.447884
2004-02-06,28.629999,28.690001,28.09,28.25,269600,12.075986
2004-02-05,27.58,28.50,27.58,28.450001,173800,12.16148
2004-02-04,28.299999,28.299999,27.17,27.389999,301400,11.708363
2004-02-03,29.07,29.07,28.290001,28.299999,201400,12.097359
2004-02-02,29.15,29.73,28.50,29.07,192600,12.42651
2004-01-30,28.90,29.219999,28.450001,29.00,234000,12.396588
2004-01-29,29.290001,29.299999,28.15,28.799999,412800,12.311094
2004-01-28,30.98,30.99,28.75,28.91,260400,12.358115
2004-01-27,30.90,31.07,30.49,30.90,229400,13.208778
2004-01-26,31.59,31.690001,30.190001,30.74,147400,13.140383
2004-01-23,31.49,31.790001,30.66,31.58,178200,13.499456
2004-01-22,32.490002,32.57,31.07,31.24,183800,13.354117
2004-01-21,31.50,32.790001,31.440001,32.490002,209000,13.888454
2004-01-20,31.25,31.43,31.120001,31.24,156400,13.354117
2004-01-16,31.50,31.700001,31.08,31.280001,235400,13.371216
2004-01-15,31.75,31.75,30.16,30.58,486200,13.071988
2004-01-14,33.380001,33.380001,32.099998,32.549999,270000,13.914101
2004-01-13,33.139999,33.380001,32.119999,33.380001,179600,14.2689
2004-01-12,32.689999,32.900002,32.450001,32.810001,161000,14.025243
2004-01-09,33.860001,33.860001,32.540001,32.540001,122400,13.909827
2004-01-08,33.950001,34.110001,33.669998,33.860001,115600,14.474085
2004-01-07,33.400002,33.720001,32.900002,33.720001,228200,14.41424
2004-01-06,34.470001,34.700001,33.400002,33.400002,273800,14.27745
2004-01-05,35.09,35.09,34.099998,34.18,196400,14.610875
2004-01-02,34.299999,35.099998,34.299999,34.48,338400,14.739115
2003-12-31,34.599998,34.610001,33.00,33.209999,234400,14.19623
2003-12-30,35.00,35.00,34.34,34.68,227400,14.824609
2003-12-29,33.650002,35.00,33.650002,35.00,150400,14.961399
2003-12-26,33.220001,33.650002,33.220001,33.650002,101000,14.384317
2003-12-24,33.77,33.77,33.23,33.25,69200,14.213329
2003-12-23,33.66,33.889999,33.099998,33.889999,231400,14.486909
2003-12-22,32.959999,33.650002,32.889999,33.650002,181000,14.384317
2003-12-19,33.50,33.57,32.549999,32.98,241400,14.097912
2003-12-18,31.65,34.02,31.65,33.50,485400,14.320196
2003-12-17,31.85,32.07,31.639999,31.90,181200,13.636246
2003-12-16,31.32,31.85,30.82,31.85,200600,13.614873
2003-12-15,31.940001,32.209999,31.309999,31.42,198400,13.431062
2003-12-12,30.93,31.639999,30.77,31.639999,330200,13.525104
2003-12-11,29.799999,31.559999,29.799999,30.780001,607000,13.157482
2003-12-10,32.349998,32.439999,30.15,30.16,391600,12.892451
2003-12-09,32.150002,32.75,32.09,32.450001,173000,13.871354
2003-12-08,31.799999,32.299999,31.75,32.040001,232600,13.696092
2003-12-05,31.65,31.93,31.200001,31.700001,209200,13.550753
2003-12-04,30.950001,32.040001,30.719999,31.870001,261600,13.623423
2003-12-03,30.83,31.370001,30.700001,30.700001,185000,13.123284
2003-12-02,31.02,31.07,30.780001,30.82,285000,13.148932
2003-12-01,29.700001,31.25,29.700001,30.780001,308000,13.131867
2003-11-28,29.75,29.950001,29.48,29.48,99800,12.577239
2003-11-26,29.700001,29.98,29.17,29.84,444600,12.730828
2003-11-25,29.950001,30.15,29.82,30.08,302400,12.833221
2003-11-24,30.07,30.24,29.75,30.16,168200,12.867352
2003-11-21,30.82,30.82,29.790001,30.26,190400,12.910016
2003-11-20,30.549999,30.99,30.40,30.82,189000,13.148932
2003-11-19,29.75,30.67,29.68,30.549999,153600,13.03374
2003-11-18,29.879999,30.129999,29.610001,29.85,187800,12.735095
2003-11-17,29.34,29.98,29.299999,29.98,149800,12.790557
2003-11-14,30.219999,30.25,29.32,29.34,120000,12.51751
2003-11-13,29.809999,30.360001,29.809999,30.120001,153600,12.850287
2003-11-12,28.66,29.809999,28.66,29.809999,269800,12.718029
2003-11-11,28.90,29.049999,28.709999,28.77,142600,12.274328
2003-11-10,29.299999,29.450001,28.90,28.950001,180000,12.351122
2003-11-07,29.00,29.299999,28.950001,29.299999,202000,12.500444
2003-11-06,29.65,29.65,28.700001,29.00,156000,12.372454
2003-11-05,30.049999,30.049999,29.299999,29.65,120200,12.649767
2003-11-04,29.50,30.299999,29.49,29.98,295600,12.790557
2003-11-03,28.73,29.40,28.73,29.40,292200,12.543108
2003-10-31,28.42,28.959999,28.08,28.700001,305000,12.244463
2003-10-30,28.65,28.93,28.17,28.299999,316600,12.073808
2003-10-29,27.15,28.52,27.139999,28.40,296800,12.116472
2003-10-28,27.50,27.50,26.629999,27.049999,458200,11.540513
2003-10-27,26.549999,27.74,26.27,27.68,464600,11.809294
2003-10-24,26.190001,26.49,25.809999,26.23,274200,11.190671
2003-10-23,27.08,27.200001,26.059999,26.09,331200,11.130942
2003-10-22,27.40,27.549999,26.77,27.07,251000,11.549046
2003-10-21,26.66,27.469999,26.639999,27.469999,370600,11.7197
2003-10-20,25.23,26.68,25.23,26.65,577400,11.369858
2003-10-17,26.299999,26.65,25.08,25.08,467400,10.700039
2003-10-16,24.23,25.16,24.200001,25.16,240200,10.73417
2003-10-15,24.209999,24.26,23.940001,24.01,221200,10.243539
2003-10-14,23.950001,24.299999,23.549999,24.200001,114000,10.3246
2003-10-13,23.129999,23.809999,23.129999,23.809999,122600,10.158211
2003-10-10,23.299999,23.360001,22.860001,23.030001,69000,9.825435
2003-10-09,23.049999,23.40,22.950001,23.23,140800,9.910762
2003-10-08,23.40,23.40,22.879999,22.90,93800,9.769972
2003-10-07,23.18,23.49,23.040001,23.43,186000,9.99609
2003-10-06,22.85,23.26,22.82,23.120001,202600,9.863832
2003-10-03,23.00,23.25,22.940001,23.00,199200,9.812636
2003-10-02,22.870001,23.10,22.780001,22.950001,261000,9.791304
2003-10-01,22.200001,22.99,22.120001,22.90,103600,9.769972
2003-09-30,22.190001,22.75,21.90,22.190001,295400,9.467061
2003-09-29,21.50,22.25,21.370001,22.24,183800,9.488392
2003-09-26,22.00,22.120001,21.42,21.42,134200,9.13855
2003-09-25,22.60,22.66,21.889999,22.00,152400,9.385999
2003-09-24,23.030001,23.10,22.51,22.549999,137000,9.620649
2003-09-23,22.75,23.059999,22.75,23.030001,146800,9.825435
2003-09-22,23.09,23.09,22.360001,22.75,132200,9.705977
2003-09-19,22.90,23.209999,22.90,23.08,221400,9.846767
2003-09-18,22.870001,23.08,22.85,23.02,187200,9.821169
2003-09-17,22.99,23.00,22.709999,22.870001,93600,9.757173
2003-09-16,22.799999,23.110001,22.75,23.08,156000,9.846767
2003-09-15,22.950001,23.00,22.68,22.709999,72400,9.688911
2003-09-12,22.91,23.129999,22.67,22.860001,98800,9.752907
2003-09-11,22.90,23.02,22.77,22.93,121000,9.782771
2003-09-10,23.00,23.00,22.66,22.83,166000,9.740108
2003-09-09,23.379999,23.379999,22.809999,22.809999,76200,9.731575
2003-09-08,23.219999,23.50,23.10,23.25,200400,9.919295
2003-09-05,23.10,23.40,23.08,23.219999,232800,9.906495
2003-09-04,23.18,23.200001,22.809999,23.08,152600,9.846767
2003-09-03,23.15,23.33,23.10,23.15,292200,9.876631
2003-09-02,23.07,23.299999,22.889999,23.10,734800,9.8553
2003-08-29,22.969999,23.25,22.969999,23.07,162200,9.8425
2003-08-28,22.959999,23.08,22.50,23.02,139600,9.821169
2003-08-27,22.950001,23.02,22.879999,22.950001,117400,9.791304
2003-08-26,22.65,23.00,22.280001,23.00,329400,9.812636
2003-08-25,22.799999,22.799999,22.40,22.700001,91400,9.684645
2003-08-22,22.950001,23.00,22.700001,22.85,91000,9.74864
2003-08-21,23.00,23.15,22.90,23.09,560800,9.851033
2003-08-20,23.60,23.60,22.91,23.00,259000,9.812636
2003-08-19,23.48,23.799999,23.48,23.68,240000,10.102749
2003-08-18,23.15,23.60,23.110001,23.450001,161600,10.004622
2003-08-15,23.10,23.10,23.00,23.07,57400,9.8425
2003-08-14,23.00,23.209999,22.950001,23.10,215000,9.8553
2003-08-13,23.09,23.549999,22.950001,23.08,369400,9.846767
2003-08-12,22.08,23.290001,22.08,23.290001,169200,9.936361
2003-08-11,21.59,22.27,21.59,22.23,150000,9.484126
2003-08-08,21.50,21.60,21.35,21.540001,152400,9.189747
2003-08-07,21.549999,21.57,21.299999,21.370001,190600,9.117219
2003-08-06,21.780001,21.780001,21.51,21.549999,78600,9.194013
2003-08-05,22.01,22.07,21.66,21.68,120200,9.249476
2003-08-04,22.43,22.43,22.00,22.00,200200,9.385999
2003-08-01,22.40,22.629999,22.02,22.42,193400,9.565187
2003-07-31,22.50,22.50,22.049999,22.40,148400,9.556654
2003-07-30,21.870001,22.50,21.50,22.50,242800,9.599318
2003-07-29,21.50,21.969999,21.24,21.969999,150800,9.347602
2003-07-28,21.059999,21.65,21.059999,21.43,122200,9.117848
2003-07-25,20.90,21.24,20.780001,21.049999,146800,8.956168
2003-07-24,20.610001,21.32,20.610001,20.83,184000,8.862565
2003-07-23,20.879999,20.950001,20.40,20.610001,90800,8.768961
2003-07-22,20.309999,20.85,20.16,20.84,177800,8.86682
2003-07-21,20.67,20.690001,20.16,20.309999,214800,8.64132
2003-07-18,20.10,20.879999,20.07,20.790001,270800,8.845546
2003-07-17,20.00,20.18,19.74,19.959999,274600,8.492404
2003-07-16,21.049999,21.50,19.700001,19.73,280000,8.394546
2003-07-15,21.50,21.610001,21.049999,21.049999,93400,8.956168
2003-07-14,21.35,21.90,21.33,21.50,68200,9.147631
2003-07-11,20.93,21.459999,20.799999,21.24,68600,9.037008
2003-07-10,21.280001,21.40,20.870001,20.92,112400,8.900857
2003-07-09,21.10,21.40,20.790001,21.40,106000,9.105083
2003-07-08,20.299999,21.09,20.299999,21.049999,230800,8.956168
2003-07-07,20.40,21.01,20.219999,20.299999,246000,8.637065
2003-07-03,20.40,20.41,20.26,20.27,69400,8.624301
2003-07-02,20.299999,20.60,20.25,20.450001,155000,8.700886
2003-07-01,20.700001,20.700001,20.219999,20.24,118000,8.611537
2003-06-30,20.90,20.93,20.50,20.700001,147200,8.807254
2003-06-27,21.25,21.450001,20.84,20.889999,128400,8.888093
2003-06-26,20.559999,21.35,20.50,21.25,191200,9.041263
2003-06-25,20.77,20.77,20.379999,20.51,182400,8.726414
2003-06-24,20.700001,21.00,20.60,20.870001,51200,8.879584
2003-06-23,21.120001,21.139999,20.51,20.75,69400,8.828527
2003-06-20,21.07,21.290001,20.92,21.120001,66800,8.985952
2003-06-19,21.00,21.40,20.92,21.00,67600,8.934895
2003-06-18,20.52,21.16,20.51,21.15,57800,8.998715
2003-06-17,20.799999,20.799999,20.450001,20.57,60800,8.751942
2003-06-16,20.209999,20.719999,20.209999,20.719999,57600,8.815763
2003-06-13,20.950001,20.950001,20.16,20.200001,60800,8.594518
2003-06-12,20.10,20.700001,20.00,20.700001,53000,8.807254
2003-06-11,19.629999,20.35,19.450001,20.10,126800,8.551971
2003-06-10,19.50,19.65,19.16,19.629999,107200,8.351999
2003-06-09,20.00,20.040001,19.530001,19.65,57200,8.360509
2003-06-06,20.049999,20.50,20.049999,20.10,48200,8.551971
2003-06-05,20.049999,20.129999,19.98,20.00,141400,8.509424
2003-06-04,19.76,20.49,19.74,19.99,88000,8.505169
2003-06-03,19.90,19.91,19.58,19.76,88600,8.407311
2003-06-02,19.290001,20.059999,19.290001,20.00,97800,8.509424
2003-05-30,19.00,19.49,18.85,19.209999,241400,8.173301
2003-05-29,19.50,19.700001,19.110001,19.469999,303800,8.283924
2003-05-28,18.450001,18.559999,18.16,18.40,56800,7.82867
2003-05-27,17.75,18.450001,17.700001,18.450001,69000,7.849944
2003-05-23,17.25,17.73,17.23,17.66,46400,7.513821
2003-05-22,17.15,17.360001,17.01,17.25,38400,7.339378
2003-05-21,17.549999,17.73,16.92,17.18,95800,7.309595
2003-05-20,17.25,17.75,17.190001,17.65,146400,7.509566
2003-05-19,17.75,17.870001,17.10,17.110001,125200,7.279812
2003-05-16,17.92,18.030001,17.75,17.75,100800,7.552114
2003-05-15,18.00,18.10,17.950001,18.10,144000,7.701029
2003-05-14,17.959999,18.15,17.93,18.129999,67000,7.713792
2003-05-13,17.870001,18.059999,17.799999,17.959999,89400,7.641462
2003-05-12,18.049999,18.139999,17.92,17.99,38800,7.654227
2003-05-09,17.780001,18.049999,17.780001,18.00,95600,7.658481
2003-05-08,17.91,17.98,17.709999,17.83,93800,7.586151
2003-05-07,17.93,18.24,17.68,17.870001,239000,7.60317
2003-05-06,17.60,18.049999,17.52,17.98,154400,7.624444
2003-05-05,17.219999,17.540001,17.00,17.50,220400,7.420899
2003-05-02,16.90,17.200001,16.90,17.18,158400,7.285203
2003-05-01,16.950001,17.02,16.690001,16.950001,117600,7.187671
2003-04-30,16.780001,17.049999,16.690001,17.00,168800,7.208873
2003-04-29,16.60,16.90,16.60,16.719999,149400,7.090139
2003-04-28,16.200001,16.65,16.10,16.65,52200,7.060455
2003-04-25,16.110001,16.190001,16.10,16.129999,91400,6.839948
2003-04-24,16.10,16.200001,16.059999,16.10,97200,6.827227
2003-04-23,16.17,16.389999,16.10,16.200001,34600,6.869633
2003-04-22,16.110001,16.25,16.030001,16.129999,131600,6.839948
2003-04-21,16.17,16.370001,15.87,16.18,119400,6.861151
2003-04-17,15.95,16.08,15.40,16.07,159600,6.814505
2003-04-16,15.21,15.42,15.19,15.32,64200,6.496467
2003-04-15,15.17,15.17,15.05,15.09,43600,6.398935
2003-04-14,15.15,15.25,15.02,15.17,34400,6.432859
2003-04-11,15.12,15.22,14.95,15.07,109000,6.390454
2003-04-10,15.10,15.28,14.90,15.03,82800,6.373492
2003-04-09,15.00,15.18,14.69,15.03,158200,6.373492
2003-04-08,15.38,15.38,15.05,15.05,145000,6.381973
2003-04-07,15.32,15.65,15.08,15.15,131800,6.424378
2003-04-04,15.00,15.32,14.95,15.12,116400,6.411657
2003-04-03,15.00,15.01,14.90,15.00,91400,6.360771
2003-04-02,14.73,15.11,14.73,14.97,197600,6.348049
2003-04-01,15.00,15.01,14.62,14.66,140400,6.216593
2003-03-31,15.00,15.15,14.51,15.10,213600,6.403176
2003-03-28,15.30,15.35,15.00,15.00,169200,6.360771
2003-03-27,15.48,15.49,15.18,15.18,269600,6.4371
2003-03-26,16.110001,16.110001,15.48,15.50,330600,6.572796
2003-03-25,15.44,16.18,15.44,16.110001,164800,6.831468
2003-03-24,16.639999,16.639999,15.50,15.51,144200,6.577037
2003-03-21,15.30,16.889999,15.15,16.889999,291200,7.162227
2003-03-20,15.40,15.68,14.99,15.39,82400,6.526151
2003-03-19,15.35,15.70,15.30,15.50,100000,6.572796
2003-03-18,15.24,15.52,15.15,15.35,105000,6.509189
2003-03-17,14.20,15.37,14.20,15.37,131200,6.51767
2003-03-14,14.10,14.35,14.05,14.14,75200,5.996087
2003-03-13,13.48,14.06,13.15,14.03,402000,5.949441
2003-03-12,13.94,13.94,13.48,13.48,215400,5.716212
2003-03-11,14.52,14.80,13.87,13.96,170200,5.919757
2003-03-10,15.10,15.10,14.51,14.52,131400,6.157226
2003-03-07,14.70,15.65,14.70,15.15,251200,6.424378
2003-03-06,15.00,15.07,14.45,14.80,82600,6.27596
2003-03-05,15.20,15.30,15.00,15.24,174200,6.4371
2003-03-04,15.25,15.50,15.13,15.25,159400,6.441324
2003-03-03,16.299999,16.450001,15.62,15.80,106000,6.673634
2003-02-28,16.299999,16.389999,16.24,16.35,163200,6.905944
2003-02-27,15.95,16.129999,15.73,16.129999,202600,6.813019
2003-02-26,16.15,16.24,15.72,15.80,118200,6.673634
2003-02-25,16.10,16.129999,15.75,16.09,83800,6.796124
2003-02-24,16.35,16.35,15.81,16.049999,91400,6.779229
2003-02-21,16.10,16.440001,15.75,16.40,68400,6.927063
2003-02-20,16.00,16.25,15.70,16.139999,82400,6.817243
2003-02-19,16.40,16.40,15.71,16.00,165200,6.75811
2003-02-18,15.50,16.299999,15.40,16.299999,199000,6.884824
2003-02-14,15.60,15.70,15.30,15.46,255400,6.530024
2003-02-13,15.55,15.64,15.35,15.58,207400,6.58071
2003-02-12,15.91,15.91,15.40,15.56,263200,6.572262
2003-02-11,16.90,16.90,15.77,15.90,403400,6.715872
2003-02-10,17.809999,17.809999,15.17,16.75,544800,7.074896
2003-02-07,17.950001,18.049999,17.209999,17.809999,124600,7.522621
2003-02-06,18.200001,18.34,17.620001,17.82,80400,7.526845
2003-02-05,18.00,18.25,17.719999,17.93,151400,7.573307
2003-02-04,18.85,18.85,18.02,18.10,303600,7.645112
2003-02-03,18.90,19.16,18.50,18.91,56400,7.987241
2003-01-31,19.110001,19.700001,18.85,18.90,135400,7.983017
2003-01-30,18.25,19.389999,18.190001,19.07,257400,8.054822
2003-01-29,18.799999,18.799999,18.00,18.16,215200,7.670455
2003-01-28,18.60,19.26,18.57,18.90,148000,7.983017
2003-01-27,19.15,19.15,18.809999,18.85,105800,7.961899
2003-01-24,19.719999,19.719999,19.15,19.25,115400,8.130851
2003-01-23,19.35,19.83,19.040001,19.77,101200,8.35049
2003-01-22,19.60,19.889999,19.40,19.40,74200,8.194208
2003-01-21,20.25,20.360001,19.67,19.67,97000,8.308252
2003-01-17,20.40,20.40,19.92,20.16,106000,8.515219
2003-01-16,20.58,20.60,20.00,20.450001,144800,8.63771
2003-01-15,20.90,21.200001,19.84,20.549999,169600,8.679947
2003-01-14,21.15,21.200001,20.639999,20.98,162200,8.861572
2003-01-13,21.15,21.33,21.00,21.200001,78600,8.954496
2003-01-10,21.200001,21.299999,20.969999,21.08,95000,8.90381
2003-01-09,20.51,21.35,20.51,21.26,213800,8.979839
2003-01-08,21.15,21.15,20.50,20.50,113000,8.658828
2003-01-07,21.10,21.25,20.85,21.10,142600,8.912258
2003-01-06,21.00,21.200001,20.879999,21.059999,62600,8.895362
2003-01-03,21.10,21.200001,20.950001,20.950001,267800,8.848901
2003-01-02,21.00,21.23,20.809999,21.00,105400,8.870019
2002-12-31,20.799999,21.49,20.440001,20.84,257400,8.802438
2002-12-30,20.85,21.040001,20.549999,20.700001,63400,8.743305
2002-12-27,20.65,21.02,20.450001,20.790001,93600,8.78132
2002-12-26,20.75,20.83,20.540001,20.66,145400,8.72641
2002-12-24,21.450001,21.450001,20.58,20.90,78200,8.827781
2002-12-23,22.25,22.370001,21.65,21.65,103600,9.144567
2002-12-20,22.450001,22.459999,21.98,22.309999,95200,9.423339
2002-12-19,21.75,22.35,21.75,22.299999,65600,9.419116
2002-12-18,22.549999,22.549999,21.49,21.700001,115000,9.165687
2002-12-17,22.049999,23.00,22.049999,22.700001,87400,9.588069
2002-12-16,22.00,22.139999,21.870001,22.00,78600,9.292401
2002-12-13,22.219999,22.219999,21.700001,21.959999,81000,9.275506
2002-12-12,21.969999,22.32,21.85,22.219999,177600,9.385325
2002-12-11,22.120001,22.120001,21.66,21.90,55800,9.250163
2002-12-10,21.799999,22.40,21.799999,22.120001,102200,9.343087
2002-12-09,22.41,22.41,21.66,21.75,94000,9.186806
2002-12-06,22.700001,22.700001,22.32,22.52,91800,9.51204
2002-12-05,23.200001,23.219999,22.50,22.780001,151600,9.621859
2002-12-04,22.75,23.25,22.73,23.15,199000,9.77814
2002-12-03,23.200001,23.25,22.83,22.90,83800,9.647202
2002-12-02,22.90,23.50,22.90,23.299999,148800,9.815712
2002-11-29,22.549999,23.00,22.24,22.700001,91200,9.562947
2002-11-27,20.83,22.48,20.83,22.41,275400,9.440777
2002-11-26,21.450001,21.450001,20.219999,20.75,112200,8.74146
2002-11-25,21.49,21.540001,20.799999,21.50,79400,9.057417
2002-11-22,21.50,21.65,21.280001,21.48,87800,9.048991
2002-11-21,21.299999,22.33,21.049999,21.83,181200,9.196438
2002-11-20,20.950001,21.450001,20.91,21.120001,86800,8.897333
2002-11-19,20.90,21.450001,20.809999,21.02,77400,8.855205
2002-11-18,21.00,21.40,20.799999,20.940001,65800,8.821503
2002-11-15,21.33,21.33,21.08,21.08,45600,8.880481
2002-11-14,20.58,21.360001,20.51,21.33,74200,8.9858
2002-11-13,20.83,20.99,20.379999,20.58,68600,8.669844
2002-11-12,20.75,21.34,20.58,20.84,60800,8.779375
2002-11-11,20.799999,21.00,20.60,20.60,77000,8.678269
2002-11-08,21.950001,22.16,20.85,20.98,55200,8.838353
2002-11-07,22.60,22.60,21.73,22.00,90200,9.268054
2002-11-06,22.049999,22.700001,22.00,22.65,98800,9.541883
2002-11-05,22.299999,22.459999,21.67,22.00,75000,9.268054
2002-11-04,22.00,22.450001,21.75,22.35,178400,9.415501
2002-11-01,21.00,21.90,20.99,21.90,335000,9.225927
2002-10-31,21.00,21.120001,20.799999,20.950001,134200,8.825716
2002-10-30,20.35,21.10,20.299999,21.10,161200,8.888907
2002-10-29,20.549999,20.60,19.860001,20.299999,144000,8.551886
2002-10-28,20.700001,20.85,20.299999,20.549999,64800,8.657205
2002-10-25,20.950001,21.00,20.51,20.65,184600,8.699333
2002-10-24,21.200001,21.200001,20.85,20.98,202000,8.838353
2002-10-23,21.299999,21.34,20.530001,21.17,94600,8.918396
2002-10-22,22.00,22.00,21.299999,21.379999,52200,9.006863
2002-10-21,21.00,22.16,21.00,22.00,147600,9.268054
2002-10-18,20.25,21.00,19.90,21.00,285200,8.846779
2002-10-17,20.90,20.91,19.10,20.209999,438600,8.513971
2002-10-16,22.40,22.40,21.49,21.52,105600,9.065842
2002-10-15,20.799999,22.65,20.75,22.65,83000,9.541883
2002-10-14,20.450001,21.00,20.129999,20.719999,62200,8.728822
2002-10-11,20.10,20.75,20.10,20.35,97400,8.57295
2002-10-10,19.40,20.17,18.99,20.049999,129600,8.446567
2002-10-09,21.40,21.40,19.50,19.50,97200,8.214866
2002-10-08,21.200001,21.639999,21.00,21.34,60800,8.990013
2002-10-07,21.65,21.98,21.200001,21.200001,70400,8.931035
2002-10-04,22.66,22.83,21.690001,21.75,56400,9.162736
2002-10-03,23.02,23.58,22.65,22.65,63200,9.541883
2002-10-02,23.139999,23.549999,22.799999,23.049999,89800,9.710393
2002-10-01,21.90,23.200001,21.629999,23.200001,162600,9.773585
2002-09-30,22.290001,22.290001,21.549999,21.85,126200,9.204863
2002-09-27,22.75,22.76,22.24,22.25,140000,9.373373
2002-09-26,22.65,22.84,22.389999,22.700001,180400,9.562947
2002-09-25,22.60,23.09,22.299999,22.60,72600,9.52082
2002-09-24,22.15,23.280001,22.15,22.50,188000,9.478692
2002-09-23,24.059999,24.059999,21.969999,22.129999,196200,9.32282
2002-09-20,24.299999,24.440001,24.02,24.049999,131800,10.131668
2002-09-19,24.049999,24.35,24.00,24.00,175400,10.110605
2002-09-18,23.90,24.370001,23.74,24.049999,113800,10.131668
2002-09-17,23.950001,24.01,23.58,23.90,118400,10.068477
2002-09-16,24.00,24.110001,23.700001,23.700001,58000,9.984223
2002-09-13,23.450001,24.190001,23.450001,24.049999,52200,10.131668
2002-09-12,23.50,23.82,23.299999,23.50,106000,9.899967
2002-09-11,23.32,23.809999,23.32,23.60,59800,9.942095
2002-09-10,23.25,23.700001,23.24,23.25,83600,9.794648
2002-09-09,24.00,24.049999,23.209999,23.25,188600,9.794648
2002-09-06,23.10,23.790001,23.02,23.709999,56200,9.988435
2002-09-05,23.91,23.91,23.09,23.10,46200,9.731457
2002-09-04,23.15,23.91,22.969999,23.91,58400,10.07269
2002-09-03,24.280001,24.280001,23.00,23.049999,63600,9.710393
2002-08-30,24.219999,24.52,24.200001,24.200001,44000,10.19486
2002-08-29,23.85,24.25,23.60,24.200001,53800,10.19486
2002-08-28,24.75,24.75,23.780001,23.780001,48400,10.017925
2002-08-27,25.40,25.549999,24.799999,24.799999,71600,10.447625
2002-08-26,25.049999,25.299999,24.719999,25.299999,55000,10.658262
2002-08-23,25.35,25.709999,25.15,25.15,84400,10.595071
2002-08-22,25.549999,25.60,25.200001,25.49,65600,10.738305
2002-08-21,25.10,25.700001,24.93,25.450001,68600,10.721454
2002-08-20,25.450001,25.50,25.00,25.00,121400,10.53188
2002-08-19,25.00,25.40,24.889999,25.32,172000,10.666688
2002-08-16,24.950001,24.950001,24.280001,24.75,65000,10.426561
2002-08-15,24.40,24.84,24.25,24.73,32400,10.418135
2002-08-14,24.209999,24.24,23.209999,24.24,98000,10.211711
2002-08-13,24.799999,25.18,24.16,24.18,118800,10.186434
2002-08-12,24.90,25.00,24.48,24.799999,60600,10.447625
2002-08-09,24.799999,25.200001,24.549999,25.040001,223800,10.548731
2002-08-08,24.73,25.190001,24.65,24.700001,136600,10.405498
2002-08-07,24.18,24.68,23.84,24.68,39600,10.397072
2002-08-06,23.50,24.120001,23.35,24.120001,76200,10.161158
2002-08-05,24.15,24.17,23.50,23.50,161200,9.899967
2002-08-02,25.35,25.40,24.10,24.10,67600,10.152732
2002-08-01,24.90,25.120001,24.60,25.10,36800,10.574008
2002-07-31,25.549999,25.549999,24.66,24.799999,105200,10.447625
2002-07-30,25.75,25.75,25.200001,25.49,88600,10.713029
2002-07-29,24.00,25.799999,24.00,25.690001,121600,10.797086
2002-07-26,25.15,25.200001,24.65,24.700001,54200,10.381005
2002-07-25,24.85,25.610001,24.58,25.01,130200,10.511293
2002-07-24,22.15,24.50,21.84,24.50,128200,10.296948
2002-07-23,24.15,24.25,22.02,22.139999,198200,9.305078
2002-07-22,25.25,25.290001,23.799999,24.00,100200,10.086806
2002-07-19,26.57,26.57,25.049999,25.299999,78200,10.633174
2002-07-18,26.35,27.030001,26.030001,26.57,104000,11.166935
2002-07-17,26.10,26.700001,25.25,26.25,204200,11.032444
2002-07-16,27.389999,27.389999,25.50,25.92,226200,10.893751
2002-07-15,28.50,28.50,27.049999,27.389999,114600,11.511567
2002-07-12,29.15,29.65,28.309999,28.65,88800,12.041125
2002-07-11,30.790001,30.790001,28.950001,29.15,110000,12.251266
2002-07-10,31.32,31.610001,30.73,30.809999,176000,12.948937
2002-07-09,31.00,32.00,31.00,31.33,209200,13.167485
2002-07-08,29.40,30.950001,29.40,30.799999,318200,12.944734
2002-07-05,28.00,29.50,28.00,29.50,61400,12.398366
2002-07-03,29.549999,29.549999,27.49,27.92,123200,11.734318
2002-07-02,30.200001,30.299999,29.49,29.49,99200,12.394163
2002-07-01,30.60,30.629999,30.040001,30.209999,69400,12.696767
2002-06-28,29.90,31.00,29.90,30.50,263800,12.818649
2002-06-27,28.950001,30.00,28.700001,30.00,169400,12.608508
2002-06-26,28.40,29.110001,28.299999,29.110001,129600,12.234455
2002-06-25,30.24,30.43,29.25,29.450001,112800,12.377352
2002-06-24,30.00,30.35,29.879999,30.110001,156600,12.654739
2002-06-21,29.549999,30.00,29.43,30.00,160600,12.608508
2002-06-20,29.10,29.799999,29.10,29.42,173800,12.364743
2002-06-19,29.950001,30.15,28.50,28.889999,185800,12.141993
2002-06-18,29.700001,30.049999,29.620001,29.889999,41600,12.562276
2002-06-17,29.10,29.77,29.10,29.65,84400,12.461408
2002-06-14,28.620001,29.00,28.200001,29.00,176800,12.188224
2002-06-13,29.440001,29.50,28.290001,28.549999,69000,11.999096
2002-06-12,29.549999,29.799999,29.059999,29.450001,76600,12.377352
2002-06-11,30.60,30.84,29.60,29.60,37800,12.440394
2002-06-10,30.90,31.110001,30.40,30.459999,66600,12.801838
2002-06-07,30.530001,30.90,30.48,30.799999,98400,12.944734
2002-06-06,31.25,31.25,30.40,30.60,95600,12.860678
2002-06-05,30.299999,31.360001,30.25,31.34,97600,13.171688
2002-06-04,30.43,30.43,29.68,30.35,83600,12.755607
2002-06-03,30.799999,30.84,30.15,30.33,88200,12.747201
2002-05-31,30.85,30.85,30.700001,30.85,78000,12.965749
2002-05-30,30.700001,31.15,30.700001,30.85,63400,12.965749
2002-05-29,31.10,31.15,30.50,30.85,79400,12.965749
2002-05-28,31.85,31.85,30.790001,30.90,111000,12.986763
2002-05-24,32.299999,32.299999,31.700001,31.85,83800,13.386032
2002-05-23,32.549999,32.549999,32.00,32.25,169800,13.554146
2002-05-22,32.900002,32.900002,32.299999,32.540001,137600,13.676028
2002-05-21,33.00,33.07,32.52,32.700001,94400,13.743274
2002-05-20,33.00,33.00,32.599998,32.919998,63600,13.835735
2002-05-17,32.900002,33.00,32.400002,32.990002,67200,13.865156
2002-05-16,33.549999,33.549999,32.650002,32.900002,80400,13.827331
2002-05-15,33.349998,33.75,33.049999,33.389999,83400,14.033269
2002-05-14,32.349998,33.380001,32.25,33.25,107800,13.974429
2002-05-13,32.150002,32.700001,31.790001,32.200001,83800,13.533132
2002-05-10,32.400002,32.599998,31.93,32.049999,112000,13.470089
2002-05-09,33.709999,33.709999,32.27,32.27,124400,13.562552
2002-05-08,33.50,33.91,33.50,33.73,86400,14.176165
2002-05-07,33.849998,34.25,33.50,33.610001,98200,14.100515
2002-05-06,33.599998,33.900002,33.50,33.650002,112800,14.117297
2002-05-03,32.599998,33.720001,32.400002,33.650002,105200,14.117297
2002-05-02,31.50,32.700001,31.42,32.549999,111600,13.655809
2002-05-01,32.099998,32.099998,31.25,31.50,132600,13.215299
2002-04-30,30.60,32.25,30.60,32.25,119000,13.529949
2002-04-29,30.00,30.610001,29.98,30.389999,83000,12.749617
2002-04-26,29.75,30.700001,29.75,30.440001,100200,12.770594
2002-04-25,30.690001,31.200001,30.690001,30.98,73800,12.997142
2002-04-24,30.90,31.50,30.700001,30.709999,89400,12.883868
2002-04-23,30.08,30.969999,30.07,30.82,57200,12.930017
2002-04-22,30.950001,30.950001,29.85,30.08,107600,12.619562
2002-04-19,30.299999,31.23,29.799999,30.76,158200,12.904845
2002-04-18,31.450001,31.98,30.15,30.299999,142400,12.711859
2002-04-17,30.85,31.16,30.85,31.15,88000,13.068463
2002-04-16,29.719999,31.00,29.700001,30.959999,88000,12.988751
2002-04-15,30.75,30.90,29.60,29.879999,322600,12.535655
2002-04-12,30.01,30.59,30.01,30.59,163400,12.833524
2002-04-11,30.00,30.42,30.00,30.01,113200,12.590195
2002-04-10,28.799999,29.91,28.799999,29.91,126200,12.548241
2002-04-09,28.35,29.00,28.299999,28.950001,95400,12.14549
2002-04-08,28.00,28.60,27.950001,28.60,87200,11.998653
2002-04-05,27.950001,28.379999,27.82,28.25,203800,11.851816
2002-04-04,28.01,28.01,27.67,27.799999,140200,11.663026
2002-04-03,28.049999,28.200001,27.90,28.01,270400,11.751128
2002-04-02,27.50,28.10,27.50,27.950001,162600,11.725956
2002-04-01,27.59,28.00,27.59,27.65,228600,11.600096
2002-03-28,27.299999,27.85,27.15,27.59,106000,11.574924
2002-03-27,26.799999,27.379999,26.77,27.23,49200,11.423892
2002-03-26,26.75,26.90,26.440001,26.799999,61800,11.243492
2002-03-25,27.200001,27.309999,26.75,26.90,46200,11.285446
2002-03-22,27.200001,27.50,26.700001,27.09,59200,11.365157
2002-03-21,26.969999,27.10,26.91,27.10,61200,11.369353
2002-03-20,27.00,27.059999,26.66,26.889999,26400,11.281251
2002-03-19,27.00,27.00,26.959999,27.00,44200,11.327399
2002-03-18,26.98,27.07,26.76,27.00,49400,11.327399
2002-03-15,26.10,27.00,26.10,26.950001,96000,11.306423
2002-03-14,26.110001,26.93,26.07,26.559999,79800,11.142805
2002-03-13,26.75,26.75,26.049999,26.110001,50600,10.954015
2002-03-12,26.889999,27.02,26.870001,26.98,48000,11.319009
2002-03-11,26.35,27.00,26.32,26.99,37600,11.323204
2002-03-08,27.18,27.360001,27.00,27.00,176400,11.327399
2002-03-07,27.10,27.18,26.40,27.18,54600,11.402916
2002-03-06,26.299999,27.299999,26.26,27.209999,81600,11.415501
2002-03-05,26.379999,26.379999,25.90,26.25,124800,10.987577
2002-03-04,26.450001,26.530001,26.360001,26.379999,57000,11.041991
2002-03-01,26.00,26.450001,25.93,26.450001,84600,11.071292
2002-02-28,25.85,26.049999,25.82,26.00,72400,10.882933
2002-02-27,25.959999,26.139999,25.85,26.00,46800,10.882933
2002-02-26,26.01,26.16,25.950001,25.959999,103400,10.86619
2002-02-25,26.25,26.25,25.85,26.08,67400,10.916419
2002-02-22,26.25,26.50,26.00,26.299999,64600,11.008505
2002-02-21,26.50,26.90,26.25,26.25,51800,10.987577
2002-02-20,26.10,26.40,26.00,26.389999,52200,11.046177
2002-02-19,26.200001,26.200001,25.90,26.15,66000,10.945719
2002-02-15,25.90,26.459999,25.90,26.16,68600,10.949905
2002-02-14,26.25,26.27,25.879999,25.90,59600,10.841076
2002-02-13,26.00,26.35,26.00,26.25,78800,10.987577
2002-02-12,26.00,26.200001,25.959999,26.200001,107600,10.966649
2002-02-11,25.75,26.25,25.75,26.10,185000,10.924791
2002-02-08,25.60,25.60,25.40,25.50,80800,10.673646
2002-02-07,25.75,25.90,25.40,25.40,63600,10.631789
2002-02-06,25.870001,25.950001,25.75,25.75,60200,10.77829
2002-02-05,26.35,26.35,25.889999,25.90,75800,10.841076
2002-02-04,25.90,25.91,25.90,25.90,71000,10.841076
2002-02-01,26.00,26.00,25.700001,25.90,53000,10.841076
2002-01-31,26.030001,26.200001,25.82,26.00,196200,10.882933
2002-01-30,26.23,26.50,25.99,26.00,203600,10.882933
2002-01-29,26.129999,26.299999,26.049999,26.23,53400,10.979205
2002-01-28,25.799999,26.25,25.799999,26.129999,85800,10.937348
2002-01-25,25.60,25.969999,25.59,25.870001,58200,10.828519
2002-01-24,25.50,25.76,25.440001,25.60,73800,10.715504
2002-01-23,24.60,25.73,24.469999,25.57,145400,10.702946
2002-01-22,24.799999,24.93,24.440001,24.67,85800,10.32623
2002-01-18,24.799999,25.299999,24.799999,24.85,48200,10.401573
2002-01-17,24.85,25.32,24.67,25.049999,53200,10.485287
2002-01-16,25.200001,25.200001,24.75,24.92,56000,10.430873
2002-01-15,24.84,25.200001,24.25,25.10,57800,10.506217
2002-01-14,25.51,25.950001,24.65,24.85,63400,10.401573
2002-01-11,25.799999,26.00,25.51,25.51,47600,10.677832
2002-01-10,25.709999,25.799999,25.60,25.799999,51800,10.799218
2002-01-09,24.00,26.15,24.00,25.709999,189400,10.761546
2002-01-08,25.85,25.85,25.65,25.75,122800,10.77829
2002-01-07,25.42,25.76,25.23,25.76,113800,10.782476
2002-01-04,25.700001,25.809999,25.00,25.32,212400,10.598303
2002-01-03,25.60,25.719999,25.51,25.700001,165400,10.757361
2002-01-02,26.200001,26.200001,25.50,25.60,63800,10.715504
2001-12-31,26.40,27.299999,26.129999,26.25,137400,10.987577
2001-12-28,26.75,26.950001,26.00,26.32,85400,11.016877
2001-12-27,26.299999,27.00,26.299999,26.719999,69400,11.184307
2001-12-26,26.299999,26.299999,25.99,26.200001,108800,10.966649
2001-12-24,26.60,26.60,26.10,26.299999,90000,11.008505
2001-12-21,26.00,26.60,25.77,26.60,257600,11.134078
2001-12-20,26.51,26.51,25.85,25.92,67600,10.849448
2001-12-19,26.50,26.540001,26.360001,26.50,78400,11.092221
2001-12-18,26.559999,26.620001,26.27,26.50,63600,11.092221
2001-12-17,26.43,26.60,26.42,26.530001,71400,11.104778
2001-12-14,26.219999,26.60,26.219999,26.459999,129400,11.075477
2001-12-13,26.60,26.85,26.32,26.32,61800,11.016877
2001-12-12,26.799999,27.00,26.440001,26.700001,75800,11.175936
2001-12-11,26.42,26.65,26.190001,26.549999,31000,11.113149
2001-12-10,26.85,26.860001,26.35,26.40,84600,11.050363
2001-12-07,26.700001,26.940001,26.60,26.90,84200,11.25965
2001-12-06,25.75,26.700001,25.75,26.700001,389800,11.175936
2001-12-05,24.50,25.950001,24.50,25.700001,113000,10.757361
2001-12-04,23.690001,24.209999,23.690001,24.200001,70000,10.104386
2001-12-03,24.200001,24.200001,23.52,23.690001,53000,9.891442
2001-11-30,24.98,25.00,24.299999,24.40,79600,10.187893
2001-11-29,24.450001,24.950001,24.360001,24.950001,54400,10.417538
2001-11-28,25.10,25.10,24.41,24.41,41200,10.192068
2001-11-27,25.50,25.50,25.00,25.00,44800,10.438415
2001-11-26,25.00,25.24,24.92,24.950001,149600,10.417538
2001-11-23,25.10,25.200001,24.969999,25.00,73800,10.438415
2001-11-21,24.620001,25.450001,24.620001,24.99,219400,10.434239
2001-11-20,24.950001,25.00,24.40,24.60,123000,10.2714
2001-11-19,24.76,24.93,24.549999,24.93,70800,10.409187
2001-11-16,24.50,25.00,24.299999,24.76,33000,10.338206
2001-11-15,24.049999,24.75,24.049999,24.60,75200,10.2714
2001-11-14,24.00,24.450001,23.75,24.15,113200,10.083508
2001-11-13,24.059999,24.059999,23.50,24.00,79800,10.020878
2001-11-12,23.799999,24.50,23.799999,24.049999,122000,10.041755
2001-11-09,23.40,23.950001,23.40,23.799999,26400,9.93737
2001-11-08,24.00,24.65,23.309999,23.50,54400,9.81211
2001-11-07,23.99,24.48,23.610001,23.90,53200,9.979124
2001-11-06,23.90,24.00,23.52,23.99,34400,10.016703
2001-11-05,23.860001,24.50,23.85,23.950001,60600,10.000002
2001-11-02,23.780001,24.25,23.780001,23.85,50600,9.958248
2001-11-01,23.15,23.780001,23.00,23.780001,86400,9.92902
2001-10-31,23.35,23.799999,23.15,23.15,36600,9.665972
2001-10-30,23.889999,23.889999,23.10,23.200001,47800,9.686849
2001-10-29,24.700001,24.85,23.99,23.99,79000,10.016703
2001-10-26,24.50,24.950001,24.50,24.84,76000,10.371609
2001-10-25,24.00,24.75,23.700001,24.50,77600,10.229646
2001-10-24,24.110001,24.50,24.00,24.09,19000,10.058456
2001-10-23,24.15,24.57,24.10,24.10,57200,10.062632
2001-10-22,23.50,24.43,23.50,24.209999,45200,10.10856
2001-10-19,23.90,23.90,23.40,23.41,44400,9.774531
2001-10-18,23.799999,24.25,23.549999,23.90,108000,9.979124
2001-10-17,23.75,24.42,23.620001,24.02,96600,10.029229
2001-10-16,23.200001,23.90,23.200001,23.75,63000,9.916494
2001-10-15,22.799999,23.25,22.549999,23.25,166000,9.707726
2001-10-12,23.120001,23.120001,22.639999,22.950001,104400,9.582465
2001-10-11,24.200001,24.200001,23.049999,23.370001,150800,9.75783
2001-10-10,23.299999,24.65,23.299999,24.65,83200,10.292277
2001-10-09,23.299999,23.370001,23.00,23.299999,36400,9.728602
2001-10-08,23.40,24.00,23.290001,23.360001,82800,9.753655
2001-10-05,22.780001,23.40,22.700001,23.40,34800,9.770356
2001-10-04,22.549999,23.15,22.540001,22.780001,96400,9.511484
2001-10-03,22.200001,22.549999,22.00,22.549999,80600,9.41545
2001-10-02,22.50,22.549999,22.049999,22.209999,70200,9.273487
2001-10-01,23.76,23.82,22.299999,22.50,95800,9.394573
2001-09-28,22.75,23.76,22.75,23.76,63600,9.920669
2001-09-27,22.10,22.799999,21.50,22.60,42400,9.436327
2001-09-26,22.15,22.25,21.799999,22.10,79000,9.227559
2001-09-25,21.57,22.120001,21.50,22.00,111200,9.185805
2001-09-24,20.93,21.42,20.85,21.42,160400,8.943634
2001-09-21,21.00,21.280001,20.50,20.93,218600,8.739041
2001-09-20,22.700001,22.90,21.60,21.75,204200,9.081421
2001-09-19,24.040001,24.139999,23.10,23.200001,203200,9.686849
2001-09-18,24.41,24.50,23.90,24.049999,48400,10.041755
2001-09-17,25.25,25.25,24.40,24.41,254000,10.192068
2001-09-10,25.870001,25.870001,25.17,25.40,130600,10.605429
2001-09-07,26.58,26.59,25.23,25.790001,93600,10.768269
2001-09-06,26.950001,26.950001,26.32,26.66,80600,11.131525
2001-09-05,26.76,27.200001,26.65,26.92,81600,11.240085
2001-09-04,26.93,27.40,26.60,26.75,123200,11.169104
2001-08-31,27.15,27.16,26.940001,27.00,89400,11.273488
2001-08-30,27.049999,27.10,26.65,27.10,74600,11.315242
2001-08-29,27.110001,27.110001,26.67,26.969999,59600,11.260961
2001-08-28,27.200001,27.42,26.700001,27.110001,109600,11.319417
2001-08-27,27.00,27.75,26.860001,27.299999,97200,11.398748
2001-08-24,26.860001,27.219999,26.639999,27.02,78400,11.281839
2001-08-23,27.00,27.32,26.85,26.85,92800,11.210858
2001-08-22,26.950001,27.200001,26.92,27.00,144400,11.273488
2001-08-21,27.40,27.450001,26.82,26.85,64600,11.210858
2001-08-20,26.85,27.450001,26.389999,27.32,103400,11.407099
2001-08-17,27.66,27.82,26.93,26.98,146200,11.265137
2001-08-16,27.40,27.559999,27.16,27.559999,83600,11.507308
2001-08-15,27.27,27.549999,26.969999,27.49,185800,11.478081
2001-08-14,27.450001,27.620001,27.17,27.40,94200,11.440502
2001-08-13,26.90,27.65,26.60,27.299999,111200,11.398748
2001-08-10,26.75,27.00,26.35,26.969999,79200,11.260961
2001-08-09,27.00,27.00,26.450001,26.639999,79200,11.123174
2001-08-08,26.90,28.32,26.90,27.10,117600,11.315242
2001-08-07,27.450001,27.450001,26.65,26.950001,96800,11.252611
2001-08-06,27.90,28.00,27.209999,27.450001,165800,11.46138
2001-08-03,27.700001,28.25,27.200001,28.10,168000,11.732778
2001-08-02,26.90,27.700001,26.75,27.700001,135600,11.565764
2001-08-01,25.15,27.00,25.10,27.00,254600,11.273488
2001-07-31,24.90,25.139999,24.90,24.90,272000,10.371608
2001-07-30,24.90,25.299999,24.90,24.950001,105400,10.392435
2001-07-27,24.75,24.950001,24.66,24.799999,45400,10.329955
2001-07-26,24.700001,24.799999,24.35,24.799999,104600,10.329955
2001-07-25,24.51,24.700001,24.50,24.700001,92400,10.288303
2001-07-24,25.200001,25.200001,24.299999,24.50,165000,10.204996
2001-07-23,26.00,26.299999,25.40,25.40,271000,10.579874
2001-07-20,25.50,25.620001,24.65,25.50,113200,10.621527
2001-07-19,25.700001,25.799999,24.40,25.65,406600,10.684006
2001-07-18,26.25,26.35,25.950001,26.059999,103800,10.854784
2001-07-17,25.40,26.25,25.40,26.25,111400,10.933925
2001-07-16,25.299999,25.50,25.110001,25.40,171400,10.579874
2001-07-13,25.00,25.299999,24.950001,25.299999,114400,10.53822
2001-07-12,25.10,25.10,24.90,25.049999,294400,10.434088
2001-07-11,25.049999,25.049999,24.860001,24.98,416200,10.404931
2001-07-10,25.00,25.15,24.950001,25.059999,195800,10.438253
2001-07-09,25.00,25.10,24.950001,24.99,205200,10.409096
2001-07-06,25.10,25.17,24.790001,25.00,186600,10.413262
2001-07-05,25.60,25.60,25.209999,25.209999,76600,10.500733
2001-07-03,25.10,25.98,25.00,25.700001,325800,10.704833
2001-07-02,25.200001,25.200001,25.00,25.00,391200,10.413262
2001-06-29,25.00,25.290001,25.00,25.25,3630400,10.517394
2001-06-28,27.25,27.50,25.40,25.65,526400,10.684006
2001-06-27,27.290001,27.389999,26.90,26.950001,139600,11.225496
2001-06-26,26.360001,27.290001,25.799999,27.290001,139200,11.367117
2001-06-25,27.299999,27.309999,26.40,26.450001,131000,11.017231
2001-06-22,28.40,28.40,27.450001,27.450001,52600,11.433761
2001-06-21,28.200001,28.50,27.700001,28.50,64600,11.871118
2001-06-20,27.90,28.50,27.90,28.35,29600,11.808639
2001-06-19,28.10,28.18,27.950001,27.950001,26800,11.642027
2001-06-18,27.90,28.35,27.870001,27.92,57600,11.62953
2001-06-15,27.799999,28.00,27.799999,28.00,56800,11.662853
2001-06-14,27.950001,28.00,27.700001,27.799999,27200,11.579546
2001-06-13,27.75,28.200001,27.75,27.950001,27800,11.642027
2001-06-12,27.950001,27.950001,27.719999,27.75,49000,11.55872
2001-06-11,27.85,28.00,27.809999,27.950001,26000,11.642027
2001-06-08,27.85,28.00,27.809999,27.90,72800,11.6212
2001-06-07,27.40,28.00,27.40,27.950001,31200,11.642027
2001-06-06,26.75,27.700001,26.75,27.50,76000,11.454588
2001-06-05,27.25,27.50,26.450001,26.85,110600,11.183843
2001-06-04,27.40,27.700001,27.299999,27.700001,13000,11.537894
2001-06-01,27.450001,27.60,27.26,27.49,33400,11.450422
2001-05-31,27.200001,27.65,27.200001,27.35,75600,11.392108
2001-05-30,27.309999,27.32,26.549999,27.129999,191400,11.300471
2001-05-29,27.549999,27.75,27.290001,27.309999,48000,11.375447
2001-05-25,27.41,27.549999,27.299999,27.549999,9400,11.475414
2001-05-24,27.799999,27.799999,27.35,27.41,87400,11.4171
2001-05-23,28.309999,28.40,27.90,27.90,44200,11.6212
2001-05-22,28.709999,28.90,28.299999,28.299999,49800,11.787812
2001-05-21,28.450001,28.700001,28.10,28.700001,33000,11.954425
2001-05-18,27.50,28.450001,27.50,28.35,22000,11.808639
2001-05-17,27.40,27.90,27.40,27.549999,18200,11.475414
2001-05-16,27.049999,27.75,27.049999,27.40,60400,11.412934
2001-05-15,27.450001,27.49,27.00,27.10,49000,11.287976
2001-05-14,27.049999,27.25,27.00,27.219999,25800,11.337959
2001-05-11,27.25,27.40,26.90,27.200001,71200,11.329629
2001-05-10,28.60,28.700001,27.209999,27.209999,72600,11.333793
2001-05-09,28.50,28.60,28.00,28.50,54000,11.871118
2001-05-08,28.90,29.10,28.700001,29.09,20400,12.09188
2001-05-07,29.25,29.43,29.00,29.00,35000,12.054469
2001-05-04,29.10,29.75,29.049999,29.459999,76000,12.245678
2001-05-03,29.09,29.10,28.60,29.00,49400,12.054469
2001-05-02,29.40,29.40,28.950001,29.10,46800,12.096036
2001-05-01,29.299999,29.50,29.00,29.299999,50000,12.17917
2001-04-30,29.50,29.65,29.00,29.299999,125200,12.17917
2001-04-27,29.90,29.90,29.700001,29.709999,58200,12.349595
2001-04-26,29.10,29.700001,29.01,29.700001,91200,12.345439
2001-04-25,28.93,29.049999,28.799999,29.01,70600,12.058626
2001-04-24,28.16,29.299999,28.16,28.91,100200,12.017059
2001-04-23,28.059999,28.200001,28.00,28.15,44600,11.701148
2001-04-20,27.90,28.299999,27.610001,28.049999,85000,11.659581
2001-04-19,26.00,28.00,25.950001,27.950001,104200,11.618015
2001-04-18,26.549999,26.85,26.48,26.700001,75200,11.098425
2001-04-17,26.200001,26.450001,26.16,26.450001,43800,10.994507
2001-04-16,26.200001,26.200001,26.00,26.190001,20600,10.886433
2001-04-12,25.50,26.110001,25.50,26.09,33000,10.844866
2001-04-11,26.50,26.50,25.809999,25.809999,33200,10.728477
2001-04-10,24.799999,26.700001,24.799999,26.51,60400,11.019448
2001-04-09,25.00,25.48,24.799999,24.799999,51000,10.308649
2001-04-06,23.90,24.52,23.57,24.50,57200,10.183948
2001-04-05,22.85,23.90,22.85,23.90,38800,9.934545
2001-04-04,22.200001,22.75,22.200001,22.75,88600,9.456523
2001-04-03,22.610001,22.610001,21.75,22.25,138600,9.248688
2001-04-02,23.450001,23.60,22.60,22.60,34800,9.394173
2001-03-30,23.35,23.59,23.32,23.450001,56400,9.747493
2001-03-29,23.450001,23.90,23.35,23.35,31000,9.705926
2001-03-28,23.75,23.75,23.299999,23.309999,33800,9.689299
2001-03-27,23.450001,24.00,23.450001,23.85,62800,9.913762
2001-03-26,22.950001,23.84,22.950001,23.57,44200,9.797374
2001-03-23,21.65,22.85,21.65,22.700001,200200,9.43574
2001-03-22,23.75,23.75,21.15,21.15,151600,8.791449
2001-03-21,25.51,25.51,23.75,23.75,41200,9.872195
2001-03-20,26.00,26.299999,25.40,25.60,92000,10.641187
2001-03-19,26.60,26.60,25.40,25.950001,69600,10.786672
2001-03-16,27.35,27.35,26.50,26.50,53200,11.015291
2001-03-15,27.450001,27.450001,27.299999,27.309999,46400,11.351984
2001-03-14,27.00,27.60,27.00,27.43,106000,11.401865
2001-03-13,27.25,27.309999,27.17,27.25,76400,11.327044
2001-03-12,27.049999,27.42,26.98,27.25,37000,11.327044
2001-03-09,26.40,27.200001,26.35,27.200001,41200,11.306261
2001-03-08,26.40,26.50,26.299999,26.40,33600,10.973723
2001-03-07,26.74,26.860001,26.50,26.60,62600,11.056858
2001-03-06,27.15,27.15,26.700001,26.799999,52200,11.115052
2001-03-05,26.950001,27.25,26.950001,27.049999,26400,11.218737
2001-03-02,26.50,27.00,26.50,26.76,38800,11.098462
2001-03-01,26.35,26.799999,26.15,26.50,160800,10.99063
2001-02-28,25.389999,25.60,25.33,25.60,46000,10.617363
2001-02-27,25.40,25.40,25.200001,25.290001,32600,10.488794
2001-02-26,25.299999,25.799999,24.75,25.40,78400,10.534415
2001-02-23,24.799999,25.10,24.40,25.10,47400,10.409993
2001-02-22,25.90,25.90,24.65,24.709999,59600,10.248243
2001-02-21,26.00,26.65,25.950001,25.950001,40200,10.762523
2001-02-20,26.799999,26.799999,26.08,26.15,84800,10.84547
2001-02-16,26.75,27.10,26.40,26.950001,70600,11.177263
2001-02-15,29.00,29.00,27.200001,27.25,258400,11.301685
2001-02-14,30.00,30.00,29.700001,29.700001,43400,12.3178
2001-02-13,29.10,30.75,29.10,30.049999,153800,12.462959
2001-02-12,27.75,29.00,27.75,29.00,100400,12.027481
2001-02-09,28.299999,28.50,27.40,27.60,109400,11.446845
2001-02-08,27.98,28.450001,27.98,28.299999,190600,11.737163
2001-02-07,27.799999,27.90,27.75,27.90,24000,11.571267
2001-02-06,27.65,27.950001,27.65,27.85,40400,11.55053
2001-02-05,27.940001,27.940001,27.60,27.629999,76800,11.459286
2001-02-02,27.85,28.00,27.799999,27.940001,21000,11.587857
2001-02-01,27.40,28.00,27.379999,28.00,25400,11.612741
2001-01-31,27.10,28.00,27.10,27.60,61400,11.446845
2001-01-30,26.00,27.00,26.00,27.00,48000,11.198
2001-01-29,25.75,26.85,25.75,26.25,64400,10.886944
2001-01-26,25.50,25.875,25.50,25.875,33800,10.731417
2001-01-25,25.75,25.75,25.125,25.25,24400,10.472204
2001-01-24,25.50,25.625,25.25,25.625,19200,10.627731
2001-01-23,25.00,25.75,24.9375,25.375,116000,10.524046
2001-01-22,25.50,25.50,24.75,24.75,89200,10.264833
2001-01-19,25.75,25.8125,25.375,25.50,29200,10.575889
2001-01-18,25.875,26.00,25.625,25.875,32400,10.731417
2001-01-17,25.00,26.25,24.875,25.875,113600,10.731417
2001-01-16,24.00,24.875,23.75,24.875,55000,10.316676
2001-01-12,23.3125,24.125,23.3125,23.75,31400,9.850093
2001-01-11,23.75,24.125,23.00,23.3125,81600,9.668644
2001-01-10,23.75,23.9375,23.375,23.625,37600,9.79825
2001-01-09,23.875,24.3125,23.875,24.00,67200,9.953778
2001-01-08,23.50,23.625,23.375,23.625,58600,9.79825
2001-01-05,24.375,24.375,23.50,23.5625,35600,9.772329
2001-01-04,24.50,24.625,24.3125,24.50,17800,10.161148
2001-01-03,24.125,25.00,24.00,24.50,29400,10.161148
2001-01-02,24.875,24.9375,24.00,24.125,28200,10.00562
2000-12-29,24.8125,25.375,24.75,24.75,36200,10.264833
2000-12-28,23.625,24.875,23.625,24.8125,32600,10.290755
2000-12-27,22.75,23.50,22.75,23.50,86800,9.746407
2000-12-26,23.00,23.25,22.625,22.625,25000,9.383509
2000-12-22,22.625,23.25,22.625,23.00,24800,9.539037
2000-12-21,21.9375,22.625,21.9375,22.625,80600,9.383509
2000-12-20,23.625,23.625,21.875,22.00,106200,9.124296
2000-12-19,22.8125,23.625,22.8125,23.375,68600,9.694565
2000-12-18,23.5625,23.8125,22.75,22.75,93600,9.435352
2000-12-15,24.00,24.09376,23.50,23.50,85600,9.746407
2000-12-14,25.3125,25.3125,24.00,24.1875,91000,10.031542
2000-12-13,25.1875,25.4375,25.00,25.375,50600,10.524046
2000-12-12,25.9375,26.0625,25.125,25.125,54000,10.420361
2000-12-11,25.5625,26.00,25.50,26.00,53800,10.783259
2000-12-08,24.9375,25.625,24.875,25.625,34600,10.627731
2000-12-07,25.00,25.25,24.75,24.8125,83400,10.290755
2000-12-06,25.625,25.875,25.00,25.00,41000,10.368519
2000-12-05,24.4375,25.875,24.4375,25.875,38600,10.708606
2000-12-04,24.1875,24.625,24.125,24.375,34600,10.087817
2000-12-01,24.00,24.4375,24.00,24.1875,26200,10.010218
2000-11-30,24.00,24.375,24.00,24.00,80000,9.93262
2000-11-29,23.875,24.25,23.75,24.00,107800,9.93262
2000-11-28,24.25,24.375,23.875,24.125,61200,9.984352
2000-11-27,24.00,24.375,24.00,24.375,53400,10.087817
2000-11-24,23.875,24.00,23.875,24.00,30000,9.93262
2000-11-22,23.25,23.875,23.25,23.875,19000,9.880887
2000-11-21,23.50,23.6875,23.25,23.3125,19200,9.648092
2000-11-20,23.50,23.75,23.50,23.625,10200,9.777423
2000-11-17,23.125,23.50,22.75,23.50,48600,9.72569
2000-11-16,23.125,23.375,22.8125,22.9375,25200,9.492894
2000-11-15,23.375,23.50,23.3125,23.3125,53800,9.648092
2000-11-14,23.625,23.6875,23.00,23.50,42800,9.72569
2000-11-13,22.8125,23.625,22.8125,23.625,43600,9.777423
2000-11-10,23.25,23.3125,22.875,22.9375,24600,9.492894
2000-11-09,23.3125,23.3125,22.875,23.25,57800,9.622225
2000-11-08,22.50,23.25,22.50,23.0625,45200,9.544627
2000-11-07,21.375,22.375,21.375,22.375,23800,9.260099
2000-11-06,21.625,21.875,21.4375,21.50,17600,8.897972
2000-11-03,21.875,22.00,21.125,21.75,47600,9.001437
2000-11-02,22.375,22.50,22.00,22.125,41200,9.156634
2000-11-01,23.625,23.8125,22.3125,22.625,98000,9.363563
2000-10-31,22.50,23.75,22.375,23.75,51800,9.829155
2000-10-30,21.875,22.50,21.50,22.375,46800,9.260099
2000-10-27,21.50,22.125,21.50,22.125,18400,9.156634
2000-10-26,22.25,22.25,21.50,21.625,33400,8.949704
2000-10-25,21.875,22.50,21.50,22.1875,47200,9.1825
2000-10-24,22.00,22.00,21.75,21.875,21200,9.053169
2000-10-23,21.5625,22.00,21.5625,21.9375,37200,9.079035
2000-10-20,21.25,21.75,21.25,21.5625,20200,8.923838
2000-10-19,20.875,21.1875,20.75,21.1875,46200,8.768641
2000-10-18,20.875,20.875,20.8125,20.8125,44000,8.613444
2000-10-17,20.625,20.875,20.625,20.875,70200,8.63931
2000-10-16,21.125,21.4375,20.625,20.75,61200,8.587578
2000-10-13,21.0625,21.4375,21.0625,21.375,24400,8.84624
2000-10-12,21.375,21.375,21.125,21.1875,23800,8.768641
2000-10-11,21.1875,21.375,21.00,21.125,53200,8.742775
2000-10-10,21.375,21.375,21.00,21.0625,36800,8.716909
2000-10-09,21.25,21.5625,21.00,21.5625,39400,8.923838
2000-10-06,21.625,21.625,21.25,21.4375,38000,8.872106
2000-10-05,21.625,21.625,21.25,21.50,50600,8.897972
2000-10-04,21.50,21.625,21.375,21.625,34200,8.949704
2000-10-03,21.125,21.4375,21.00,21.375,47200,8.84624
2000-10-02,21.0625,21.75,21.00,21.3125,205400,8.820373
2000-09-29,21.625,21.625,21.00,21.0625,94400,8.716909
2000-09-28,21.4375,21.625,21.3125,21.625,11200,8.949704
2000-09-27,21.25,21.375,21.125,21.3125,60000,8.820373
2000-09-26,21.00,21.125,21.00,21.0625,14200,8.716909
2000-09-25,21.0625,21.375,21.00,21.00,38800,8.691042
2000-09-22,21.00,21.25,21.00,21.0625,19600,8.716909
2000-09-21,21.25,21.25,21.00,21.0625,121600,8.716909
2000-09-20,21.875,21.875,21.1875,21.1875,69800,8.768641
2000-09-19,21.375,21.75,21.375,21.6875,42000,8.975571
2000-09-18,21.50,21.5625,21.375,21.375,64400,8.84624
2000-09-15,21.0625,21.5625,21.0625,21.5625,117400,8.923838
2000-09-14,20.6875,21.0625,20.6875,21.0625,73000,8.716909
2000-09-13,20.50,20.75,20.1875,20.75,108400,8.587578
2000-09-12,20.875,20.875,20.625,20.625,34200,8.535845
2000-09-11,20.8125,20.875,20.625,20.875,43800,8.63931
2000-09-08,20.75,20.875,20.6875,20.6875,50400,8.561711
2000-09-07,20.875,20.875,20.75,20.8125,56600,8.613444
2000-09-06,21.125,21.125,20.8125,21.00,34000,8.691042
2000-09-05,21.00,21.25,21.00,21.25,32800,8.794507
2000-09-01,20.50,21.375,20.50,21.25,47400,8.794507
2000-08-31,20.0625,20.625,20.0625,20.625,82400,8.535845
2000-08-30,19.875,20.0625,19.875,20.0625,25400,8.303049
2000-08-29,19.8125,20.00,19.50,20.00,56600,8.277183
2000-08-28,20.625,20.71876,19.875,19.9375,132000,8.251317
2000-08-25,20.375,20.75,20.25,20.625,23800,8.535845
2000-08-24,20.00,20.25,20.00,20.25,47400,8.380648
2000-08-23,20.75,20.75,19.75,20.00,82600,8.277183
2000-08-22,20.75,20.75,20.6875,20.6875,43200,8.561711
2000-08-21,21.25,21.25,20.75,20.75,91400,8.587578
2000-08-18,21.125,21.25,21.0625,21.25,29000,8.794507
2000-08-17,20.50,21.125,20.50,21.125,324000,8.742775
2000-08-16,20.8125,20.8125,20.25,20.4375,66400,8.458247
2000-08-15,21.00,21.00,20.75,20.75,47800,8.587578
2000-08-14,20.9375,21.00,20.9375,21.00,105200,8.691042
2000-08-11,20.75,21.00,20.75,20.875,28000,8.63931
2000-08-10,20.50,21.00,20.50,20.875,118200,8.63931
2000-08-09,21.00,21.00,20.9375,21.00,125600,8.691042
2000-08-08,21.00,21.00,20.9375,21.00,92000,8.691042
2000-08-07,21.00,21.125,20.9375,20.9375,111000,8.665176
2000-08-04,20.875,21.00,20.625,20.9375,70000,8.665176
2000-08-03,20.625,21.00,20.625,20.875,96000,8.63931
2000-08-02,21.00,21.00,20.75,20.8125,108200,8.590681
2000-08-01,21.00,21.00,20.9375,21.00,108200,8.668075
2000-07-31,20.875,21.00,20.875,21.00,95000,8.668075
2000-07-28,21.00,21.00,20.75,21.00,68200,8.668075
2000-07-27,21.00,21.00,20.875,20.9375,86000,8.642277
2000-07-26,20.75,21.00,20.75,20.9375,86400,8.642277
2000-07-25,21.0625,21.50,20.75,20.9375,163800,8.642277
2000-07-24,21.50,21.50,21.125,21.1875,59600,8.745468
2000-07-21,21.3125,21.75,21.3125,21.375,37200,8.822862
2000-07-20,21.25,21.625,21.25,21.4375,27400,8.84866
2000-07-19,21.50,21.625,21.125,21.125,43600,8.719671
2000-07-18,21.875,21.875,21.50,21.50,21600,8.874458
2000-07-17,22.50,22.50,22.00,22.00,82400,9.08084
2000-07-14,22.59376,22.875,22.4375,22.50,49400,9.287223
2000-07-13,22.625,22.6875,22.53124,22.625,35000,9.338819
2000-07-12,22.375,23.125,22.1875,22.6875,104400,9.364617
2000-07-11,20.125,22.75,20.125,22.50,141800,9.287223
2000-07-10,19.5625,20.625,19.5625,20.25,77200,8.358501
2000-07-07,19.50,20.00,19.375,19.6875,62200,8.12632
2000-07-06,19.375,19.50,19.125,19.50,44400,8.048927
2000-07-05,19.50,19.75,19.50,19.5625,28200,8.074725
2000-07-03,19.125,19.50,19.125,19.50,13400,8.048927
2000-06-30,19.25,19.3125,19.00,19.125,94800,7.89414
2000-06-29,19.25,19.50,19.125,19.125,52000,7.89414
2000-06-28,19.375,19.375,19.1875,19.25,34000,7.945735
2000-06-27,19.25,19.4375,19.125,19.25,66600,7.945735
2000-06-26,19.375,19.875,19.375,19.4375,69200,8.023129
2000-06-23,18.75,19.4375,18.625,19.25,36000,7.945735
2000-06-22,19.75,19.875,18.9375,18.9375,62800,7.816746
2000-06-21,21.00,21.00,19.875,19.875,57800,8.203714
2000-06-20,21.25,21.25,20.625,20.9375,60200,8.642277
2000-06-19,20.75,21.125,20.375,21.125,81200,8.719671
2000-06-16,20.625,20.75,20.4375,20.50,57400,8.461692
2000-06-15,21.3125,21.625,20.25,20.50,177000,8.461692
2000-06-14,21.125,21.375,21.125,21.25,50600,8.771266
2000-06-13,21.1875,21.3125,21.00,21.25,31400,8.771266
2000-06-12,21.625,21.625,21.375,21.4375,15600,8.84866
2000-06-09,21.4375,21.50,21.1875,21.50,12000,8.874458
2000-06-08,20.875,21.375,20.25,21.3125,35000,8.797064
2000-06-07,20.625,21.00,20.375,21.00,64200,8.668075
2000-06-06,20.875,20.875,20.50,20.75,9600,8.564884
2000-06-05,21.25,21.25,20.375,20.625,36600,8.513288
2000-06-02,21.00,21.25,20.9375,21.25,59000,8.771266
2000-06-01,21.00,21.00,20.75,20.9375,9800,8.642277
2000-05-31,21.00,21.00,20.75,20.9375,29600,8.642277
2000-05-30,21.25,21.25,20.75,21.00,52800,8.668075
2000-05-26,21.5625,21.5625,20.84376,21.125,130200,8.719671
2000-05-25,21.625,21.9375,21.375,21.4375,49000,8.84866
2000-05-24,21.625,21.6875,21.00,21.625,48600,8.926053
2000-05-23,22.125,22.25,21.75,21.8125,41400,9.003447
2000-05-22,23.125,23.125,22.125,22.375,18600,9.235627
2000-05-19,23.625,23.625,23.00,23.125,56600,9.545202
2000-05-18,23.625,23.625,23.375,23.375,18800,9.648393
2000-05-17,23.9375,23.9375,23.625,23.875,27600,9.854776
2000-05-16,24.00,24.00,23.50,24.00,63200,9.906371
2000-05-15,23.125,24.00,23.00,24.00,207600,9.906371
2000-05-12,23.0625,23.625,23.0625,23.375,33600,9.648393
2000-05-11,22.125,23.00,22.0625,23.00,138800,9.493606
2000-05-10,22.3125,22.3125,21.875,22.00,21200,9.08084
2000-05-09,22.375,22.50,22.00,22.50,22600,9.264521
2000-05-08,22.875,22.875,22.25,22.3125,13600,9.187317
2000-05-05,22.75,22.9375,22.75,22.9375,18600,9.444664
2000-05-04,22.625,22.875,22.5625,22.875,15600,9.41893
2000-05-03,22.75,23.00,22.625,22.9375,86800,9.444664
2000-05-02,22.50,22.875,22.4375,22.8125,48400,9.393195
2000-05-01,22.875,23.00,22.625,23.00,34600,9.470399
2000-04-28,22.625,23.00,22.625,23.00,25600,9.470399
2000-04-27,22.6875,22.8125,22.50,22.8125,9000,9.393195
2000-04-26,23.25,23.50,22.50,22.75,105000,9.36746
2000-04-25,22.00,23.50,21.9375,23.3125,47000,9.599073
2000-04-24,22.5625,22.5625,22.3125,22.3125,7400,9.187317
2000-04-20,23.0625,23.125,22.50,22.6875,97600,9.341725
2000-04-19,23.625,23.625,23.00,23.1875,39600,9.547604
2000-04-18,23.125,23.75,23.125,23.6875,79800,9.753482
2000-04-17,23.50,23.50,22.875,23.25,135200,9.573338
2000-04-14,23.50,23.75,22.625,23.75,49200,9.779217
2000-04-13,23.50,23.75,23.21876,23.4375,52400,9.650543
2000-04-12,23.125,24.0625,23.125,23.6875,44200,9.753482
2000-04-11,23.375,23.50,23.125,23.375,13200,9.624808
2000-04-10,24.0625,24.0625,23.50,23.5625,18600,9.702012
2000-04-07,23.875,24.125,23.8125,24.00,46600,9.882156
2000-04-06,23.625,24.125,23.625,24.125,28800,9.933625
2000-04-05,23.125,23.50,23.00,23.50,13600,9.676277
2000-04-04,24.0625,24.0625,22.875,23.25,33200,9.573338
2000-04-03,22.50,24.75,22.50,24.0625,77000,9.90789
2000-03-31,23.125,23.375,22.375,22.375,73600,9.213051
2000-03-30,22.625,23.125,22.50,23.125,37000,9.521869
2000-03-29,22.4375,22.625,22.125,22.625,41400,9.31599
2000-03-28,22.625,22.75,22.25,22.375,44400,9.213051
2000-03-27,22.3125,22.625,22.125,22.5625,81600,9.290256
2000-03-24,20.5625,22.25,20.5625,22.0625,62200,9.084377
2000-03-23,20.50,20.75,20.25,20.5625,53800,8.466743
2000-03-22,21.1875,21.1875,20.6875,20.6875,35400,8.518212
2000-03-21,21.375,21.375,20.8125,21.25,32400,8.749825
2000-03-20,21.125,21.625,21.125,21.50,32800,8.852764
2000-03-17,21.50,21.75,20.625,21.00,72200,8.646886
2000-03-16,19.50,21.75,19.50,21.75,51600,8.955704
2000-03-15,19.25,19.25,18.875,19.25,46800,7.926312
2000-03-14,19.75,20.375,19.375,19.50,50000,8.029251
2000-03-13,19.1875,19.625,18.875,19.625,65400,8.080721
2000-03-10,19.0625,19.50,19.00,19.1875,55800,7.900578
2000-03-09,19.25,19.5625,19.00,19.4375,36000,8.003517
2000-03-08,18.50,19.3125,18.25,19.3125,25400,7.952047
2000-03-07,18.25,18.75,18.25,18.5625,70800,7.620583
2000-03-06,20.0625,20.125,17.625,18.00,121800,7.389656
2000-03-03,19.50,20.1875,19.25,20.1875,19400,8.287705
2000-03-02,20.125,20.3125,19.75,19.75,16600,8.108095
2000-03-01,19.375,20.625,19.375,20.25,60200,8.313363
2000-02-29,19.6875,20.00,19.375,19.375,40800,7.954144
2000-02-28,19.00,19.9375,19.00,19.8125,67600,8.133754
2000-02-25,19.125,19.50,19.125,19.3125,26800,7.928486
2000-02-24,19.25,19.375,18.875,19.00,38200,7.800193
2000-02-23,19.75,19.75,19.00,19.00,39800,7.800193
2000-02-22,20.125,20.1875,19.25,19.6875,202000,8.082437
2000-02-18,20.875,20.875,20.125,20.125,35400,8.262046
2000-02-17,20.75,20.75,20.25,20.6875,126800,8.492973
2000-02-16,21.00,21.0625,20.00,20.0625,98600,8.236388
2000-02-15,21.50,21.50,20.0625,20.75,70600,8.518632
2000-02-14,19.25,21.625,18.8125,21.625,126400,8.877851
2000-02-11,19.25,19.50,18.6875,19.00,90000,7.800193
2000-02-10,18.0625,19.50,16.875,19.125,190200,7.85151
2000-02-09,18.375,18.625,18.00,18.0625,103200,7.415315
2000-02-08,19.4375,19.50,18.50,18.50,33600,7.594925
2000-02-07,19.75,20.00,19.25,19.25,68200,7.902827
2000-02-04,20.00,20.00,19.875,19.9375,23600,8.185071
2000-02-03,19.75,20.00,19.75,20.00,26000,8.210729
2000-02-02,20.8125,20.8125,19.75,19.8125,25000,8.133754
2000-02-01,21.00,21.00,20.50,20.875,103000,8.569949
2000-01-31,21.00,21.25,20.75,20.75,65400,8.518632
2000-01-28,21.00,21.25,20.50,20.75,74000,8.518632
2000-01-27,21.125,21.125,20.50,21.00,25800,8.621266
2000-01-26,20.75,21.125,20.75,21.00,17600,8.621266
2000-01-25,21.375,21.375,20.75,20.75,27600,8.518632
2000-01-24,22.25,22.25,21.25,21.25,59200,8.7239
2000-01-21,21.875,22.3125,21.875,22.25,27000,9.134436
2000-01-20,22.25,22.375,21.75,21.875,59200,8.980485
2000-01-19,22.50,22.50,21.875,22.00,31600,9.031802
2000-01-18,22.375,22.375,21.875,22.125,36800,9.083119
2000-01-14,23.125,23.125,22.50,22.50,24600,9.237071
2000-01-13,22.75,23.25,22.625,22.9375,56400,9.41668
2000-01-12,22.75,22.75,22.125,22.25,37800,9.134436
2000-01-11,23.75,23.75,22.75,22.9375,48000,9.41668
2000-01-10,23.00,23.625,22.625,23.5625,58800,9.673266
2000-01-07,22.00,22.50,21.9375,22.50,30200,9.237071
2000-01-06,21.375,21.875,21.375,21.875,50600,8.980485
2000-01-05,21.00,21.50,20.9375,21.1875,29800,8.698241
2000-01-04,22.3125,22.3125,20.75,20.9375,132400,8.595607
2000-01-03,23.4375,23.4375,22.375,22.4375,48600,9.211412
