Date,Open,High,Low,Close,Volume,Adj_Close
2016-04-01,18.129999,18.309999,17.91,18.26,293800,18.26
2016-03-31,18.059999,18.41,17.83,18.280001,669400,18.280001
2016-03-30,18.09,18.24,17.780001,18.07,293700,18.07
2016-03-29,17.540001,18.08,17.469999,17.92,425500,17.92
2016-03-28,17.620001,17.83,17.280001,17.58,375600,17.58
2016-03-24,16.92,17.52,16.90,17.50,434400,17.50
2016-03-23,17.299999,17.299999,16.59,17.02,635600,17.02
2016-03-22,17.15,17.469999,17.15,17.35,233700,17.35
2016-03-21,17.18,17.48,17.10,17.24,361000,17.24
2016-03-18,16.879999,17.290001,16.66,17.25,531000,17.25
2016-03-17,16.35,16.870001,16.129999,16.73,409200,16.73
2016-03-16,16.25,16.530001,16.23,16.40,237400,16.40
2016-03-15,17.10,17.10,16.219999,16.25,386800,16.25
2016-03-14,17.049999,17.50,17.040001,17.35,459900,17.35
2016-03-11,16.91,17.10,16.639999,17.049999,446200,17.049999
2016-03-10,17.27,17.67,16.379999,16.700001,683100,16.700001
2016-03-09,17.02,17.40,17.01,17.23,592100,17.23
2016-03-08,18.200001,18.24,16.85,16.98,1171100,16.98
2016-03-07,17.84,18.24,17.65,18.24,819700,18.24
2016-03-04,17.58,18.00,17.48,17.870001,708800,17.870001
2016-03-03,17.50,17.700001,17.389999,17.52,643400,17.52
2016-03-02,16.85,17.75,16.67,17.50,911800,17.50
2016-03-01,16.639999,16.969999,16.530001,16.91,409200,16.91
2016-02-29,16.35,16.59,16.26,16.49,532900,16.49
2016-02-26,16.42,16.57,16.17,16.360001,615000,16.360001
2016-02-25,16.10,16.34,15.81,16.299999,867000,16.299999
2016-02-24,14.48,16.360001,14.48,16.08,4165200,16.08
2016-02-23,13.73,13.97,13.51,13.67,546200,13.67
2016-02-22,13.80,13.98,13.58,13.88,303800,13.88
2016-02-19,13.46,13.77,13.24,13.63,415000,13.63
2016-02-18,13.17,13.44,13.01,13.34,262700,13.34
2016-02-17,12.65,13.37,12.63,13.16,336100,13.16
2016-02-16,12.27,12.60,12.10,12.58,220500,12.58
2016-02-12,11.92,12.39,11.72,12.15,481100,12.15
2016-02-11,12.09,12.33,11.79,11.87,502700,11.87
2016-02-10,12.18,12.53,12.06,12.35,515900,12.35
2016-02-09,12.19,12.65,11.97,12.05,299300,12.05
2016-02-08,12.78,12.84,12.13,12.36,494500,12.36
2016-02-05,13.88,13.89,13.11,13.15,475900,13.15
2016-02-04,13.40,13.84,13.30,13.73,308900,13.73
2016-02-03,13.53,13.54,13.09,13.39,224000,13.39
2016-02-02,13.61,13.61,13.36,13.49,318000,13.49
2016-02-01,13.66,14.02,13.23,13.81,363000,13.81
2016-01-29,13.40,13.55,13.19,13.49,317700,13.49
2016-01-28,13.70,13.75,13.27,13.31,226700,13.31
2016-01-27,13.70,13.79,13.45,13.54,563700,13.54
2016-01-26,14.39,14.44,13.67,13.79,506200,13.79
2016-01-25,14.75,14.79,14.25,14.39,258900,14.39
2016-01-22,14.74,14.97,14.63,14.84,250100,14.84
2016-01-21,14.30,14.73,14.07,14.54,187300,14.54
2016-01-20,13.91,14.47,13.60,14.28,372800,14.28
2016-01-19,14.60,14.60,13.83,14.04,303200,14.04
2016-01-15,14.60,14.69,14.05,14.47,199900,14.47
2016-01-14,14.77,15.12,14.22,14.98,253700,14.98
2016-01-13,15.40,15.73,14.65,14.74,386100,14.74
2016-01-12,15.35,15.59,15.18,15.40,264300,15.40
2016-01-11,15.21,15.37,14.90,15.19,248500,15.19
2016-01-08,15.25,15.50,14.94,15.15,472800,15.15
2016-01-07,15.38,15.59,15.13,15.23,395600,15.23
2016-01-06,15.84,16.030001,15.62,15.70,251400,15.70
2016-01-05,16.120001,16.940001,15.84,16.059999,463200,16.059999
2016-01-04,16.16,16.16,15.55,16.02,486800,16.02
2015-12-31,16.65,16.690001,16.379999,16.450001,245500,16.450001
2015-12-30,16.559999,16.969999,16.469999,16.66,416400,16.66
2015-12-29,16.58,16.73,16.440001,16.629999,158800,16.629999
2015-12-28,16.450001,16.629999,16.35,16.540001,228400,16.540001
2015-12-24,16.559999,16.67,16.459999,16.51,154700,16.51
2015-12-23,16.50,16.639999,16.370001,16.52,561800,16.52
2015-12-22,15.90,16.48,15.89,16.459999,862200,16.459999
2015-12-21,15.97,16.10,15.70,15.85,873600,15.85
2015-12-18,15.74,16.00,15.69,15.94,425400,15.94
2015-12-17,15.64,15.95,15.45,15.76,587700,15.76
2015-12-16,15.19,15.37,15.05,15.29,230300,15.29
2015-12-15,14.83,15.33,14.79,15.11,284800,15.11
2015-12-14,15.08,15.22,14.68,14.80,331100,14.80
2015-12-11,15.20,15.45,14.95,15.11,373100,15.11
2015-12-10,15.28,15.84,15.28,15.44,365000,15.44
2015-12-09,15.21,15.38,15.07,15.30,630900,15.30
2015-12-08,15.11,15.60,15.00,15.24,543200,15.24
2015-12-07,15.35,15.39,15.05,15.19,503000,15.19
2015-12-04,15.44,15.51,15.06,15.35,533400,15.35
2015-12-03,15.80,15.95,15.39,15.44,357200,15.44
2015-12-02,15.00,15.76,14.83,15.74,786300,15.74
2015-12-01,14.84,15.11,14.68,15.00,378000,15.00
2015-11-30,14.73,14.88,14.69,14.75,895300,14.75
2015-11-27,14.52,14.80,14.46,14.73,285400,14.73
2015-11-25,14.41,14.53,14.31,14.49,273700,14.49
2015-11-24,14.35,14.54,14.26,14.41,513600,14.41
2015-11-23,14.54,14.56,14.28,14.39,501300,14.39
2015-11-20,14.56,14.76,14.43,14.53,116600,14.53
2015-11-19,14.61,14.74,14.41,14.50,153800,14.50
2015-11-18,14.50,14.71,14.36,14.64,169200,14.64
2015-11-17,14.80,14.89,14.36,14.46,400500,14.46
2015-11-16,15.05,15.17,14.40,14.78,299600,14.78
2015-11-13,15.00,15.12,14.90,15.05,405800,15.05
2015-11-12,15.20,15.31,14.84,15.07,331200,15.07
2015-11-11,15.52,15.55,15.19,15.29,185600,15.29
2015-11-10,15.62,15.67,15.43,15.45,406500,15.45
2015-11-09,15.77,15.79,15.55,15.58,633200,15.58
2015-11-06,15.63,15.95,15.41,15.87,261500,15.87
2015-11-05,15.63,15.75,15.26,15.67,284700,15.67
2015-11-04,15.90,15.95,15.40,15.71,334200,15.71
2015-11-03,15.77,16.00,15.72,15.84,199300,15.84
2015-11-02,15.26,16.040001,15.06,15.84,604200,15.84
2015-10-30,14.75,15.67,14.59,15.16,663400,15.16
2015-10-29,14.42,15.18,13.88,14.78,772700,14.78
2015-10-28,16.25,16.25,13.53,14.42,2848400,14.42
2015-10-27,16.16,16.799999,15.59,16.530001,1112000,16.530001
2015-10-26,15.98,16.42,15.68,16.200001,852700,16.200001
2015-10-23,15.90,16.110001,15.77,15.98,285100,15.98
2015-10-22,15.51,16.34,15.49,15.80,379800,15.80
2015-10-21,15.97,16.02,15.16,15.46,215500,15.46
2015-10-20,15.66,15.96,15.56,15.86,112500,15.86
2015-10-19,15.52,15.78,15.22,15.70,218400,15.70
2015-10-16,15.95,16.049999,15.16,15.57,325300,15.57
2015-10-15,15.36,15.95,15.28,15.89,216200,15.89
2015-10-14,15.87,16.049999,15.30,15.34,124500,15.34
2015-10-13,16.26,16.41,15.76,15.83,113300,15.83
2015-10-12,16.370001,16.610001,16.219999,16.34,145000,16.34
2015-10-09,16.290001,16.610001,16.040001,16.389999,310900,16.389999
2015-10-08,15.75,16.27,15.52,16.25,242500,16.25
2015-10-07,15.32,15.85,15.24,15.76,209300,15.76
2015-10-06,14.87,15.34,14.85,15.25,313300,15.25
2015-10-05,14.81,15.00,14.75,14.96,233300,14.96
2015-10-02,14.23,14.82,14.00,14.74,225500,14.74
2015-10-01,14.52,14.75,14.02,14.31,423400,14.31
2015-09-30,14.00,14.54,13.85,14.53,224700,14.53
2015-09-29,13.62,14.09,13.50,13.83,262900,13.83
2015-09-28,14.15,14.19,13.38,13.63,480000,13.63
2015-09-25,14.93,15.08,14.09,14.15,312700,14.15
2015-09-24,14.86,14.94,14.52,14.85,203600,14.85
2015-09-23,14.85,15.02,14.74,14.93,277700,14.93
2015-09-22,14.85,15.03,14.68,14.84,268300,14.84
2015-09-21,15.34,15.50,14.81,14.99,278800,14.99
2015-09-18,14.77,15.46,14.60,15.33,459500,15.33
2015-09-17,14.80,15.06,14.62,14.93,346400,14.93
2015-09-16,14.84,14.95,14.58,14.84,243900,14.84
2015-09-15,14.15,14.90,14.03,14.90,234500,14.90
2015-09-14,14.30,14.37,14.09,14.16,243900,14.16
2015-09-11,14.46,14.49,14.17,14.30,146300,14.30
2015-09-10,14.33,14.55,14.25,14.50,275900,14.50
2015-09-09,14.70,14.70,14.31,14.32,390600,14.32
2015-09-08,14.95,15.00,14.66,14.69,379000,14.69
2015-09-04,14.63,14.86,14.48,14.76,162900,14.76
2015-09-03,15.09,15.19,14.70,14.74,250200,14.74
2015-09-02,14.48,15.08,14.38,15.06,332400,15.06
2015-09-01,14.08,14.41,14.08,14.41,709700,14.41
2015-08-31,14.37,14.55,14.27,14.40,417500,14.40
2015-08-28,14.34,14.66,14.30,14.59,358400,14.59
2015-08-27,14.54,14.55,14.16,14.36,267300,14.36
2015-08-26,14.14,14.40,13.84,14.36,349700,14.36
2015-08-25,14.50,14.62,13.86,13.94,374100,13.94
2015-08-24,13.86,14.27,13.08,14.27,514600,14.27
2015-08-21,13.94,14.67,13.69,14.55,457700,14.55
2015-08-20,14.69,14.75,14.32,14.36,380500,14.36
2015-08-19,14.63,14.77,14.39,14.73,671200,14.73
2015-08-18,15.20,15.31,14.73,14.77,556200,14.77
2015-08-17,15.33,15.36,15.10,15.24,324300,15.24
2015-08-14,15.31,15.43,15.12,15.40,276400,15.40
2015-08-13,15.38,15.53,15.08,15.49,347000,15.49
2015-08-12,15.48,15.48,14.91,15.35,359500,15.35
2015-08-11,15.80,15.96,15.39,15.52,386900,15.52
2015-08-10,15.68,15.99,15.66,15.91,203900,15.91
2015-08-07,16.030001,16.120001,15.52,15.65,367800,15.65
2015-08-06,17.059999,17.059999,16.049999,16.209999,711100,16.209999
2015-08-05,17.030001,17.40,17.02,17.02,338500,17.02
2015-08-04,16.98,17.18,16.719999,16.940001,377600,16.940001
2015-08-03,17.360001,17.469999,16.83,17.01,415800,17.01
2015-07-31,17.860001,17.860001,17.24,17.43,705800,17.43
2015-07-30,18.120001,18.49,17.200001,17.360001,1163100,17.360001
2015-07-29,17.940001,18.59,17.559999,18.379999,3974100,18.379999
2015-07-28,16.040001,16.040001,15.37,15.40,715400,15.40
2015-07-27,16.299999,16.299999,15.73,15.97,367300,15.97
2015-07-24,16.33,16.48,16.139999,16.40,286100,16.40
2015-07-23,16.610001,16.889999,16.24,16.370001,295900,16.370001
2015-07-22,16.450001,16.84,16.450001,16.559999,216100,16.559999
2015-07-21,16.27,16.700001,16.200001,16.629999,266100,16.629999
2015-07-20,16.25,16.49,15.82,16.309999,578600,16.309999
2015-07-17,15.75,16.33,15.67,16.25,370800,16.25
2015-07-16,15.40,15.77,15.38,15.73,279300,15.73
2015-07-15,15.58,15.60,15.35,15.51,353400,15.51
2015-07-14,15.38,15.58,15.33,15.56,122000,15.56
2015-07-13,15.06,15.45,15.00,15.43,262800,15.43
2015-07-10,15.05,15.12,14.78,14.99,215200,14.99
2015-07-09,15.10,15.23,14.84,14.92,235000,14.92
2015-07-08,14.87,15.16,14.73,14.90,361900,14.90
2015-07-07,15.10,15.10,14.57,14.85,390900,14.85
2015-07-06,14.92,15.22,14.88,15.06,288500,15.06
2015-07-02,15.00,15.03,14.66,15.01,235700,15.01
2015-07-01,15.00,15.10,14.84,15.00,415000,15.00
2015-06-30,15.01,15.03,14.78,14.96,322600,14.96
2015-06-29,15.66,15.77,14.85,14.89,519000,14.89
2015-06-26,16.49,16.51,15.69,15.87,1657000,15.87
2015-06-25,16.60,16.780001,16.190001,16.48,262000,16.48
2015-06-24,16.700001,16.84,16.43,16.469999,258500,16.469999
2015-06-23,16.58,17.059999,16.42,16.77,370900,16.77
2015-06-22,16.41,16.610001,16.10,16.52,616700,16.52
2015-06-19,16.66,16.719999,15.81,16.08,1348900,16.08
2015-06-18,17.01,17.110001,16.389999,16.629999,654000,16.629999
2015-06-17,17.07,17.440001,16.950001,17.02,310400,17.02
2015-06-16,17.00,17.139999,16.709999,17.059999,368600,17.059999
2015-06-15,16.709999,17.059999,16.049999,17.049999,622500,17.049999
2015-06-12,17.219999,17.27,16.77,16.780001,505600,16.780001
2015-06-11,18.040001,18.24,17.02,17.200001,639300,17.200001
2015-06-10,18.299999,18.370001,17.98,18.049999,558500,18.049999
2015-06-09,18.040001,18.51,17.77,18.16,693300,18.16
2015-06-08,18.41,19.209999,18.290001,18.540001,887600,18.540001
2015-06-05,17.25,18.639999,17.059999,18.370001,612100,18.370001
2015-06-04,16.99,17.309999,16.959999,17.290001,271200,17.290001
2015-06-03,17.370001,17.58,17.049999,17.059999,407200,17.059999
2015-06-02,17.09,17.42,16.91,17.379999,375800,17.379999
2015-06-01,17.43,17.469999,16.93,17.110001,469800,17.110001
2015-05-29,17.24,17.42,17.10,17.25,585300,17.25
2015-05-28,17.23,17.290001,16.870001,17.219999,321700,17.219999
2015-05-27,16.950001,17.360001,16.84,17.27,447300,17.27
2015-05-26,16.950001,17.50,16.950001,17.00,460300,17.00
2015-05-22,17.15,17.65,17.15,17.40,730700,17.40
2015-05-21,17.040001,17.43,16.950001,17.23,457300,17.23
2015-05-20,16.799999,17.290001,16.799999,17.09,611700,17.09
2015-05-19,17.16,17.190001,16.610001,16.75,719100,16.75
2015-05-18,17.120001,17.780001,16.68,17.02,925900,17.02
2015-05-15,17.67,17.690001,17.01,17.18,607000,17.18
2015-05-14,18.040001,18.15,17.559999,17.67,374300,17.67
2015-05-13,18.18,18.57,17.66,17.91,451200,17.91
2015-05-12,17.17,18.15,16.73,18.09,847400,18.09
2015-05-11,17.25,17.709999,16.969999,17.059999,485400,17.059999
2015-05-08,17.200001,17.83,17.059999,17.219999,379400,17.219999
2015-05-07,17.00,17.120001,16.860001,16.92,370600,16.92
2015-05-06,18.049999,18.049999,16.32,16.98,1498500,16.98
2015-05-05,18.219999,18.68,17.33,18.440001,995000,18.440001
2015-05-04,17.73,18.26,17.530001,18.16,469300,18.16
2015-05-01,17.620001,17.790001,17.209999,17.51,422900,17.51
2015-04-30,17.629999,17.75,17.41,17.469999,313500,17.469999
2015-04-29,17.540001,18.24,17.52,17.76,363000,17.76
2015-04-28,17.17,17.76,17.030001,17.639999,206000,17.639999
2015-04-27,17.389999,17.629999,16.809999,17.120001,267000,17.120001
2015-04-24,17.549999,17.809999,17.110001,17.290001,330000,17.290001
2015-04-23,17.32,17.73,17.23,17.549999,155300,17.549999
2015-04-22,17.58,17.58,17.200001,17.360001,94000,17.360001
2015-04-21,18.00,18.299999,17.540001,17.59,199600,17.59
2015-04-20,18.129999,18.35,17.85,18.00,222300,18.00
2015-04-17,17.950001,18.379999,17.559999,18.15,339000,18.15
2015-04-16,17.709999,18.10,17.49,18.07,382300,18.07
2015-04-15,16.940001,17.370001,16.77,17.200001,249300,17.200001
2015-04-14,16.870001,16.950001,16.620001,16.84,165200,16.84
2015-04-13,17.34,17.370001,16.57,16.77,395100,16.77
2015-04-10,17.41,17.50,16.809999,17.34,209400,17.34
2015-04-09,17.84,17.870001,17.200001,17.33,129400,17.33
2015-04-08,17.58,18.34,17.58,17.68,160600,17.68
2015-04-07,17.299999,17.639999,17.200001,17.41,253800,17.41
2015-04-06,17.27,17.389999,17.059999,17.27,204100,17.27
2015-04-02,17.49,17.950001,17.200001,17.309999,188600,17.309999
2015-04-01,18.52,18.52,17.10,17.43,267400,17.43
2015-03-31,17.889999,18.139999,17.84,17.92,93900,17.92
2015-03-30,17.620001,18.08,17.58,17.98,181200,17.98
2015-03-27,17.59,17.950001,17.469999,17.50,157700,17.50
2015-03-26,17.50,17.92,17.41,17.629999,149900,17.629999
2015-03-25,17.959999,18.00,17.469999,17.57,194700,17.57
2015-03-24,18.030001,18.27,17.91,18.030001,99500,18.030001
2015-03-23,18.129999,18.549999,18.00,18.09,140000,18.09
2015-03-20,18.49,18.58,18.00,18.18,234400,18.18
2015-03-19,18.110001,18.469999,18.059999,18.389999,261100,18.389999
2015-03-18,18.110001,18.60,17.870001,18.200001,242600,18.200001
2015-03-17,17.99,18.27,17.799999,18.10,167900,18.10
2015-03-16,18.030001,18.07,17.719999,18.030001,200800,18.030001
2015-03-13,18.42,18.440001,18.00,18.030001,199500,18.030001
2015-03-12,18.209999,18.75,18.17,18.40,343800,18.40
2015-03-11,18.09,18.280001,17.540001,18.190001,300100,18.190001
2015-03-10,18.860001,18.90,18.059999,18.18,371300,18.18
2015-03-09,18.98,19.190001,18.90,19.10,228900,19.10
2015-03-06,19.00,19.48,18.93,19.040001,217100,19.040001
2015-03-05,19.48,19.50,19.030001,19.120001,209100,19.120001
2015-03-04,19.08,19.549999,18.60,19.52,211500,19.52
2015-03-03,19.280001,19.280001,18.799999,19.08,314500,19.08
2015-03-02,18.90,19.49,18.84,19.219999,740300,19.219999
2015-02-27,18.84,19.41,18.799999,18.83,368300,18.83
2015-02-26,19.129999,20.00,18.66,18.99,793000,18.99
2015-02-25,19.90,20.59,19.09,19.67,2385000,19.67
2015-02-24,17.540001,18.15,17.26,17.879999,887400,17.879999
2015-02-23,17.59,17.59,16.799999,17.370001,200200,17.370001
2015-02-20,16.75,17.57,16.559999,17.51,326000,17.51
2015-02-19,16.98,17.23,16.75,16.85,139600,16.85
2015-02-18,16.549999,17.190001,16.389999,17.059999,252700,17.059999
2015-02-17,16.07,16.530001,15.55,16.48,199500,16.48
2015-02-13,16.00,16.280001,15.64,16.07,300600,16.07
2015-02-12,14.83,16.02,14.83,16.00,489900,16.00
2015-02-11,14.97,15.40,14.36,14.73,258400,14.73
2015-02-10,15.02,15.14,14.72,14.97,137200,14.97
2015-02-09,14.97,15.35,14.87,14.95,145300,14.95
2015-02-06,15.50,15.69,14.88,15.02,451100,15.02
2015-02-05,14.70,15.71,14.65,15.42,418700,15.42
2015-02-04,14.25,14.75,14.22,14.58,587800,14.58
2015-02-03,14.31,14.67,14.28,14.40,203600,14.40
2015-02-02,14.88,14.88,14.14,14.27,174900,14.27
2015-01-30,14.89,15.01,14.17,14.73,307200,14.73
2015-01-29,15.28,15.33,14.94,15.01,88800,15.01
2015-01-28,15.94,15.98,15.10,15.20,219200,15.20
2015-01-27,15.73,16.219999,15.70,15.87,187900,15.87
2015-01-26,15.79,16.42,15.25,15.97,668800,15.97
2015-01-23,16.01,16.139999,15.57,15.79,194900,15.79
2015-01-22,14.88,16.18,14.76,15.96,384800,15.96
2015-01-21,15.00,15.09,14.59,14.82,347100,14.82
2015-01-20,15.40,15.40,14.85,14.99,147100,14.99
2015-01-16,15.14,15.53,15.14,15.40,115800,15.40
2015-01-15,16.17,16.17,14.78,15.12,465600,15.12
2015-01-14,16.15,16.34,15.96,16.030001,74300,16.030001
2015-01-13,16.700001,16.84,16.01,16.27,205200,16.27
2015-01-12,16.40,16.690001,16.25,16.49,463400,16.49
2015-01-09,16.00,16.709999,15.87,16.440001,268300,16.440001
2015-01-08,15.69,16.25,15.46,15.96,341000,15.96
2015-01-07,15.71,15.89,15.65,15.70,93700,15.70
2015-01-06,16.129999,16.16,15.17,15.71,177400,15.71
2015-01-05,16.00,16.360001,15.67,16.08,206800,16.08
2015-01-02,16.27,16.27,15.51,16.040001,230800,16.040001
2014-12-31,16.25,16.48,15.99,16.139999,195200,16.139999
2014-12-30,16.549999,16.57,15.68,16.23,335100,16.23
2014-12-29,16.68,16.969999,16.25,16.85,206400,16.85
2014-12-26,16.90,17.00,16.370001,16.75,145800,16.75
2014-12-24,16.959999,17.00,16.610001,17.00,87900,17.00
2014-12-23,16.26,16.98,16.120001,16.92,313700,16.92
2014-12-22,16.10,16.41,16.02,16.209999,208300,16.209999
2014-12-19,15.65,16.59,15.60,16.18,658500,16.18
2014-12-18,15.75,15.94,15.00,15.58,731900,15.58
2014-12-17,14.64,15.73,14.64,15.53,601200,15.53
2014-12-16,14.60,14.80,14.50,14.67,97300,14.67
2014-12-15,14.79,14.94,14.54,14.62,105900,14.62
2014-12-12,14.83,14.98,14.79,14.81,104400,14.81
2014-12-11,14.28,15.16,14.28,14.93,562300,14.93
2014-12-10,14.48,14.49,14.14,14.23,110200,14.23
2014-12-09,13.72,14.50,13.71,14.47,95700,14.47
2014-12-08,14.43,14.59,13.84,13.93,253700,13.93
2014-12-05,14.26,14.53,14.22,14.52,135900,14.52
2014-12-04,13.95,14.44,13.95,14.26,129800,14.26
2014-12-03,13.83,14.25,13.81,14.10,177400,14.10
2014-12-02,13.96,14.07,13.80,13.86,124100,13.86
2014-12-01,14.00,14.02,13.47,13.98,338300,13.98
2014-11-28,14.59,14.59,14.03,14.06,99500,14.06
2014-11-26,14.67,14.80,14.30,14.55,237500,14.55
2014-11-25,14.90,15.00,14.46,14.62,255900,14.62
2014-11-24,14.67,15.00,14.49,14.94,353300,14.94
2014-11-21,14.40,15.00,14.09,14.70,752400,14.70
2014-11-20,13.49,14.43,13.42,14.23,482700,14.23
2014-11-19,12.97,14.22,12.89,13.53,1059000,13.53
2014-11-18,13.05,13.31,12.43,12.84,270200,12.84
2014-11-17,13.37,13.42,12.83,13.04,183300,13.04
2014-11-14,13.20,13.33,13.14,13.32,94900,13.32
2014-11-13,13.24,13.46,12.95,13.19,187800,13.19
2014-11-12,12.60,13.24,12.60,13.09,377900,13.09
2014-11-11,12.50,12.67,12.45,12.60,235300,12.60
2014-11-10,12.18,12.65,12.15,12.50,408400,12.50
2014-11-07,11.86,12.34,11.86,12.12,171800,12.12
2014-11-06,11.64,11.94,11.59,11.87,135300,11.87
2014-11-05,11.94,11.94,11.44,11.62,174200,11.62
2014-11-04,11.69,11.79,11.51,11.57,126100,11.57
2014-11-03,11.46,12.08,11.46,11.69,318200,11.69
2014-10-31,11.46,11.70,11.18,11.46,448600,11.46
2014-10-30,11.42,11.51,11.00,11.37,403200,11.37
2014-10-29,11.21,11.43,10.91,11.42,622800,11.42
2014-10-28,11.38,11.58,10.61,11.23,692400,11.23
2014-10-27,10.89,11.49,10.87,11.30,626900,11.30
2014-10-24,12.44,12.44,10.22,10.96,2327200,10.96
2014-10-23,10.28,10.54,10.08,10.19,393700,10.19
2014-10-22,10.25,10.53,10.00,10.24,287700,10.24
2014-10-21,10.15,10.27,9.87,10.23,294000,10.23
2014-10-20,9.97,10.10,9.87,10.01,196800,10.01
2014-10-17,10.14,10.36,9.95,10.02,247700,10.02
2014-10-16,9.51,10.18,9.50,9.98,369200,9.98
2014-10-15,8.90,9.65,8.76,9.63,555700,9.63
2014-10-14,9.00,9.57,8.90,9.16,363600,9.16
2014-10-13,9.22,9.51,9.03,9.05,364800,9.05
2014-10-10,9.73,9.84,9.24,9.30,294200,9.30
2014-10-09,10.16,10.16,9.70,9.85,424800,9.85
2014-10-08,10.29,10.30,9.68,10.17,361300,10.17
2014-10-07,10.55,10.55,10.27,10.32,145300,10.32
2014-10-06,11.09,11.09,10.35,10.64,194000,10.64
2014-10-03,11.10,11.48,10.97,11.09,300600,11.09
2014-10-02,11.62,11.62,10.48,11.07,909400,11.07
2014-10-01,11.68,11.71,11.22,11.32,227000,11.32
2014-09-30,11.66,11.84,11.38,11.73,284600,11.73
2014-09-29,11.55,11.73,10.89,11.64,575800,11.64
2014-09-26,12.30,12.47,11.68,11.82,279000,11.82
2014-09-25,12.41,12.48,11.86,12.15,202600,12.15
2014-09-24,12.23,12.63,12.09,12.34,412000,12.34
2014-09-23,11.64,12.39,11.62,12.19,335500,12.19
2014-09-22,11.59,11.82,11.49,11.69,152000,11.69
2014-09-19,11.67,11.98,11.47,11.65,217000,11.65
2014-09-18,11.28,11.97,11.28,11.65,229700,11.65
2014-09-17,10.85,11.40,10.83,11.20,388100,11.20
2014-09-16,10.94,10.94,10.61,10.81,97100,10.81
2014-09-15,11.45,11.57,10.83,10.91,212200,10.91
2014-09-12,10.92,11.55,10.81,11.49,432100,11.49
2014-09-11,9.88,10.96,9.86,10.92,490000,10.92
2014-09-10,9.82,9.92,9.68,9.91,182400,9.91
2014-09-09,9.70,9.93,9.53,9.81,206200,9.81
2014-09-08,9.55,9.77,9.50,9.71,156200,9.71
2014-09-05,9.55,9.64,9.42,9.61,109400,9.61
2014-09-04,9.80,9.85,9.50,9.54,86300,9.54
2014-09-03,9.90,9.92,9.65,9.75,221700,9.75
2014-09-02,9.81,9.94,9.65,9.87,140000,9.87
2014-08-29,10.01,10.31,9.60,9.74,350700,9.74
2014-08-28,9.67,10.05,9.51,10.01,700800,10.01
2014-08-27,9.79,9.80,9.55,9.70,216600,9.70
2014-08-26,9.77,9.81,9.51,9.79,237400,9.79
2014-08-25,10.44,10.44,9.65,9.72,223100,9.72
2014-08-22,10.69,10.80,10.25,10.36,141300,10.36
2014-08-21,10.96,11.07,10.57,10.68,161700,10.68
2014-08-20,11.08,11.11,10.75,10.99,101600,10.99
2014-08-19,11.31,11.42,11.05,11.13,101900,11.13
2014-08-18,11.20,11.42,11.07,11.34,231900,11.34
2014-08-15,11.10,11.13,10.88,11.07,107100,11.07
2014-08-14,10.90,11.07,10.82,11.02,112100,11.02
2014-08-13,10.75,11.06,10.64,10.95,232300,10.95
2014-08-12,10.67,10.73,10.46,10.62,199600,10.62
2014-08-11,11.00,11.02,10.60,10.65,195700,10.65
2014-08-08,11.38,11.44,10.94,11.02,170200,11.02
2014-08-07,11.75,11.75,10.83,11.38,333700,11.38
2014-08-06,12.01,12.25,11.49,11.70,480300,11.70
2014-08-05,12.22,12.28,11.72,12.13,201500,12.13
2014-08-04,11.86,12.24,11.56,12.21,212300,12.21
2014-08-01,12.05,12.16,11.66,11.92,166800,11.92
2014-07-31,12.95,12.95,11.67,11.91,516900,11.91
2014-07-30,11.97,13.09,11.55,13.01,2060900,13.01
2014-07-29,10.28,10.47,10.05,10.22,457600,10.22
2014-07-28,9.99,10.38,9.89,10.21,586300,10.21
2014-07-25,9.93,10.10,9.86,10.03,194200,10.03
2014-07-24,10.00,10.27,9.86,10.01,175400,10.01
2014-07-23,9.99,10.02,9.78,9.94,271000,9.94
2014-07-22,9.57,10.09,9.57,10.01,363100,10.01
2014-07-21,9.38,9.57,8.76,9.55,745400,9.55
2014-07-18,9.46,9.59,8.88,9.39,399900,9.39
2014-07-17,9.94,10.21,9.43,9.50,330200,9.50
2014-07-16,10.46,10.50,9.91,9.94,338900,9.94
2014-07-15,11.03,11.22,9.93,10.45,495500,10.45
2014-07-14,11.28,11.32,10.93,10.97,144400,10.97
2014-07-11,11.30,11.51,10.93,11.18,199200,11.18
2014-07-10,11.52,11.66,10.94,11.32,303400,11.32
2014-07-09,11.81,12.25,11.38,11.71,307000,11.71
2014-07-08,12.17,12.22,11.60,11.80,334100,11.80
2014-07-07,12.79,12.92,12.16,12.24,154500,12.24
2014-07-03,12.84,13.03,12.70,12.78,86700,12.78
2014-07-02,13.11,13.14,12.75,12.86,146700,12.86
2014-07-01,13.01,13.45,12.70,13.07,213000,13.07
2014-06-30,13.48,13.59,12.54,12.84,322000,12.84
2014-06-27,14.39,14.40,13.26,13.26,899500,13.26
2014-06-26,14.24,14.52,13.60,14.37,93300,14.37
2014-06-25,14.30,14.60,13.81,14.23,87300,14.23
2014-06-24,14.27,15.41,14.18,14.38,386500,14.38
2014-06-23,13.41,14.31,13.41,14.11,271300,14.11
2014-06-20,13.46,13.70,13.32,13.43,368300,13.43
2014-06-19,13.05,14.33,13.01,13.37,381400,13.37
2014-06-18,12.18,12.96,12.00,12.87,274500,12.87
2014-06-17,11.95,12.35,11.91,12.18,96900,12.18
2014-06-16,12.04,12.28,11.52,12.04,206300,12.04
2014-06-13,12.40,12.40,11.77,12.05,235200,12.05
2014-06-12,12.08,12.64,12.00,12.31,225400,12.31
2014-06-11,13.00,13.15,12.09,12.23,183800,12.23
2014-06-10,13.29,13.35,12.87,13.01,83500,13.01
2014-06-09,13.06,13.35,12.96,13.25,114500,13.25
2014-06-06,12.88,13.23,12.80,13.02,205600,13.02
2014-06-05,12.98,13.50,12.76,12.88,384900,12.88
2014-06-04,12.84,13.40,12.83,12.95,295400,12.95
2014-06-03,12.74,12.93,12.50,12.82,94500,12.82
2014-06-02,12.79,12.94,12.42,12.69,194600,12.69
2014-05-30,12.41,12.86,12.34,12.69,349900,12.69
2014-05-29,12.08,12.87,11.96,12.47,178000,12.47
2014-05-28,12.00,12.11,11.71,12.02,86600,12.02
2014-05-27,12.40,12.40,11.91,11.94,162800,11.94
2014-05-23,12.27,12.49,12.15,12.31,348700,12.31
2014-05-22,12.27,12.39,11.87,12.22,125400,12.22
2014-05-21,12.22,12.58,12.22,12.32,105900,12.32
2014-05-20,12.30,12.31,11.86,12.15,177500,12.15
2014-05-19,12.21,12.43,12.07,12.23,541200,12.23
2014-05-16,13.24,13.52,11.81,12.13,273400,12.13
2014-05-15,13.09,13.74,13.00,13.24,426200,13.24
2014-05-14,13.40,14.61,12.26,12.68,1141500,12.68
2014-05-13,11.45,12.48,11.31,11.37,381600,11.37
2014-05-12,12.45,13.00,11.25,11.37,304700,11.37
2014-05-09,12.24,12.95,11.15,11.99,294200,11.99
2014-05-08,12.07,13.09,11.95,12.96,233600,12.96
2014-05-07,13.20,13.29,11.92,12.04,283800,12.04
2014-05-06,14.20,14.69,13.14,13.29,319200,13.29
2014-05-05,14.83,14.83,14.20,14.30,184500,14.30
2014-05-02,15.00,15.39,14.46,14.76,175900,14.76
2014-05-01,14.40,15.32,14.40,14.73,210800,14.73
2014-04-30,14.85,15.14,14.04,14.37,486300,14.37
2014-04-29,16.530001,16.73,14.84,14.85,526300,14.85
2014-04-28,19.290001,19.290001,16.00,16.299999,634400,16.299999
2014-04-25,21.459999,22.00,19.280001,19.49,338300,19.49
2014-04-24,22.610001,22.68,21.51,21.75,127100,21.75
2014-04-23,22.52,23.200001,21.23,22.24,71900,22.24
2014-04-22,20.209999,22.299999,20.200001,22.24,172900,22.24
2014-04-21,20.25,20.549999,19.84,20.209999,43600,20.209999
2014-04-17,20.50,20.74,19.74,20.049999,135800,20.049999
2014-04-16,21.530001,22.98,20.389999,20.690001,176300,20.690001
2014-04-15,20.309999,21.440001,18.76,21.00,220600,21.00
2014-04-14,19.99,20.360001,19.74,20.129999,121200,20.129999
2014-04-11,19.82,20.07,19.00,19.690001,225700,19.690001
2014-04-10,19.809999,20.200001,19.27,20.110001,154200,20.110001
2014-04-09,19.719999,20.25,19.25,20.030001,133700,20.030001
2014-04-08,19.50,20.25,19.41,19.85,172600,19.85
2014-04-07,19.59,19.82,18.75,19.41,273100,19.41
2014-04-04,19.700001,20.190001,18.700001,19.00,477100,19.00
2014-04-03,20.42,21.370001,19.530001,19.85,1154200,19.85
2014-04-02,17.50,21.200001,17.120001,20.09,8471200,20.09
