Date,Open,High,Low,Close,Volume,Adj_Close
2016-04-01,1.20,1.28,1.15,1.24,59600,1.24
2016-03-31,1.18,1.21,1.17,1.18,20300,1.18
2016-03-30,1.14,1.21,1.07,1.17,86100,1.17
2016-03-29,1.18,1.21,1.14,1.16,68500,1.16
2016-03-28,1.25,1.30,1.19,1.19,20700,1.19
2016-03-24,1.23,1.37,1.20,1.24,50000,1.24
2016-03-23,1.29,1.29,1.20,1.20,34100,1.20
2016-03-22,1.33,1.33,1.25,1.25,30000,1.25
2016-03-21,1.37,1.41,1.30,1.30,25500,1.30
2016-03-18,1.49,1.52,1.33,1.35,105300,1.35
2016-03-17,1.30,1.48,1.30,1.42,69000,1.42
2016-03-16,1.33,1.37,1.26,1.31,37000,1.31
2016-03-15,1.27,1.35,1.27,1.32,25100,1.32
2016-03-14,1.45,1.45,1.26,1.27,33600,1.27
2016-03-11,1.46,1.53,1.44,1.48,31300,1.48
2016-03-10,1.53,1.64,1.46,1.46,18500,1.46
2016-03-09,1.57,1.61,1.53,1.55,14700,1.55
2016-03-08,1.70,1.70,1.53,1.54,44100,1.54
2016-03-07,1.61,1.71,1.61,1.71,64700,1.71
2016-03-04,1.51,1.88,1.51,1.59,182100,1.59
2016-03-03,1.46,1.55,1.46,1.55,83900,1.55
2016-03-02,1.46,1.51,1.45,1.49,45500,1.47
2016-03-01,1.33,1.59,1.31,1.43,235000,1.410805
2016-02-29,1.21,1.43,1.18,1.30,164000,1.28255
2016-02-26,1.17,1.22,1.10,1.21,40800,1.193758
2016-02-25,1.18,1.21,1.09,1.17,37900,1.154295
2016-02-24,1.03,1.22,0.96,1.18,268400,1.164161
2016-02-23,1.09,1.09,0.99,1.00,41700,0.986577
2016-02-22,1.04,1.09,1.04,1.09,35400,1.075369
2016-02-19,1.08,1.08,0.99,1.04,22700,1.02604
2016-02-18,1.12,1.12,1.03,1.07,52000,1.055638
2016-02-17,1.01,1.15,1.01,1.09,50200,1.075369
2016-02-16,1.00,1.02,0.95,1.00,57800,0.986577
2016-02-12,0.93,1.00,0.92,0.99,53400,0.976711
2016-02-11,0.91,0.98,0.91,0.96,25800,0.947114
2016-02-10,0.96,0.98,0.90,0.93,32200,0.917517
2016-02-09,1.01,1.01,0.85,0.98,52400,0.966846
2016-02-08,1.10,1.10,0.97,1.01,52600,0.996443
2016-02-05,1.22,1.22,1.14,1.15,61300,1.134564
2016-02-04,1.19,1.25,1.19,1.20,22600,1.183893
2016-02-03,1.09,1.20,0.96,1.17,26300,1.154295
2016-02-02,1.13,1.16,1.06,1.06,24000,1.045772
2016-02-01,1.19,1.19,1.13,1.14,10800,1.124698
2016-01-29,1.10,1.20,1.10,1.19,46400,1.174027
2016-01-28,1.13,1.13,1.07,1.10,21700,1.085235
2016-01-27,1.17,1.19,1.09,1.11,37400,1.095101
2016-01-26,1.23,1.25,1.08,1.16,85100,1.144429
2016-01-25,1.33,1.33,1.20,1.21,31400,1.193758
2016-01-22,1.36,1.45,1.32,1.34,221500,1.322013
2016-01-21,1.36,1.37,1.30,1.32,75600,1.302282
2016-01-20,1.27,1.44,1.21,1.37,202800,1.351611
2016-01-19,1.49,1.49,1.26,1.29,38400,1.272684
2016-01-15,1.51,1.51,1.42,1.48,117500,1.460134
2016-01-14,1.41,1.58,1.38,1.55,60100,1.529195
2016-01-13,1.37,1.47,1.31,1.40,152200,1.381208
2016-01-12,1.38,1.39,1.29,1.37,43200,1.351611
2016-01-11,1.39,1.39,1.29,1.36,70000,1.341745
2016-01-08,1.38,1.42,1.37,1.39,157100,1.371342
2016-01-07,1.37,1.41,1.33,1.38,66900,1.361476
2016-01-06,1.38,1.44,1.36,1.40,98700,1.381208
2016-01-05,1.41,1.44,1.33,1.41,44100,1.391074
2016-01-04,1.36,1.39,1.27,1.38,100600,1.361476
2015-12-31,1.23,1.37,1.23,1.34,55400,1.322013
2015-12-30,1.38,1.38,1.19,1.21,185500,1.193758
2015-12-29,1.45,1.49,1.33,1.35,122100,1.331879
2015-12-28,1.51,1.51,1.37,1.41,96300,1.391074
2015-12-24,1.51,1.58,1.50,1.51,35700,1.489731
2015-12-23,1.43,1.60,1.43,1.58,65600,1.558792
2015-12-22,1.27,1.44,1.26,1.43,86500,1.410805
2015-12-21,1.38,1.38,1.26,1.32,46600,1.302282
2015-12-18,1.39,1.47,1.32,1.32,192500,1.302282
2015-12-17,1.41,1.46,1.39,1.39,30700,1.371342
2015-12-16,1.32,1.50,1.32,1.47,73500,1.450268
2015-12-15,1.44,1.48,1.29,1.35,105700,1.331879
2015-12-14,1.54,1.55,1.44,1.44,86800,1.420671
2015-12-11,1.59,1.61,1.54,1.54,52200,1.519329
2015-12-10,1.66,1.70,1.59,1.68,58800,1.65745
2015-12-09,1.70,1.74,1.66,1.67,23600,1.647584
2015-12-08,1.52,1.70,1.49,1.69,78100,1.667315
2015-12-07,1.74,1.74,1.55,1.56,88100,1.53906
2015-12-04,1.76,1.77,1.73,1.75,35100,1.72651
2015-12-03,1.75,1.89,1.73,1.77,44800,1.746242
2015-12-02,1.77,1.80,1.76,1.76,16200,1.736376
2015-12-01,1.83,1.85,1.78,1.80,49200,1.775839
2015-11-30,1.82,1.88,1.80,1.83,33300,1.785705
2015-11-27,1.82,1.88,1.80,1.82,13300,1.775947
2015-11-25,1.77,1.87,1.77,1.85,44700,1.805221
2015-11-24,1.85,1.86,1.78,1.83,37100,1.785705
2015-11-23,1.76,1.98,1.76,1.84,61000,1.795463
2015-11-20,1.86,1.92,1.75,1.76,64300,1.717399
2015-11-19,1.95,2.01,1.82,1.85,55600,1.805221
2015-11-18,1.89,2.00,1.89,1.96,74200,1.912558
2015-11-17,1.96,1.99,1.91,1.93,19400,1.883284
2015-11-16,1.94,2.00,1.81,1.97,43100,1.922316
2015-11-13,1.86,2.00,1.86,1.91,33600,1.863768
2015-11-12,2.02,2.07,1.86,1.90,76700,1.85401
2015-11-11,2.09,2.15,1.94,2.09,50400,2.039411
2015-11-10,2.42,2.44,1.70,2.09,660600,2.039411
2015-11-09,2.55,2.58,2.38,2.45,158600,2.390698
2015-11-06,2.52,2.64,2.47,2.64,37200,2.576099
2015-11-05,2.57,2.61,2.52,2.57,23100,2.507793
2015-11-04,2.59,2.64,2.56,2.60,22700,2.537067
2015-11-03,2.58,2.75,2.57,2.59,85500,2.527309
2015-11-02,2.46,2.60,2.46,2.60,40500,2.537067
2015-10-30,2.45,2.53,2.44,2.47,19000,2.410213
2015-10-29,2.46,2.57,2.46,2.53,28400,2.468761
2015-10-28,2.36,2.57,2.36,2.56,39400,2.498035
2015-10-27,2.54,2.54,2.35,2.36,46100,2.302876
2015-10-26,2.65,2.69,2.55,2.57,24500,2.507793
2015-10-23,2.63,2.70,2.60,2.68,29200,2.61513
2015-10-22,2.60,2.65,2.53,2.62,21800,2.556583
2015-10-21,2.61,2.64,2.53,2.58,25700,2.517551
2015-10-20,2.61,2.63,2.60,2.63,15700,2.566341
2015-10-19,2.69,2.75,2.60,2.63,88700,2.566341
2015-10-16,2.57,2.66,2.52,2.65,46000,2.585857
2015-10-15,2.46,2.58,2.36,2.56,55400,2.498035
2015-10-14,2.53,2.58,2.45,2.45,27000,2.390698
2015-10-13,2.60,2.64,2.44,2.52,54200,2.459003
2015-10-12,2.78,2.78,2.56,2.62,44300,2.556583
2015-10-09,2.81,2.81,2.75,2.76,59000,2.693194
2015-10-08,2.34,2.83,2.33,2.81,152300,2.741984
2015-10-07,2.24,2.37,2.18,2.35,92200,2.293118
2015-10-06,2.18,2.25,2.17,2.23,59600,2.176023
2015-10-05,2.10,2.25,2.07,2.16,74600,2.107717
2015-10-02,1.90,2.12,1.83,2.09,73700,2.039411
2015-10-01,1.95,1.97,1.88,1.91,42700,1.863768
2015-09-30,2.08,2.23,1.89,1.89,174500,1.844252
2015-09-29,2.10,2.13,2.06,2.11,81900,2.058927
2015-09-28,2.17,2.17,2.09,2.10,45400,2.049169
2015-09-25,2.30,2.30,2.20,2.20,42800,2.146749
2015-09-24,2.18,2.31,2.10,2.25,50400,2.195539
2015-09-23,2.41,2.41,2.17,2.17,46900,2.117475
2015-09-22,2.45,2.48,2.30,2.39,42400,2.33215
2015-09-21,2.37,2.83,2.31,2.48,156000,2.419971
2015-09-18,2.32,2.41,2.26,2.30,132700,2.244328
2015-09-17,2.40,2.46,2.33,2.35,33500,2.293118
2015-09-16,2.30,2.48,2.30,2.39,77800,2.33215
2015-09-15,2.21,2.34,2.21,2.31,42500,2.254086
2015-09-14,2.39,2.39,2.14,2.19,133100,2.136991
2015-09-11,2.46,2.46,2.36,2.37,66400,2.312634
2015-09-10,2.38,2.38,2.25,2.35,59300,2.293118
2015-09-09,2.43,2.60,2.35,2.36,147300,2.302876
2015-09-08,2.43,2.43,2.36,2.39,73100,2.33215
2015-09-04,2.49,2.50,2.37,2.38,68700,2.322392
2015-09-03,2.37,2.73,2.37,2.49,92800,2.429729
2015-09-02,2.57,2.57,2.33,2.39,89000,2.33215
2015-09-01,2.72,2.72,2.43,2.46,115900,2.400456
2015-08-31,3.00,3.01,2.79,2.82,85900,2.732226
2015-08-28,2.68,3.03,2.51,3.01,241500,2.916312
2015-08-27,2.67,2.77,2.66,2.72,56800,2.635338
2015-08-26,2.84,2.84,2.67,2.68,73200,2.596583
2015-08-25,2.87,2.87,2.62,2.80,125000,2.712848
2015-08-24,2.99,3.12,2.77,2.77,104100,2.683782
2015-08-21,2.99,3.12,2.99,3.10,72400,3.003511
2015-08-20,3.26,3.26,3.13,3.14,56600,3.042266
2015-08-19,3.39,3.40,3.22,3.33,21900,3.226352
2015-08-18,3.62,3.62,3.35,3.40,29400,3.294173
2015-08-17,3.58,3.64,3.46,3.56,62000,3.449193
2015-08-14,3.53,3.62,3.53,3.59,30300,3.478259
2015-08-13,3.51,3.57,3.49,3.56,25400,3.449193
2015-08-12,3.54,3.61,3.44,3.49,42100,3.381372
2015-08-11,3.63,3.63,3.49,3.60,55000,3.487948
2015-08-10,3.85,3.91,3.17,3.67,113800,3.555769
2015-08-07,3.93,4.19,3.84,3.89,42200,3.768921
2015-08-06,3.96,4.19,3.96,3.99,38700,3.865809
2015-08-05,4.09,4.09,3.88,4.02,40200,3.894875
2015-08-04,4.02,4.34,4.02,4.06,89200,3.93363
2015-08-03,4.42,4.50,3.94,4.00,111900,3.875498
2015-07-31,4.47,4.47,4.28,4.45,41400,4.311491
2015-07-30,4.31,4.46,4.24,4.44,63100,4.301802
2015-07-29,4.12,4.44,4.08,4.34,58900,4.204915
2015-07-28,4.27,4.27,4.11,4.15,83100,4.020829
2015-07-27,4.26,4.33,4.12,4.27,32400,4.137094
2015-07-24,4.34,4.47,4.26,4.27,50500,4.137094
2015-07-23,4.36,4.53,4.27,4.38,45300,4.24367
2015-07-22,4.37,4.46,4.27,4.34,35300,4.204915
2015-07-21,4.39,4.56,4.24,4.34,36200,4.204915
2015-07-20,4.58,4.58,4.30,4.39,39200,4.253358
2015-07-17,4.69,4.73,4.52,4.55,47800,4.408379
2015-07-16,4.74,4.74,4.51,4.67,39600,4.524643
2015-07-15,4.77,4.90,4.67,4.73,72900,4.582776
2015-07-14,4.77,5.05,4.66,4.73,84600,4.582776
2015-07-13,4.57,4.85,4.57,4.81,110600,4.660286
2015-07-10,4.76,4.81,4.56,4.57,66700,4.427756
2015-07-09,4.66,5.05,4.57,4.73,249400,4.582776
2015-07-08,4.67,4.75,4.53,4.58,62700,4.437445
2015-07-07,4.51,4.77,4.44,4.71,214800,4.563398
2015-07-06,5.02,5.13,4.60,4.82,223400,4.669975
2015-07-02,5.31,5.35,5.04,5.06,76300,4.902504
2015-07-01,5.67,5.70,5.21,5.31,170200,5.144723
2015-06-30,5.98,6.15,5.64,5.66,158700,5.483829
2015-06-29,6.42,6.44,5.99,6.06,105200,5.871379
2015-06-26,6.63,6.64,6.13,6.34,1256000,6.142664
2015-06-25,6.60,6.62,6.46,6.62,146200,6.413948
2015-06-24,6.77,6.77,6.43,6.56,49700,6.355816
2015-06-23,6.73,6.80,6.66,6.75,60400,6.539902
2015-06-22,6.83,6.89,6.67,6.70,71700,6.491458
2015-06-19,6.91,6.94,6.72,6.80,44700,6.588346
2015-06-18,7.01,7.07,6.80,6.96,76300,6.743366
2015-06-17,6.92,7.15,6.80,7.00,89400,6.782121
2015-06-16,7.09,7.33,6.75,6.98,391200,6.762743
2015-06-15,6.60,7.32,6.55,7.10,356600,6.879008
2015-06-12,6.41,6.41,6.38,6.38,10000,6.181419
2015-06-11,6.28,6.47,6.15,6.42,51100,6.220174
2015-06-10,6.23,6.29,6.22,6.28,10600,6.084531
2015-06-09,6.26,6.28,6.19,6.20,11000,6.007021
2015-06-08,6.27,6.29,6.18,6.19,9300,5.997333
2015-06-05,6.20,6.29,6.17,6.24,16500,6.045776
2015-06-04,6.23,6.29,6.18,6.20,15800,6.007021
2015-06-03,6.38,6.38,6.23,6.26,20300,6.045776
2015-06-02,6.26,6.48,6.26,6.37,27700,6.152012
2015-06-01,6.39,6.45,6.27,6.30,16700,6.084408
2015-05-29,6.37,6.55,6.32,6.39,36200,6.171327
2015-05-28,6.18,6.41,6.18,6.34,44300,6.123039
2015-05-27,6.29,6.35,6.17,6.18,21800,5.968514
2015-05-26,6.16,6.49,6.10,6.23,79300,6.016803
2015-05-22,6.38,6.41,6.28,6.31,21200,6.094065
2015-05-21,6.57,6.63,6.38,6.38,27700,6.16167
2015-05-20,6.50,6.60,6.50,6.51,12700,6.287221
2015-05-19,6.55,6.66,6.46,6.55,59700,6.325852
2015-05-18,6.49,6.67,6.38,6.61,68300,6.383799
2015-05-15,6.50,6.55,6.36,6.53,15300,6.306537
2015-05-14,6.54,6.54,6.43,6.44,22800,6.219616
2015-05-13,6.58,6.58,6.45,6.50,18900,6.277563
2015-05-12,6.30,6.59,6.30,6.52,10200,6.296879
2015-05-11,6.38,6.45,6.29,6.43,15700,6.209958
2015-05-08,6.51,6.51,6.28,6.46,30400,6.238932
2015-05-07,6.53,6.58,6.34,6.53,26000,6.306537
2015-05-06,6.59,6.59,6.50,6.51,13300,6.287221
2015-05-05,6.64,6.64,6.47,6.50,21300,6.277563
2015-05-04,6.59,6.69,6.56,6.67,10500,6.441746
2015-05-01,6.50,6.66,6.50,6.61,19700,6.383799
2015-04-30,6.56,6.72,6.48,6.53,25300,6.306537
2015-04-29,6.60,6.75,6.60,6.71,18000,6.480377
2015-04-28,6.81,6.81,6.47,6.63,35700,6.403115
2015-04-27,6.69,6.79,6.68,6.79,21100,6.557639
2015-04-24,6.75,6.75,6.65,6.73,14300,6.499692
2015-04-23,6.83,6.89,6.72,6.73,38200,6.499692
2015-04-22,6.75,6.84,6.64,6.71,17300,6.480377
2015-04-21,6.70,6.87,6.64,6.73,78700,6.499692
2015-04-20,6.43,6.87,6.43,6.74,160400,6.50935
2015-04-17,6.59,6.60,6.43,6.44,30800,6.219616
2015-04-16,6.52,6.68,6.46,6.60,62600,6.374141
2015-04-15,6.46,6.55,6.39,6.46,36900,6.238932
2015-04-14,6.55,6.55,6.47,6.50,18400,6.277563
2015-04-13,6.42,6.55,6.41,6.54,24900,6.316194
2015-04-10,6.36,6.48,6.31,6.36,26200,6.142354
2015-04-09,6.38,6.53,6.30,6.37,65200,6.152012
2015-04-08,6.35,6.36,6.30,6.35,18800,6.132696
2015-04-07,6.35,6.40,6.33,6.36,22300,6.142354
2015-04-06,6.37,6.40,6.25,6.40,20300,6.180985
2015-04-02,6.17,6.38,6.17,6.35,19700,6.132696
2015-04-01,6.16,6.48,6.16,6.32,56100,6.103723
2015-03-31,6.18,6.27,6.14,6.23,36800,6.016803
2015-03-30,6.10,6.20,6.08,6.17,54700,5.958856
2015-03-27,5.85,6.16,5.85,6.12,113900,5.910567
2015-03-26,5.80,6.03,5.72,5.85,29500,5.649807
2015-03-25,5.79,5.98,5.75,5.75,28300,5.553229
2015-03-24,5.74,5.93,5.74,5.75,26200,5.553229
2015-03-23,5.85,5.99,5.72,5.79,41300,5.59186
2015-03-20,5.93,6.00,5.81,5.84,72700,5.640149
2015-03-19,5.98,6.06,5.93,5.95,38200,5.746385
2015-03-18,6.07,6.14,5.88,5.99,77700,5.785016
2015-03-17,6.07,6.18,6.03,6.10,28700,5.891251
2015-03-16,6.02,6.13,5.90,6.05,46000,5.842963
2015-03-13,6.15,6.18,6.06,6.06,19300,5.85262
2015-03-12,6.13,6.18,6.07,6.16,9000,5.949198
2015-03-11,6.16,6.17,6.02,6.11,14500,5.900909
2015-03-10,6.18,6.25,6.13,6.13,13000,5.920225
2015-03-09,6.31,6.33,6.21,6.21,17900,5.997487
2015-03-06,6.26,6.33,6.23,6.28,23200,6.065092
2015-03-05,6.26,6.30,6.21,6.29,22300,6.07475
2015-03-04,6.26,6.30,6.22,6.27,20300,6.036118
2015-03-03,6.31,6.35,6.26,6.28,18300,6.045745
2015-03-02,6.28,6.39,6.28,6.39,17700,6.151642
2015-02-27,6.42,6.42,6.26,6.26,7800,6.026491
2015-02-26,6.35,6.40,6.17,6.37,31900,6.132388
2015-02-25,6.31,6.39,6.30,6.36,19500,6.122761
2015-02-24,6.29,6.33,6.23,6.31,26200,6.074626
2015-02-23,6.36,6.40,6.28,6.33,27700,6.09388
2015-02-20,6.37,6.41,6.30,6.41,22900,6.170896
2015-02-19,6.12,6.39,6.12,6.39,25100,6.151642
2015-02-18,6.11,6.23,6.06,6.15,24700,5.920595
2015-02-17,5.92,6.20,5.89,6.12,17100,5.891713
2015-02-13,6.03,6.03,5.87,5.91,26200,5.689547
2015-02-12,5.99,6.01,5.87,5.98,16100,5.756936
2015-02-11,5.70,5.86,5.70,5.86,16500,5.641412
2015-02-10,5.95,6.11,5.78,5.80,42400,5.58365
2015-02-09,5.74,5.96,5.66,5.91,32300,5.689547
2015-02-06,5.88,5.88,5.77,5.79,27600,5.574023
2015-02-05,5.67,5.89,5.66,5.88,12100,5.660666
2015-02-04,5.73,5.91,5.63,5.71,9500,5.497007
2015-02-03,5.54,5.84,5.54,5.83,20100,5.612531
2015-02-02,5.70,5.70,5.49,5.55,21900,5.342976
2015-01-30,5.76,5.80,5.70,5.72,10000,5.506634
2015-01-29,5.84,5.84,5.70,5.70,5500,5.48738
2015-01-28,5.78,5.88,5.73,5.88,26800,5.660666
2015-01-27,5.85,5.85,5.58,5.78,23900,5.564396
2015-01-26,5.57,5.79,5.52,5.77,31700,5.554769
2015-01-23,5.52,5.53,5.47,5.53,9300,5.323722
2015-01-22,5.31,5.52,5.31,5.52,15500,5.314094
2015-01-21,5.24,5.32,5.21,5.31,15200,5.111928
2015-01-20,5.49,5.49,5.28,5.32,50300,5.121555
2015-01-16,5.50,5.61,5.50,5.59,23500,5.381484
2015-01-15,5.51,5.58,5.51,5.56,14300,5.352602
2015-01-14,5.64,5.64,5.52,5.61,22800,5.400737
2015-01-13,5.69,5.71,5.61,5.70,23000,5.48738
2015-01-12,5.90,5.90,5.62,5.70,29800,5.48738
2015-01-09,5.93,5.94,5.84,5.93,16700,5.708801
2015-01-08,5.93,6.00,5.86,5.93,30900,5.708801
2015-01-07,6.07,6.10,5.93,5.95,32400,5.728055
2015-01-06,6.44,6.47,6.04,6.06,41800,5.833952
2015-01-05,6.56,6.60,6.41,6.45,23400,6.209404
2015-01-02,6.39,6.60,6.36,6.54,32300,6.296047
2014-12-31,6.27,6.43,6.24,6.41,40200,6.170896
2014-12-30,6.32,6.36,6.15,6.33,40200,6.09388
2014-12-29,6.29,6.58,6.21,6.34,119700,6.103507
2014-12-26,6.04,6.28,6.04,6.28,37500,6.045745
2014-12-24,5.97,6.05,5.92,6.04,21100,5.814698
2014-12-23,5.98,6.01,5.94,5.98,32800,5.756936
2014-12-22,5.65,6.00,5.65,5.91,35500,5.689547
2014-12-19,5.53,5.90,5.51,5.66,169000,5.448872
2014-12-18,5.66,5.75,5.40,5.58,58800,5.371856
2014-12-17,5.53,5.66,5.36,5.64,53500,5.429618
2014-12-16,5.43,5.73,5.43,5.50,56400,5.294841
2014-12-15,5.78,5.78,5.43,5.49,75300,5.285213
2014-12-12,5.89,5.92,5.75,5.78,50700,5.564396
2014-12-11,6.06,6.10,5.82,5.88,80500,5.660666
2014-12-10,6.07,6.10,6.06,6.08,54500,5.853205
2014-12-09,6.05,6.13,6.00,6.09,31300,5.862833
2014-12-08,6.01,6.10,6.01,6.06,24700,5.833952
2014-12-05,5.98,6.13,5.98,6.08,42400,5.853205
2014-12-04,6.16,6.16,5.96,6.02,26100,5.795444
2014-12-03,5.96,6.18,5.93,6.14,35400,5.910967
2014-12-02,5.88,5.98,5.82,5.96,24700,5.737682
2014-12-01,5.74,5.85,5.73,5.83,44700,5.593277
2014-11-28,6.05,6.05,5.75,5.77,28800,5.535714
2014-11-26,6.11,6.15,6.07,6.11,15400,5.861908
2014-11-25,6.10,6.20,6.07,6.17,30800,5.919472
2014-11-24,6.00,6.22,5.99,6.20,65200,5.948254
2014-11-21,5.95,6.10,5.94,6.00,54600,5.756375
2014-11-20,5.88,5.90,5.81,5.88,60600,5.641247
2014-11-19,5.77,5.90,5.72,5.74,58300,5.506931
2014-11-18,5.96,5.99,5.72,5.76,38800,5.52612
2014-11-17,5.77,6.10,5.73,5.95,84800,5.708405
2014-11-14,5.63,5.84,5.63,5.78,23900,5.545308
2014-11-13,5.75,5.85,5.64,5.65,23800,5.420586
2014-11-12,5.86,5.89,5.71,5.75,43300,5.516526
2014-11-11,5.77,5.85,5.63,5.84,49800,5.602871
2014-11-10,5.70,5.91,5.69,5.80,29700,5.564496
2014-11-07,5.85,6.03,5.70,5.70,50300,5.468556
2014-11-06,5.76,5.86,5.73,5.86,26600,5.622059
2014-11-05,5.73,5.89,5.61,5.85,20000,5.612465
2014-11-04,5.89,5.93,5.65,5.67,30100,5.439774
2014-11-03,5.93,6.05,5.89,5.94,39300,5.698811
2014-10-31,5.95,6.22,5.89,5.92,61000,5.679623
2014-10-30,5.60,6.11,5.60,5.94,94200,5.698811
2014-10-29,5.52,5.66,5.52,5.60,16400,5.372616
2014-10-28,5.58,5.63,5.48,5.63,34500,5.401398
2014-10-27,5.67,5.67,5.42,5.45,32300,5.228707
2014-10-24,5.58,5.90,5.58,5.72,32900,5.487744
2014-10-23,5.61,5.66,5.53,5.62,60400,5.391804
2014-10-22,5.63,5.69,5.60,5.61,59500,5.38221
2014-10-21,5.56,5.68,5.53,5.68,63300,5.449368
2014-10-20,5.86,5.92,5.50,5.50,115200,5.276677
2014-10-17,5.32,5.80,5.31,5.79,102000,5.554901
2014-10-16,5.03,5.57,5.03,5.19,117400,4.979264
2014-10-15,5.00,5.15,4.93,5.04,87400,4.835355
2014-10-14,5.01,5.09,4.85,5.07,86100,4.864137
2014-10-13,5.09,5.15,4.71,4.81,188800,4.614694
2014-10-10,5.30,5.34,5.04,5.06,100800,4.854543
2014-10-09,5.47,5.52,5.23,5.26,92200,5.046422
2014-10-08,5.88,5.88,5.52,5.55,108400,5.324647
2014-10-07,5.92,6.10,5.83,5.83,137900,5.593277
2014-10-06,6.04,6.07,5.90,6.01,59500,5.765969
2014-10-03,6.26,6.27,6.06,6.08,52800,5.833126
2014-10-02,6.21,6.22,6.09,6.19,29000,5.93866
2014-10-01,6.59,6.59,6.14,6.21,91300,5.957848
2014-09-30,6.72,6.72,6.53,6.53,81600,6.264855
2014-09-29,6.65,6.79,6.62,6.69,31100,6.418358
2014-09-26,6.92,6.96,6.56,6.65,275100,6.379982
2014-09-25,6.89,6.96,6.85,6.94,18800,6.658207
2014-09-24,6.86,6.90,6.82,6.86,48900,6.581455
2014-09-23,7.12,7.26,6.80,6.90,96200,6.619831
2014-09-22,7.12,7.29,7.07,7.07,83100,6.782928
2014-09-19,7.31,7.34,7.11,7.21,104600,6.917244
2014-09-18,7.31,7.34,7.25,7.26,18800,6.965213
2014-09-17,7.56,7.63,7.25,7.27,72300,6.974807
2014-09-16,7.60,7.60,7.55,7.60,32700,7.291408
2014-09-15,7.49,7.65,7.44,7.60,44600,7.291408
2014-09-12,7.26,7.49,7.21,7.45,62800,7.147498
2014-09-11,7.17,7.32,7.12,7.29,47100,6.993995
2014-09-10,7.51,7.51,7.15,7.17,121700,6.878868
2014-09-09,7.70,7.71,7.41,7.52,67700,7.214656
2014-09-08,7.74,7.84,7.68,7.77,57100,7.454505
2014-09-05,7.87,7.91,7.71,7.72,47200,7.406535
2014-09-04,7.90,8.00,7.77,7.93,120100,7.608008
2014-09-03,7.93,8.10,7.80,7.81,62800,7.492881
2014-09-02,7.98,8.22,7.74,7.95,166700,7.627196
2014-08-29,7.69,7.94,7.69,7.88,94700,7.540851
2014-08-28,7.55,7.85,7.54,7.83,60200,7.493003
2014-08-27,7.75,7.87,7.56,7.61,93300,7.282471
2014-08-26,7.80,7.95,7.65,7.82,146200,7.483433
2014-08-25,7.89,7.89,7.60,7.76,110500,7.426016
2014-08-22,7.59,7.94,7.40,7.76,300800,7.426016
2014-08-21,7.18,7.54,7.15,7.50,261500,7.177206
2014-08-20,6.82,7.19,6.81,7.18,314500,6.870978
2014-08-19,6.85,6.85,6.76,6.80,57800,6.507333
2014-08-18,6.78,6.87,6.71,6.82,33900,6.526472
2014-08-15,6.76,6.85,6.71,6.78,45000,6.488194
2014-08-14,6.80,6.86,6.73,6.84,31200,6.545612
2014-08-13,6.90,6.90,6.64,6.76,64100,6.469055
2014-08-12,6.92,6.97,6.86,6.93,61800,6.631738
2014-08-11,6.70,6.96,6.70,6.93,117100,6.631738
2014-08-08,6.77,6.88,6.68,6.73,68400,6.440346
2014-08-07,6.72,6.91,6.70,6.76,99300,6.469055
2014-08-06,6.70,6.75,6.66,6.74,37500,6.449915
2014-08-05,6.65,6.70,6.46,6.70,104100,6.411637
2014-08-04,6.54,6.79,6.50,6.69,119800,6.402067
2014-08-01,6.46,6.58,6.45,6.53,103800,6.248954
2014-07-31,6.63,6.67,6.51,6.58,69300,6.296802
2014-07-30,6.85,6.85,6.63,6.68,107600,6.392498
2014-07-29,6.65,7.09,6.65,6.82,231800,6.526472
2014-07-28,6.84,6.87,6.54,6.65,124900,6.363789
2014-07-25,6.68,6.85,6.63,6.83,74700,6.536042
2014-07-24,6.70,6.78,6.55,6.70,91800,6.411637
2014-07-23,6.90,6.95,6.72,6.77,77800,6.478624
2014-07-22,6.82,7.12,6.82,6.90,144000,6.603029
2014-07-21,6.81,6.81,6.61,6.80,108400,6.507333
2014-07-18,6.77,6.89,6.74,6.83,90900,6.536042
2014-07-17,6.77,6.84,6.77,6.80,165500,6.507333
2014-07-16,6.89,6.90,6.80,6.85,134900,6.555181
2014-07-15,6.92,6.97,6.80,6.81,152900,6.516903
2014-07-14,6.93,7.03,6.90,6.93,187200,6.631738
2014-07-11,6.97,7.20,6.90,6.97,167700,6.670016
2014-07-10,7.00,7.03,6.90,6.97,169900,6.670016
2014-07-09,7.08,7.15,6.97,7.00,147600,6.698725
2014-07-08,7.28,7.28,6.89,7.03,277700,6.727434
2014-07-07,7.50,7.63,7.15,7.30,474100,6.985814
2014-07-03,7.11,7.55,7.04,7.44,373200,7.119788
2014-07-02,7.15,7.16,6.80,7.05,493900,6.746573
2014-07-01,6.47,7.27,6.46,7.15,998000,6.842269
2014-06-30,6.43,6.78,6.02,6.42,1407400,6.143688
2014-06-27,5.90,6.41,5.64,6.29,1532000,6.019283
2014-06-26,5.82,6.49,5.50,6.01,1061900,5.751334
2014-06-25,5.07,5.88,5.00,5.81,2111100,5.559942
2014-06-24,5.00,5.15,4.98,4.99,622300,4.775234
2014-06-23,5.05,5.10,4.99,5.00,295700,4.784804
2014-06-20,5.05,5.28,5.00,5.04,327300,4.823082
2014-06-19,5.15,5.23,5.02,5.04,159800,4.823082
2014-06-18,5.14,5.20,5.04,5.12,341400,4.899639
2014-06-17,5.10,5.24,5.10,5.15,92500,4.928348
2014-06-16,5.25,5.26,5.04,5.11,153200,4.890069
2014-06-13,5.30,5.53,5.10,5.20,175200,4.976196
2014-06-12,5.98,6.06,5.24,5.27,322900,5.043183
2014-06-11,6.38,6.65,5.85,5.93,191300,5.674777
2014-06-10,6.76,6.76,6.40,6.42,71900,6.143688
2014-06-09,6.00,6.80,5.94,6.70,123800,6.411637
2014-06-06,5.55,6.03,5.54,5.93,67000,5.674777
2014-06-05,5.76,5.76,5.55,5.56,55100,5.320702
2014-06-04,5.57,5.74,5.57,5.71,52300,5.445107
2014-06-03,5.52,5.62,5.50,5.57,19700,5.311602
2014-06-02,5.74,5.80,5.50,5.50,177300,5.244849
2014-05-30,5.69,5.75,5.57,5.74,32000,5.473715
2014-05-29,5.50,5.78,5.50,5.67,47600,5.406962
2014-05-28,5.75,5.75,5.52,5.61,51000,5.349746
2014-05-27,5.95,6.00,5.73,5.76,99600,5.492787
2014-05-23,6.00,6.12,5.98,5.99,57900,5.712117
2014-05-22,6.00,6.13,5.96,6.00,56800,5.721653
2014-05-21,6.13,6.16,5.74,6.02,87200,5.740725
2014-05-20,6.59,6.74,5.90,6.00,110100,5.721653
2014-05-19,6.93,7.01,6.55,6.57,68400,6.26521
2014-05-16,7.10,7.12,6.96,6.97,35300,6.646654
2014-05-15,7.23,7.38,7.10,7.12,23000,6.789695
2014-05-14,7.17,7.39,7.17,7.30,19000,6.961345
2014-05-13,7.00,7.32,7.00,7.20,23700,6.865984
2014-05-12,7.45,7.45,7.03,7.06,33900,6.732479
2014-05-09,7.31,7.58,7.31,7.45,15200,7.104386
2014-05-08,7.54,7.65,7.14,7.16,16100,6.827839
2014-05-07,7.64,7.68,7.45,7.50,20500,7.152067
2014-05-06,7.51,7.77,7.51,7.64,30600,7.285572
2014-05-05,7.23,7.62,7.12,7.61,42500,7.256964
2014-05-02,7.60,7.60,7.11,7.22,47200,6.885056
2014-05-01,7.55,7.55,7.47,7.47,16100,7.123458
2014-04-30,7.60,7.62,7.55,7.58,13200,7.228355
2014-04-29,7.63,7.70,7.59,7.59,21700,7.237891
2014-04-28,7.79,7.79,7.60,7.67,29000,7.31418
2014-04-25,7.80,7.97,7.62,7.80,26200,7.438149
2014-04-24,7.87,7.88,7.60,7.80,21200,7.438149
2014-04-23,7.95,8.00,7.74,7.83,25300,7.466757
2014-04-22,8.03,8.03,7.95,7.99,17900,7.619335
2014-04-21,8.00,8.02,7.88,8.01,18300,7.638407
2014-04-17,7.95,8.09,7.94,8.00,35200,7.628871
2014-04-16,7.97,8.02,7.82,7.95,27700,7.58119
2014-04-15,7.87,8.02,7.68,7.98,24700,7.609799
2014-04-14,8.00,8.04,7.84,7.85,42100,7.48583
2014-04-11,7.88,8.05,7.82,7.92,25600,7.552582
2014-04-10,7.91,8.28,7.91,8.00,92600,7.628871
2014-04-09,7.93,8.22,7.93,8.00,60300,7.628871
2014-04-08,8.08,8.16,7.89,7.97,57000,7.600262
2014-04-07,8.00,8.28,7.82,8.10,72400,7.724232
2014-04-04,8.38,8.39,8.14,8.20,57200,7.819593
2014-04-03,8.70,8.90,8.36,8.40,83300,8.010314
2014-04-02,8.87,8.93,8.74,8.79,61700,8.382222
2014-04-01,8.79,8.93,8.71,8.80,51000,8.391758
2014-03-31,8.94,9.21,8.78,8.82,63000,8.41083
2014-03-28,8.90,8.92,8.75,8.86,44200,8.448974
2014-03-27,8.95,9.00,8.75,8.86,42400,8.448974
2014-03-26,9.69,9.73,9.11,9.14,27600,8.715985
2014-03-25,9.71,9.90,9.62,9.65,22200,9.202325
2014-03-24,10.00,10.08,9.51,9.60,45500,9.154646
2014-03-21,11.00,11.07,10.02,10.05,68700,9.583769
2014-03-20,11.04,11.13,10.95,10.95,10800,10.442017
2014-03-19,11.10,11.26,10.76,11.01,41500,10.499234
2014-03-18,11.54,11.59,11.04,11.10,30900,10.585059
2014-03-17,11.30,12.24,11.16,11.47,53400,10.937894
2014-03-14,10.69,10.75,10.30,10.66,20800,10.16547
2014-03-13,10.60,10.93,10.44,10.63,52800,10.136862
2014-03-12,10.76,11.09,10.18,10.59,73800,10.098718
2014-03-11,11.20,11.69,10.51,10.69,155700,10.194078
2014-03-10,10.70,11.66,10.70,11.55,44800,11.014183
2014-03-07,10.93,11.10,10.74,10.75,38200,10.251295
2014-03-06,11.11,11.23,10.97,10.97,19400,10.46109
2014-03-05,11.15,11.18,10.96,11.11,24900,10.546913
2014-03-04,11.06,11.21,11.00,11.13,27100,10.5659
2014-03-03,10.99,11.27,10.81,11.03,34400,10.470968
2014-02-28,11.25,11.33,10.87,10.99,53000,10.432995
2014-02-27,11.42,11.42,11.21,11.23,25600,10.660831
2014-02-26,11.45,11.45,11.23,11.34,21900,10.765257
2014-02-25,11.34,11.46,11.04,11.34,34100,10.765257
2014-02-24,12.15,12.23,11.23,11.23,57000,10.660831
2014-02-21,11.75,12.32,11.74,12.25,24000,11.629135
2014-02-20,11.73,11.99,11.66,11.78,20300,11.182956
2014-02-19,12.07,12.07,11.66,11.73,35900,11.13549
2014-02-18,12.30,12.30,11.87,12.02,35700,11.410793
2014-02-14,11.80,12.94,11.77,12.44,34000,11.809505
2014-02-13,11.76,11.90,11.76,11.82,7300,11.220929
2014-02-12,12.20,12.23,11.56,11.79,29300,11.192449
2014-02-11,11.94,12.28,11.79,12.09,19900,11.477245
2014-02-10,11.71,12.16,11.71,11.95,47100,11.34434
2014-02-07,12.14,12.14,11.49,11.63,84800,11.040559
2014-02-06,12.47,12.59,11.81,12.07,71200,11.458258
2014-02-05,12.96,13.01,12.44,12.68,23900,12.037342
2014-02-04,13.10,13.24,12.63,12.97,24000,12.312644
2014-02-03,13.72,13.98,13.02,13.14,55600,12.474028
2014-01-31,14.00,14.40,13.96,14.15,10400,13.432837
2014-01-30,14.03,14.29,13.71,14.17,22000,13.451824
2014-01-29,14.24,14.47,14.10,14.19,5100,13.47081
2014-01-28,14.02,14.48,13.99,14.33,22100,13.603715
2014-01-27,14.38,14.50,14.04,14.08,17900,13.366386
2014-01-24,14.75,14.97,14.42,14.45,33100,13.717633
2014-01-23,14.86,14.87,14.26,14.80,34900,14.049894
2014-01-22,14.86,14.98,14.78,14.82,24200,14.06888
2014-01-21,14.82,15.00,14.75,14.90,22400,14.144825
2014-01-17,14.92,14.99,14.74,14.84,11200,14.087867
2014-01-16,15.00,15.08,14.90,15.01,11800,14.249251
2014-01-15,14.81,15.00,14.79,14.99,14000,14.230264
2014-01-14,15.00,15.13,14.85,14.99,14900,14.230264
2014-01-13,15.22,15.40,14.95,15.00,15100,14.239757
2014-01-10,15.32,15.44,15.08,15.22,19100,14.448607
2014-01-09,15.75,15.75,15.30,15.45,27200,14.66695
2014-01-08,15.76,16.030001,15.54,15.85,19900,15.046677
2014-01-07,15.83,15.99,15.30,15.85,69600,15.046677
2014-01-06,15.96,16.09,15.79,15.95,39400,15.141608
2014-01-03,16.00,16.00,15.73,15.84,29800,15.037184
2014-01-02,17.41,17.51,15.93,16.040001,79200,15.227048
2013-12-31,15.73,17.959999,15.42,17.58,135800,16.688996
2013-12-30,15.25,16.040001,15.04,15.23,73500,14.4581
2013-12-27,15.00,15.06,14.81,14.91,17100,14.154319
2013-12-26,15.01,15.25,14.72,15.01,30600,14.249251
2013-12-24,15.10,15.19,15.03,15.10,8400,14.334689
2013-12-23,14.66,15.77,14.66,15.20,63900,14.429621
2013-12-20,14.70,14.76,14.30,14.55,69400,13.812565
2013-12-19,14.91,14.91,14.60,14.60,13000,13.860031
2013-12-18,15.09,15.38,14.86,14.91,51500,14.154319
2013-12-17,15.35,15.35,15.01,15.20,117900,14.429621
2013-12-16,15.47,15.75,15.00,15.20,40500,14.429621
2013-12-13,14.70,15.90,14.62,15.28,55800,14.505566
2013-12-12,14.68,15.54,14.31,14.97,47800,14.211278
2013-12-11,15.16,15.36,14.65,14.83,26100,14.078373
2013-12-10,15.09,15.74,14.79,15.03,31900,14.268237
2013-12-09,15.20,15.50,14.74,15.17,27200,14.401141
2013-12-06,15.25,15.66,14.84,15.27,30800,14.496073
2013-12-05,14.72,15.42,14.48,15.18,20300,14.410635
2013-12-04,14.21,14.80,14.19,14.47,34700,13.73662
2013-12-03,14.58,14.77,14.17,14.28,21100,13.556249
2013-12-02,15.14,15.24,14.37,14.53,19800,13.746112
2013-11-29,15.15,15.50,15.08,15.29,8000,14.465111
2013-11-27,14.72,15.05,14.64,15.04,32600,14.228598
2013-11-26,15.02,15.09,14.70,14.81,13600,14.011007
2013-11-25,15.52,15.59,15.01,15.10,27000,14.285361
2013-11-22,15.43,15.70,15.11,15.52,18200,14.682703
2013-11-21,15.86,15.91,15.50,15.76,15500,14.909755
2013-11-20,16.299999,16.41,15.81,15.86,10600,15.004359
2013-11-19,16.719999,16.809999,16.299999,16.379999,22400,15.496305
2013-11-18,16.68,16.99,16.34,16.889999,35400,15.978791
2013-11-15,16.440001,16.790001,16.440001,16.52,9700,15.628753
2013-11-14,16.85,17.379999,16.52,16.74,79500,15.836884
2013-11-13,16.440001,17.26,16.18,16.76,48600,15.855805
2013-11-12,16.530001,17.24,16.08,16.43,55800,15.543608
2013-11-11,17.049999,17.52,16.52,16.60,43300,15.704437
2013-11-08,17.01,17.120001,16.559999,17.059999,24500,16.139619
2013-11-07,17.90,18.110001,16.77,17.00,44300,16.082857
2013-11-06,17.299999,18.129999,16.790001,18.049999,19000,17.076209
2013-11-05,17.85,18.16,17.299999,17.41,22100,16.470737
2013-11-04,18.120001,18.389999,17.709999,17.709999,8800,16.754552
2013-11-01,18.370001,18.67,17.959999,17.959999,15000,16.991064
2013-10-31,17.870001,18.459999,17.809999,18.370001,21900,17.378947
2013-10-30,18.540001,18.610001,18.08,18.10,23900,17.123513
2013-10-29,18.280001,18.42,17.92,18.290001,20800,17.303263
2013-10-28,18.709999,19.120001,18.370001,18.40,20900,17.407327
2013-10-25,19.48,19.74,18.809999,18.91,21500,17.889813
2013-10-24,19.18,19.48,18.74,19.360001,31100,18.315536
2013-10-23,19.43,19.700001,19.15,19.280001,14200,18.239852
2013-10-22,19.50,20.059999,19.02,19.280001,97700,18.239852
2013-10-21,19.16,19.860001,18.58,19.84,42000,18.76964
2013-10-18,19.219999,19.219999,18.58,19.049999,18000,18.02226
2013-10-17,18.66,19.290001,18.450001,19.25,23000,18.21147
2013-10-16,18.42,18.700001,18.40,18.629999,5500,17.624918
2013-10-15,18.59,18.709999,18.15,18.200001,12900,17.218118
2013-10-14,18.42,18.60,18.190001,18.459999,9800,17.46409
2013-10-11,18.610001,18.76,18.50,18.530001,4000,17.530315
2013-10-10,18.68,19.09,18.440001,18.629999,21400,17.624918
2013-10-09,18.540001,18.57,18.17,18.370001,19400,17.378947
2013-10-08,18.82,18.82,18.459999,18.58,17000,17.577616
2013-10-07,19.139999,19.34,18.629999,18.90,19800,17.880352
2013-10-04,19.290001,19.639999,19.290001,19.43,9400,18.38176
2013-10-03,19.940001,20.01,19.25,19.33,7500,18.287154
2013-10-02,19.620001,20.00,19.49,19.860001,6600,18.788562
2013-10-01,20.01,20.049999,19.540001,19.629999,3600,18.570969
2013-09-30,18.98,19.969999,18.940001,19.959999,41500,18.883165
2013-09-27,19.959999,20.040001,18.889999,19.049999,58200,18.02226
2013-09-26,20.120001,20.27,19.73,20.129999,11200,19.043994
2013-09-25,20.040001,20.190001,19.700001,20.02,28700,18.93993
2013-09-24,20.379999,20.379999,19.83,19.940001,20600,18.864246
2013-09-23,20.299999,20.620001,19.940001,20.18,31700,19.091297
2013-09-20,20.48,20.610001,19.91,20.34,38200,19.242665
2013-09-19,20.40,20.65,20.040001,20.48,27000,19.375112
2013-09-18,20.370001,20.379999,19.950001,20.33,23300,19.233205
2013-09-17,20.24,20.43,20.00,20.299999,17800,19.204823
2013-09-16,21.07,21.07,19.809999,20.190001,68900,19.100758
2013-09-13,20.33,20.790001,20.33,20.709999,47300,19.592703
2013-09-12,20.549999,20.690001,20.110001,20.26,34700,19.166981
2013-09-11,20.719999,21.08,20.440001,20.51,47200,19.403494
2013-09-10,20.27,20.879999,20.27,20.51,33700,19.403494
2013-09-09,19.83,20.219999,19.639999,20.139999,27400,19.053455
2013-09-06,19.700001,19.870001,19.549999,19.700001,28600,18.637194
2013-09-05,19.90,19.90,19.559999,19.65,41600,18.58989
2013-09-04,19.91,20.08,19.780001,19.940001,85400,18.864246
2013-09-03,19.92,19.950001,19.77,19.870001,47400,18.798022
2013-08-30,19.870001,19.950001,19.610001,19.719999,37100,18.608812
2013-08-29,19.719999,20.139999,19.719999,19.93,130800,18.806979
2013-08-28,19.90,19.93,19.629999,19.68,30300,18.571066
2013-08-27,19.65,19.98,19.52,19.85,101100,18.731487
2013-08-26,19.959999,20.00,19.799999,19.950001,64200,18.825853
2013-08-23,19.870001,20.00,19.709999,19.940001,69100,18.816416
2013-08-22,19.92,20.32,19.57,19.93,191600,18.806979
2013-08-21,19.85,20.01,19.74,19.91,122300,18.788106
2013-08-20,19.73,20.26,19.549999,19.85,227400,18.731487
2013-08-19,19.50,19.940001,19.209999,19.85,207200,18.731487
2013-08-16,19.42,19.700001,19.190001,19.700001,229100,18.58994
2013-08-15,19.450001,19.60,19.049999,19.540001,151200,18.438956
2013-08-14,19.549999,19.889999,19.200001,19.629999,187700,18.523883
2013-08-13,19.50,19.90,19.32,19.549999,409000,18.448391
2013-08-12,19.08,19.60,18.719999,19.59,193400,18.486138
2013-08-09,18.58,19.799999,18.24,19.370001,138100,18.278535
2013-08-08,18.309999,19.08,17.99,18.459999,335100,17.41981
2013-08-07,18.00,18.85,17.76,18.42,373800,17.382065
2013-08-06,18.01,18.540001,17.469999,18.139999,366800,17.117842
2013-08-05,18.620001,18.940001,17.870001,18.08,289500,17.061223
2013-08-02,16.99,18.99,16.309999,18.98,364700,17.91051
2013-08-01,15.79,17.09,15.71,17.030001,280100,16.07039
2013-07-31,15.71,16.40,15.14,15.82,127600,14.92857
2013-07-30,15.10,15.85,14.58,15.65,180600,14.768149
2013-07-29,14.26,15.75,14.05,15.07,100800,14.220831
2013-07-26,13.53,14.44,13.34,14.17,167200,13.371545
2013-07-25,13.25,13.55,13.25,13.49,38100,12.729862
2013-07-24,13.60,13.77,13.19,13.25,36100,12.503385
2013-07-23,13.73,13.80,13.65,13.65,14400,12.880846
2013-07-22,13.93,14.00,13.64,13.64,20200,12.87141
2013-07-19,13.84,14.15,13.50,13.94,275200,13.154505
2013-07-18,13.73,13.92,13.73,13.83,61000,13.050703
2013-07-17,14.20,14.33,13.67,13.83,24400,13.050703
2013-07-16,14.05,14.17,13.78,14.12,18400,13.324362
2013-07-15,14.07,14.12,13.87,14.00,24600,13.211124
2013-07-12,13.99,14.11,13.84,14.11,14100,13.314926
2013-07-11,13.97,14.00,13.82,13.93,16300,13.145069
2013-07-10,13.94,13.94,13.67,13.83,26600,13.050703
2013-07-09,13.99,14.02,13.64,13.84,65400,13.06014
2013-07-08,13.99,14.01,13.78,13.78,32000,13.003521
2013-07-05,13.43,14.09,13.31,13.94,38200,13.154505
2013-07-03,13.43,13.62,13.37,13.42,13300,12.663806
2013-07-02,13.33,13.58,13.20,13.58,31000,12.81479
2013-07-01,13.79,13.79,13.12,13.33,46900,12.578878
2013-06-28,13.97,14.26,13.60,13.74,100900,12.965775
2013-06-27,14.35,14.35,13.81,14.16,32000,13.362108
2013-06-26,13.75,14.26,13.60,14.14,50400,13.343236
2013-06-25,13.02,13.83,13.02,13.70,43000,12.928029
2013-06-24,12.75,13.17,12.23,13.02,83700,12.286346
2013-06-21,12.64,13.20,12.24,13.01,73500,12.276909
2013-06-20,13.00,13.00,12.41,12.68,70800,11.965504
2013-06-19,14.01,14.05,13.00,13.19,55000,12.446766
2013-06-18,14.66,14.66,13.90,14.05,33700,13.258307
2013-06-17,15.70,15.70,14.52,14.59,42300,13.767879
2013-06-14,15.92,15.98,14.96,15.70,43800,14.815332
2013-06-13,15.92,16.030001,15.46,15.97,16700,15.070118
2013-06-12,16.309999,16.40,15.85,15.85,9400,14.95688
2013-06-11,15.95,16.35,15.95,16.309999,27300,15.390959
2013-06-10,16.219999,16.25,16.120001,16.219999,27900,15.306031
2013-06-07,15.85,16.18,15.54,16.08,28600,15.17392
2013-06-06,15.73,15.93,15.63,15.64,10000,14.758713
2013-06-05,15.60,15.86,15.51,15.75,12800,14.815332
2013-06-04,16.07,16.139999,15.61,15.72,14000,14.787113
2013-06-03,16.219999,16.219999,15.87,16.02,13800,15.06931
2013-05-31,16.059999,16.360001,16.040001,16.16,28000,15.201001
2013-05-30,16.00,16.209999,16.00,16.17,12500,15.210408
2013-05-29,16.030001,16.16,15.85,16.059999,11800,15.106935
2013-05-28,16.07,16.10,15.85,15.97,27300,15.022277
2013-05-24,15.99,15.99,15.71,15.80,12100,14.862365
2013-05-23,15.82,15.90,15.70,15.89,16200,14.947024
2013-05-22,15.76,16.00,15.76,15.90,16500,14.95643
2013-05-21,15.92,16.35,15.81,15.90,17400,14.95643
2013-05-20,16.280001,16.309999,15.90,15.99,20900,15.041089
2013-05-17,16.35,16.40,16.209999,16.40,12200,15.426758
2013-05-16,16.129999,16.389999,16.08,16.129999,15200,15.172781
2013-05-15,15.80,16.280001,15.80,16.280001,13000,15.31388
2013-05-14,15.79,16.08,15.79,15.97,12600,15.022277
2013-05-13,16.299999,16.309999,15.57,15.79,30300,14.852958
2013-05-10,16.33,16.41,16.219999,16.40,25500,15.426758
2013-05-09,16.610001,16.700001,16.219999,16.32,51000,15.351506
2013-05-08,16.49,16.60,16.42,16.59,12900,15.605483
2013-05-07,16.530001,16.60,16.51,16.58,14400,15.596077
2013-05-06,16.25,16.66,16.25,16.60,46600,15.61489
2013-05-03,16.25,16.389999,16.15,16.389999,12900,15.417351
2013-05-02,16.040001,16.15,15.70,16.110001,23600,15.153969
2013-05-01,16.32,16.32,15.74,15.95,18200,15.003463
2013-04-30,16.17,16.440001,16.17,16.34,6700,15.370319
2013-04-29,16.059999,16.379999,16.059999,16.33,2000,15.360913
2013-04-26,16.379999,16.389999,16.059999,16.23,15800,15.266847
2013-04-25,16.49,16.49,16.280001,16.43,9400,15.454978
2013-04-24,16.35,16.440001,16.24,16.43,6600,15.454978
2013-04-23,16.110001,16.35,16.08,16.35,11800,15.379726
2013-04-22,16.290001,16.290001,15.77,16.030001,21100,15.078716
2013-04-19,16.209999,16.35,16.00,16.309999,9200,15.342099
2013-04-18,16.02,16.030001,15.73,15.97,10700,15.022277
2013-04-17,16.02,16.25,15.89,15.98,9500,15.031683
2013-04-16,15.94,16.40,15.88,16.18,47800,15.219814
2013-04-15,15.95,15.95,15.44,15.75,51400,14.815332
2013-04-12,15.86,16.030001,15.86,15.94,8300,14.994056
2013-04-11,15.80,16.07,15.80,16.01,11000,15.059903
2013-04-10,15.67,15.89,15.48,15.86,18100,14.918804
2013-04-09,15.65,15.87,15.52,15.79,6600,14.852958
2013-04-08,15.55,15.65,15.52,15.60,13500,14.674234
2013-04-05,15.61,15.78,15.53,15.66,11300,14.730673
2013-04-04,16.10,16.10,15.71,15.79,13200,14.852958
2013-04-03,16.25,16.25,15.58,15.89,17900,14.947024
2013-04-02,16.23,16.26,15.83,16.040001,7100,15.088123
2013-04-01,15.85,16.10,15.80,15.99,15800,15.041089
2013-03-28,15.89,16.059999,15.78,16.049999,13100,15.097528
2013-03-27,15.73,15.96,15.61,15.89,20200,14.947024
2013-03-26,16.09,16.09,15.89,15.98,8500,15.031683
2013-03-25,16.24,16.24,15.99,15.99,9300,15.041089
2013-03-22,16.190001,16.23,16.129999,16.139999,2000,15.182187
2013-03-21,16.360001,16.41,16.15,16.25,13500,15.28566
2013-03-20,16.309999,16.620001,16.309999,16.469999,11600,15.492604
2013-03-19,16.25,16.450001,16.040001,16.26,12800,15.295067
2013-03-18,16.00,16.35,15.91,16.17,26900,15.210408
2013-03-15,16.60,16.700001,16.09,16.139999,26700,15.182187
2013-03-14,16.65,16.700001,16.48,16.690001,5600,15.699549
2013-03-13,16.67,16.709999,16.48,16.65,9300,15.661922
2013-03-12,16.59,16.709999,16.34,16.67,12200,15.680736
2013-03-11,16.50,16.83,16.50,16.780001,4900,15.784208
2013-03-08,16.870001,16.870001,16.50,16.65,11200,15.661922
2013-03-07,16.93,17.10,16.700001,16.889999,26200,15.887679
2013-03-06,16.530001,16.90,16.299999,16.889999,14600,15.840646
2013-03-05,16.24,16.559999,16.120001,16.48,7100,15.456119
2013-03-04,15.94,16.15,15.54,16.120001,8600,15.118487
2013-03-01,16.17,16.35,15.71,15.85,12200,14.865261
2013-02-28,16.18,16.41,16.17,16.280001,19100,15.268546
2013-02-27,15.68,16.27,15.68,16.15,5900,15.146622
2013-02-26,15.65,15.73,15.38,15.50,8100,14.537006
2013-02-25,15.92,15.92,15.38,15.56,19100,14.593278
2013-02-22,15.86,15.95,15.74,15.88,10000,14.893397
2013-02-21,16.290001,16.290001,15.66,15.83,28800,14.846503
2013-02-20,16.719999,16.77,16.200001,16.360001,23000,15.343576
2013-02-19,16.83,16.83,16.440001,16.82,117500,15.774996
2013-02-15,16.540001,16.66,16.52,16.620001,12700,15.587422
2013-02-14,16.780001,16.84,16.43,16.48,6900,15.456119
2013-02-13,16.77,16.889999,16.51,16.780001,16300,15.737482
2013-02-12,16.719999,16.91,16.110001,16.870001,44300,15.82189
2013-02-11,16.35,16.83,16.200001,16.76,22000,15.718724
2013-02-08,15.88,16.469999,15.82,16.299999,16900,15.287302
2013-02-07,15.74,15.85,15.38,15.82,20400,14.837124
2013-02-06,15.80,15.91,15.29,15.81,18000,14.827746
2013-02-05,15.67,15.96,15.51,15.96,19600,14.968427
2013-02-04,15.90,16.200001,15.58,15.66,18600,14.687065
2013-02-01,15.91,16.049999,15.65,16.030001,19100,15.034078
2013-01-31,15.67,15.92,15.19,15.71,48500,14.733959
2013-01-30,16.07,16.18,15.50,15.65,24300,14.677686
2013-01-29,16.02,16.35,16.02,16.120001,16200,15.118487
2013-01-28,15.70,16.059999,15.70,16.049999,12000,15.052834
2013-01-25,15.84,15.92,15.44,15.71,7600,14.733959
2013-01-24,15.92,15.96,15.70,15.83,11000,14.846503
2013-01-23,16.43,16.639999,15.74,15.92,25200,14.930912
2013-01-22,15.66,16.790001,15.66,16.370001,42000,15.352955
2013-01-18,15.29,15.67,15.09,15.56,20200,14.593278
2013-01-17,14.71,15.27,14.71,15.23,25800,14.28378
2013-01-16,14.69,14.87,14.61,14.61,20700,13.7023
2013-01-15,14.63,14.68,14.51,14.64,13100,13.730437
2013-01-14,14.70,14.88,14.51,14.58,20500,13.674164
2013-01-11,14.21,14.66,14.09,14.63,34600,13.721058
2013-01-10,14.30,14.37,14.07,14.13,26700,13.252122
2013-01-09,14.16,14.46,14.16,14.31,31600,13.420939
2013-01-08,13.47,14.41,13.47,14.06,59400,13.186471
2013-01-07,12.96,13.55,12.96,13.47,38600,12.633127
2013-01-04,12.80,13.00,12.80,12.96,48600,12.154813
2013-01-03,12.73,12.92,12.55,12.81,33000,12.014132
2013-01-02,12.73,12.88,12.58,12.74,46600,11.948481
2012-12-31,12.82,12.82,12.38,12.50,66700,11.723392
2012-12-28,12.70,12.90,12.70,12.80,61300,12.004753
2012-12-27,12.75,12.97,12.55,12.83,65700,12.032889
2012-12-26,12.82,13.30,12.62,12.67,133200,11.88283
2012-12-24,12.82,12.95,12.64,12.75,27500,11.95786
2012-12-21,12.39,12.93,12.25,12.83,217300,12.032889
2012-12-20,12.28,12.46,12.22,12.46,23600,11.685877
2012-12-19,12.38,12.44,12.25,12.40,15500,11.629604
2012-12-18,12.38,12.41,12.10,12.37,24900,11.601468
2012-12-17,12.16,12.40,12.00,12.35,62800,11.582711
2012-12-14,11.99,12.15,11.79,12.03,14500,11.282592
2012-12-13,11.75,11.95,11.67,11.94,24400,11.198183
2012-12-12,11.91,12.02,11.81,11.81,31900,11.076261
2012-12-11,11.92,11.95,11.77,11.85,21400,11.113776
2012-12-10,12.00,12.50,11.75,11.87,33600,11.132533
2012-12-07,11.96,12.11,11.80,12.06,19400,11.310729
2012-12-06,12.00,12.14,11.82,12.02,17300,11.273214
2012-12-05,12.00,12.09,12.00,12.01,11000,11.263835
2012-12-04,12.01,12.12,12.01,12.07,3200,11.273213
2012-12-03,12.00,12.17,12.00,12.05,17400,11.254534
2012-11-30,12.17,12.17,12.00,12.04,14900,11.245194
2012-11-29,12.06,12.17,12.00,12.06,13300,11.263874
2012-11-28,11.96,12.19,11.92,11.99,5200,11.198494
2012-11-27,11.97,12.11,11.93,11.97,14100,11.179815
2012-11-26,12.05,12.07,11.88,12.05,38700,11.254534
2012-11-23,12.25,12.26,12.10,12.18,2800,11.375952
2012-11-21,12.05,12.20,12.04,12.20,7600,11.394631
2012-11-20,12.09,12.09,12.00,12.02,13900,11.226514
2012-11-19,12.00,12.20,12.00,12.09,13000,11.291893
2012-11-16,11.91,11.95,11.79,11.87,11400,11.086416
2012-11-15,11.85,11.86,11.57,11.86,34900,11.077076
2012-11-14,11.86,11.94,11.82,11.85,16700,11.067737
2012-11-13,11.92,12.05,11.84,11.88,19400,11.095756
2012-11-12,11.70,12.12,11.61,11.90,68400,11.114435
2012-11-09,11.67,11.82,11.52,11.52,57700,10.759521
2012-11-08,11.96,11.96,11.64,11.71,22700,10.936978
2012-11-07,11.97,12.08,11.85,12.00,21200,11.207834
2012-11-06,11.90,12.12,11.89,12.10,13100,11.301233
2012-11-05,11.97,12.10,11.97,12.00,15700,11.207834
2012-11-02,12.75,12.75,11.92,12.01,18900,11.217174
2012-11-01,12.54,12.75,12.46,12.72,22400,11.880305
2012-10-31,12.33,12.71,12.31,12.51,14600,11.684167
2012-10-26,12.21,12.42,11.96,12.19,9700,11.385291
2012-10-25,12.20,12.35,12.09,12.22,37500,11.413311
2012-10-24,12.46,12.47,11.91,12.17,10900,11.366612
2012-10-23,11.85,12.34,11.85,12.22,29500,11.413311
2012-10-22,11.90,12.11,11.80,12.03,30500,11.235854
2012-10-19,12.17,12.17,11.79,11.99,24300,11.198494
2012-10-18,12.12,12.38,12.03,12.26,11600,11.450671
2012-10-17,12.14,12.40,12.08,12.28,28500,11.46935
2012-10-16,12.05,12.26,12.00,12.05,25300,11.254534
2012-10-15,12.35,12.57,12.03,12.05,31100,11.254534
2012-10-12,12.45,12.55,12.10,12.38,33500,11.562749
2012-10-11,11.98,12.45,11.97,12.37,27200,11.553409
2012-10-10,11.74,12.10,11.50,12.00,77200,11.207834
2012-10-09,12.02,12.15,11.62,11.80,14400,11.021037
2012-10-08,11.97,12.16,11.89,12.07,14400,11.273213
2012-10-05,12.22,12.42,11.81,11.97,27800,11.179815
2012-10-04,12.20,12.22,12.13,12.19,11700,11.385291
2012-10-03,12.12,12.32,12.12,12.20,21600,11.394631
2012-10-02,12.26,12.30,12.03,12.15,10700,11.347932
2012-10-01,12.13,12.28,11.83,12.22,17400,11.413311
2012-09-28,12.10,12.32,11.95,12.20,23200,11.394631
2012-09-27,11.84,12.29,11.79,12.12,37700,11.319912
2012-09-26,11.83,11.97,11.59,11.82,38600,11.039716
2012-09-25,12.04,12.30,11.80,11.90,17500,11.114435
2012-09-24,12.23,12.32,11.92,12.02,41300,11.226514
2012-09-21,12.81,12.82,12.18,12.29,75200,11.47869
2012-09-20,12.53,12.88,12.46,12.81,31800,11.964363
2012-09-19,12.51,12.75,12.51,12.59,16600,11.758886
2012-09-18,12.52,12.63,12.26,12.56,23100,11.730867
2012-09-17,12.51,12.73,12.25,12.57,15000,11.740206
2012-09-14,12.60,12.88,12.58,12.62,22100,11.786906
2012-09-13,12.12,12.88,12.12,12.50,31800,11.674827
2012-09-12,12.55,12.57,12.28,12.42,11900,11.600109
2012-09-11,12.56,12.68,12.47,12.59,13500,11.758886
2012-09-10,12.63,12.79,12.54,12.58,12100,11.749546
2012-09-07,12.59,12.98,12.45,12.71,13500,11.870964
2012-09-06,12.23,12.57,12.23,12.45,12700,11.628128
2012-09-05,12.17,12.71,12.14,12.22,61200,11.413311
2012-09-04,12.53,12.60,12.00,12.32,55100,11.460011
2012-08-31,12.73,12.80,12.46,12.61,31400,11.729767
2012-08-30,12.82,12.86,12.60,12.66,16300,11.776277
2012-08-29,12.80,13.04,12.67,12.79,35300,11.897203
2012-08-28,12.89,12.99,12.60,12.87,36700,11.971618
2012-08-27,12.99,13.04,12.72,12.89,17200,11.990223
2012-08-24,13.02,13.14,12.79,13.00,33000,12.092544
2012-08-23,12.90,13.40,12.61,12.94,61400,12.036732
2012-08-22,12.17,13.00,12.09,12.78,54200,11.887901
2012-08-21,12.85,12.85,12.13,12.29,39100,11.432105
2012-08-20,12.44,12.85,12.28,12.58,38400,11.701862
2012-08-17,12.41,12.41,12.06,12.28,19000,11.422803
2012-08-16,11.96,12.45,11.96,12.28,17500,11.422803
2012-08-15,11.90,12.05,11.56,12.01,30100,11.17165
2012-08-14,12.05,12.41,11.92,11.99,25600,11.153046
2012-08-13,12.56,12.56,11.76,11.99,23400,11.153046
2012-08-10,12.14,12.57,11.81,12.37,22200,11.506521
2012-08-09,11.59,12.43,11.51,12.21,52300,11.357689
2012-08-08,11.39,11.90,11.22,11.52,34500,10.715855
2012-08-07,11.52,11.69,11.15,11.35,26500,10.557721
2012-08-06,10.99,11.69,10.99,11.53,30400,10.725156
2012-08-03,11.20,11.33,10.86,10.96,34100,10.194945
2012-08-02,11.00,11.20,10.82,11.05,21500,10.278663
2012-08-01,11.23,11.23,10.96,10.96,18800,10.194945
2012-07-31,11.35,11.35,11.08,11.13,17200,10.353078
2012-07-30,11.36,11.65,11.17,11.28,40200,10.492607
2012-07-27,11.05,11.53,11.02,11.29,17500,10.501909
2012-07-26,11.06,11.35,10.88,11.05,43600,10.278663
2012-07-25,11.31,11.31,10.81,10.95,20500,10.185643
2012-07-24,11.80,11.96,11.00,11.07,75600,10.297266
2012-07-23,11.22,11.91,11.05,11.79,46300,10.967007
2012-07-20,12.47,12.51,11.11,11.37,77400,10.576325
2012-07-19,11.54,12.82,11.54,12.67,57600,11.785579
2012-07-18,11.11,11.68,11.11,11.52,16700,10.715855
2012-07-17,10.98,11.28,10.79,11.22,19000,10.436796
2012-07-16,11.09,11.12,10.71,11.04,20400,10.26936
2012-07-13,10.88,11.43,10.88,11.20,33300,10.418192
2012-07-12,12.13,12.13,10.67,11.02,81400,10.250757
2012-07-11,12.79,12.79,12.00,12.05,32100,11.208858
2012-07-10,13.11,13.11,12.69,12.82,24200,11.925108
2012-07-09,13.20,13.36,13.02,13.08,14200,12.16696
2012-07-06,13.06,13.35,13.05,13.28,14900,12.352999
2012-07-05,13.33,13.44,13.18,13.20,11400,12.278583
2012-07-03,13.42,13.50,13.40,13.42,10000,12.483226
2012-07-02,12.53,13.37,12.53,13.37,36700,12.436716
2012-06-29,13.25,13.36,12.16,12.49,126000,11.618144
2012-06-28,13.39,13.39,13.01,13.07,35100,12.157657
2012-06-27,13.48,13.51,13.27,13.39,27400,12.455321
2012-06-26,13.23,13.46,13.02,13.41,50500,12.473924
2012-06-25,13.19,13.33,12.95,13.12,66700,12.204167
2012-06-22,13.17,13.40,13.01,13.26,45900,12.334395
2012-06-21,13.33,13.33,12.88,13.05,12500,12.139054
2012-06-20,13.43,13.52,13.21,13.28,36300,12.352999
2012-06-19,13.23,13.39,13.09,13.29,34100,12.362301
2012-06-18,13.30,13.46,13.04,13.16,27100,12.241375
2012-06-15,13.21,13.36,12.97,13.22,39600,12.297187
2012-06-14,13.52,13.52,13.07,13.15,28200,12.232073
2012-06-13,13.40,13.57,12.98,13.46,76000,12.520434
2012-06-12,13.25,13.67,13.25,13.34,54100,12.408811
2012-06-11,13.84,13.93,13.15,13.34,43800,12.408811
2012-06-08,13.70,13.93,13.46,13.58,44100,12.632057
2012-06-07,13.87,14.95,13.59,13.83,52600,12.864606
2012-06-06,13.06,13.83,13.06,13.77,75000,12.762285
2012-06-05,13.50,13.50,12.78,12.98,47200,12.030098
2012-06-04,13.70,13.82,13.45,13.60,31700,12.604726
2012-06-01,14.02,14.14,13.31,13.57,41100,12.576921
2012-05-31,14.08,14.38,13.47,14.18,60000,13.142281
2012-05-30,15.01,15.01,13.70,14.00,143100,12.975453
2012-05-29,15.79,15.90,14.62,15.18,55900,14.069099
2012-05-25,16.309999,16.610001,16.00,16.110001,17800,14.93104
2012-05-24,15.19,16.860001,15.14,16.50,44500,15.292498
2012-05-23,14.93,15.44,14.82,15.21,44000,14.096903
2012-05-22,14.86,15.25,14.72,15.12,29000,14.013489
2012-05-21,14.63,14.95,14.59,14.90,40200,13.809589
2012-05-18,15.11,15.27,14.42,14.63,30300,13.559349
2012-05-17,15.87,15.88,15.02,15.25,32300,14.133976
2012-05-16,16.540001,16.75,15.86,16.00,23000,14.829089
2012-05-15,16.58,16.790001,16.280001,16.360001,44000,15.162744
2012-05-14,15.65,16.639999,15.45,16.440001,36000,15.23689
2012-05-11,16.66,18.129999,15.33,15.65,101200,14.504702
2012-05-10,51.039991,51.48,49.460009,50.00001,47400,15.446971
2012-05-09,50.360012,51.069992,50.360012,50.969999,27600,15.746639
2012-05-08,50.630013,51.540001,50.559992,51.350012,18900,15.86404
2012-05-07,51.279991,51.399988,50.949989,51.039991,9900,15.768262
2012-05-04,51.090002,51.830011,51.090002,51.200008,21600,15.817698
2012-05-03,51.629997,51.629997,51.00,51.48,17400,15.904198
2012-05-02,52.560001,52.560001,51.00,51.75,26100,15.987612
2012-05-01,53.559992,53.859987,52.74999,52.95999,31500,16.361425
2012-04-30,53.669998,54.110012,53.49999,54.050011,21300,16.698176
2012-04-27,53.52,53.969999,53.399998,53.529991,21300,16.537521
2012-04-26,52.95999,53.399998,52.800001,53.129997,29700,16.413947
2012-04-25,54.120003,54.120003,52.98999,52.98999,26700,16.370694
2012-04-24,53.300011,54.140013,53.049992,53.720009,24000,16.596225
2012-04-23,52.409998,53.439989,52.070011,53.219999,21000,16.441752
2012-04-20,51.659998,53.480009,51.549992,52.929989,21000,16.352157
2012-04-19,53.280001,53.280001,50.870012,51.159988,15600,15.805334
2012-04-18,51.230009,53.51001,51.230009,53.480009,41400,16.52208
2012-04-17,51.639988,51.639988,50.76,51.230009,39300,15.826966
2012-04-16,51.600002,51.840002,51.050011,51.780001,25800,15.99688
2012-04-13,50.889988,51.710009,50.040001,51.350012,22500,15.86404
2012-04-12,49.329992,51.830011,49.329992,51.48,32700,15.904198
2012-04-11,47.54001,49.74,47.240009,49.130013,132000,15.178195
2012-04-10,49.23,49.23,46.659991,47.10999,26700,14.55413
2012-04-09,49.899988,50.49999,48.77001,49.550011,40800,15.307948
2012-04-05,50.409988,51.230009,50.159998,50.930008,31200,15.734284
2012-04-04,50.00001,50.600012,48.99999,50.600012,84000,15.632335
2012-04-03,52.569992,53.079992,50.600012,50.679989,74100,15.657043
2012-04-02,52.77,53.439989,52.599993,52.98,31200,16.367607
2012-03-30,54.230009,54.230009,52.850012,53.049992,16800,16.38923
2012-03-29,53.97999,54.149998,52.940008,53.76,16200,16.60858
2012-03-28,54.75,54.75,54.02001,54.300001,8700,16.775407
2012-03-27,54.870003,55.460009,54.75,54.96999,18900,16.982393
2012-03-26,56.870012,57.99999,54.120003,55.029991,62100,17.00093
2012-03-23,56.129997,56.810011,56.129997,56.399998,9000,17.424179
2012-03-22,55.530001,55.95999,55.320002,55.860003,16800,17.257353
2012-03-21,56.420008,56.570011,55.700008,55.71999,5700,17.214098
2012-03-20,55.779991,56.49999,55.25001,56.00001,23400,17.300607
2012-03-19,55.839993,57.00,55.839993,56.829992,29700,17.557021
2012-03-16,53.139988,56.46999,52.74999,56.280001,51900,17.387107
2012-03-15,54.209999,54.24999,52.620003,52.620003,23700,16.25639
2012-03-14,53.969999,55.419989,53.51001,54.27,87600,16.766139
2012-03-13,52.910007,54.72999,52.590002,54.339993,41400,16.787762
2012-03-12,53.49999,54.24,52.71999,52.71999,42900,16.28728
2012-03-09,54.02001,54.02001,52.50,53.649988,36600,16.574593
2012-03-08,52.95999,54.369987,52.389988,54.009991,34800,16.685812
2012-03-07,51.800011,53.22999,51.519991,52.689989,39300,16.278011
2012-03-06,54.120003,54.579992,51.24999,51.890013,56400,16.030867
2012-03-05,57.590012,57.590012,54.440008,55.430008,65400,17.085891
2012-03-02,57.75,58.460009,57.419998,57.77001,31500,17.807179
2012-03-01,57.21999,58.839993,57.21999,57.99,33000,17.874989
2012-02-29,57.620012,57.620012,56.639997,57.350012,28500,17.677718
2012-02-28,58.149988,58.550011,56.390013,57.99999,55200,17.878069
2012-02-27,58.070011,58.25001,57.48,57.99,42300,17.874989
2012-02-24,57.800011,59.259991,57.369987,58.899988,48600,18.155487
2012-02-23,57.980009,58.070011,56.51001,57.650007,87000,17.770189
2012-02-22,58.119987,58.98999,57.939989,58.02,30900,17.884237
2012-02-21,57.24999,58.100012,56.439989,57.849993,129000,17.831833
2012-02-17,57.639988,58.430008,55.74,56.76,113100,17.495851
2012-02-16,54.470009,57.899998,54.470009,57.300001,47100,17.662302
2012-02-15,55.400007,55.400007,54.02001,54.24999,46500,16.722159
2012-02-14,56.679989,57.080011,54.339993,55.449989,100800,17.09205
2012-02-13,57.45999,58.100012,56.799992,57.00,27300,17.569829
2012-02-10,56.090012,57.099993,54.560011,57.099993,95400,17.600651
2012-02-09,56.049992,57.99,54.950008,56.879997,30600,17.532839
2012-02-08,54.330002,56.900007,53.990009,55.71999,63000,17.175276
2012-02-07,54.929998,54.929998,53.450008,54.440008,18000,16.780731
2012-02-06,53.969999,55.610012,53.900007,54.72999,31500,16.870115
2012-02-03,54.560011,54.680008,53.78001,54.389997,34800,16.765315
2012-02-02,55.080002,55.080002,53.799992,54.380013,66300,16.762237
2012-02-01,54.53001,56.349993,53.73,55.23,50100,17.02424
2012-01-31,54.659998,55.310011,52.779991,53.900007,63300,16.614279
2012-01-30,56.459999,56.459999,54.00,54.410007,44700,16.771483
2012-01-27,55.539991,57.149998,55.190008,56.73999,34800,17.489683
2012-01-26,55.809992,56.259991,54.819992,55.269991,56100,17.036567
2012-01-25,54.959999,56.00001,54.549992,55.509991,48000,17.110545
2012-01-24,57.300001,57.300001,54.429989,54.99999,134400,16.953341
2012-01-23,58.490009,58.490009,57.02001,57.99999,26100,17.878069
2012-01-20,59.600012,60.009991,58.659988,58.820011,27900,18.130834
2012-01-19,60.840002,60.849993,58.649998,59.550001,37200,18.355848
2012-01-18,59.610003,60.810001,59.420008,60.45999,26700,18.636346
2012-01-17,60.780001,61.059992,58.800001,59.49999,73500,18.340433
2012-01-13,59.930008,60.339993,58.560001,59.78001,103200,18.426747
2012-01-12,59.399998,60.950008,57.50001,59.799992,125100,18.432906
2012-01-11,59.630013,60.99,59.54001,59.73999,18600,18.414411
2012-01-10,61.569992,61.569992,59.969999,60.24,16800,18.568535
2012-01-09,60.170008,60.99,60.159988,60.209999,18000,18.559288
2012-01-06,61.160007,61.23999,59.699999,59.769991,64500,18.423659
2012-01-05,60.620012,62.46999,60.27,60.699989,77100,18.710324
2012-01-04,62.00001,62.25,60.879988,60.879988,18600,18.765807
2012-01-03,61.04001,63.090002,60.600002,62.01,89400,19.114125
2011-12-30,59.610003,61.50,59.610003,60.470009,148200,18.639434
2011-12-29,57.99,60.00,57.99,59.589993,33900,18.368175
2011-12-28,58.370012,59.03001,57.680008,58.25001,27300,17.955135
2011-12-27,58.409998,59.54001,58.119987,59.300011,22800,18.278791
2011-12-23,58.199999,58.389988,56.909998,58.320002,31800,17.97671
2011-12-22,58.490009,58.74999,57.77001,58.310011,20100,17.97363
2011-12-21,59.49999,59.49999,57.069992,57.96999,38400,17.868821
2011-12-20,58.199999,60.549992,57.51,59.870012,54600,18.454489
2011-12-19,57.399988,60.50001,56.259991,56.600012,72900,17.446536
2011-12-16,53.930008,57.929998,53.090012,57.759991,186600,17.804091
2011-12-15,56.00001,56.550001,52.100012,53.03001,85500,16.346109
2011-12-14,56.450008,56.450008,52.809992,54.179998,108000,16.700585
2011-12-13,62.120012,62.120012,55.77,56.439989,93000,17.39721
2011-12-12,59.600012,59.600012,56.319992,57.099993,135300,17.600651
2011-12-09,60.99999,61.130013,59.25,60.21999,34500,18.562367
2011-12-08,60.99999,61.169998,59.73,60.300001,39600,18.58703
2011-12-07,61.899988,61.899988,60.540001,61.689989,31200,19.015484
2011-12-06,62.790001,63.389997,61.490009,62.649988,45300,19.272863
2011-12-05,62.330011,64.310011,61.550011,63.060001,67500,19.398994
2011-12-02,63.00,65.070002,61.070011,61.490009,79200,18.916021
2011-12-01,61.79001,62.49999,60.699989,60.980009,35400,18.759131
2011-11-30,61.310011,63.24,59.429998,62.49999,167700,19.226719
2011-11-29,60.800011,62.00001,59.639997,61.290001,461100,18.854493
2011-11-28,55.569992,61.74,55.25001,61.080002,171000,18.789892
2011-11-25,52.889997,53.00001,51.330002,52.77,27900,16.233506
2011-11-23,53.790001,54.090002,52.400007,53.570011,51000,16.479612
2011-11-22,53.669998,55.77,53.280001,54.189989,51600,16.670334
2011-11-21,54.789991,55.689989,53.669998,54.00,57300,16.611888
2011-11-18,56.169989,56.429998,55.649998,55.889997,59400,17.193303
2011-11-17,58.359987,58.359987,55.269991,55.77,114900,17.156389
2011-11-16,57.050011,58.47999,57.050011,57.99999,68100,17.842395
2011-11-15,57.200008,58.359987,57.129988,57.629997,102000,17.728575
2011-11-14,57.300001,58.74999,56.930008,58.029991,58500,17.851625
2011-11-11,57.50001,58.700008,57.110012,58.119987,30300,17.87931
2011-11-10,58.179989,58.539991,54.419998,57.069992,77700,17.556302
2011-11-09,57.519991,58.830002,57.00,57.449999,87600,17.673203
2011-11-08,60.399988,60.620012,58.550011,58.779991,102300,18.082345
2011-11-07,60.929998,60.929998,59.079992,60.399988,30300,18.580701
2011-11-04,60.380013,60.780001,59.240009,60.060001,30300,18.476112
2011-11-03,59.259991,60.470009,58.50,60.320011,30900,18.556098
2011-11-02,58.800001,59.600012,58.23999,58.550011,47100,18.011597
2011-11-01,56.49999,59.790001,56.27001,57.449999,123900,17.673203
2011-10-31,58.139997,60.360003,57.639988,59.090012,105600,18.177716
2011-10-28,58.50,59.73999,56.610003,59.52,83100,18.309992
2011-10-27,62.00001,62.00001,57.99999,58.880013,91500,18.113115
2011-10-26,62.00001,62.00001,59.289991,59.790001,57300,18.393052
2011-10-25,61.130013,61.340012,59.720009,60.080011,56100,18.482267
2011-10-24,60.00,61.779991,59.180008,61.130013,85500,18.805277
2011-10-21,59.00001,59.559992,58.089993,59.559992,57000,18.322295
2011-10-20,58.689989,58.689989,57.99999,57.99999,32100,17.842395
2011-10-19,59.22999,59.409988,57.99999,57.99999,68100,17.842395
2011-10-18,59.52,59.949989,57.45999,59.619987,77700,18.340751
2011-10-17,61.940008,61.940008,59.52,59.850002,72000,18.41151
2011-10-14,61.800001,62.00001,60.24999,61.860003,42000,19.029842
2011-10-13,60.00,60.920008,58.430008,60.920008,75000,18.740673
2011-10-12,61.970009,61.970009,60.600002,60.879988,35400,18.728362
2011-10-11,60.149998,61.98999,59.699999,60.899998,66000,18.734518
2011-10-10,59.649988,61.149988,59.450008,60.00,38100,18.457654
2011-10-07,59.49999,59.49999,57.99999,58.659988,54900,18.045429
2011-10-06,56.040001,59.790001,55.26,59.790001,51000,18.393052
2011-10-05,55.74,56.52,53.550001,55.620003,145800,17.110246
2011-10-04,51.780001,55.929989,49.860003,55.320002,169500,17.017957
2011-10-03,54.48,54.48,51.300001,51.780001,173100,15.928955
2011-09-30,50.97999,54.710009,50.600012,54.170008,76500,16.664187
2011-09-29,54.24999,54.24999,51.669989,52.419989,133200,16.125833
2011-09-28,52.860003,53.619987,51.669989,52.439999,78600,16.131989
2011-09-27,51.639988,53.939999,51.50001,51.99999,393900,15.99663
2011-09-26,48.399988,50.49999,46.460009,50.49999,59100,15.535189
2011-09-23,50.00001,51.069992,48.00,48.380013,69900,14.883025
2011-09-22,51.069992,51.890013,48.879988,51.050011,185400,15.70439
2011-09-21,53.820002,54.26001,52.74999,52.76001,81600,16.230433
2011-09-20,52.74999,54.24,52.460009,53.820002,97500,16.556516
2011-09-19,53.73,54.050011,52.01001,53.859987,59100,16.568816
2011-09-16,54.680008,55.350002,53.73,54.050011,156300,16.627273
2011-09-15,54.950008,56.399998,53.49999,54.890013,60000,16.885681
2011-09-14,57.00,57.00,53.180008,55.28001,261000,17.005655
2011-09-13,53.969999,56.600012,53.75001,56.349993,110100,17.334811
2011-09-12,53.649988,54.800011,52.940008,53.969999,124500,16.602659
2011-09-09,57.00,57.00,55.149988,56.00001,130500,17.227146
2011-09-08,60.00,60.140013,57.300001,58.050001,123900,17.85778
2011-09-07,59.97999,61.25001,59.409988,59.939999,68400,18.439195
2011-09-06,56.799992,61.74,56.600012,58.659988,263100,18.006972
2011-09-02,58.169998,60.129988,56.679989,59.040001,77700,18.123625
2011-09-01,59.49999,60.899998,59.159998,60.300001,66300,18.51041
2011-08-31,60.200008,61.530001,59.00001,59.22999,87600,18.181947
2011-08-30,59.990009,60.230009,58.20999,59.990009,95400,18.415251
2011-08-29,59.49999,61.149988,59.150007,59.420008,172200,18.240277
2011-08-26,54.399988,59.259991,52.310011,58.869987,179100,18.071436
2011-08-25,55.059992,56.619987,53.73999,55.01001,120600,16.886531
2011-08-24,50.990009,54.429989,50.990009,54.069992,139800,16.597972
2011-08-23,48.540001,51.519991,48.51,51.209999,58200,15.720034
2011-08-22,48.75,49.820011,47.90001,48.090002,114900,14.762283
2011-08-19,47.459999,49.449989,47.139991,47.400001,197400,14.550471
2011-08-18,50.150007,52.50,47.39001,48.369987,315900,14.84823
2011-08-17,50.829992,51.810001,49.700008,50.150007,55800,15.394646
2011-08-16,53.669998,53.669998,47.559989,50.570011,239100,15.523576
2011-08-15,54.759991,55.47999,53.100002,54.039991,105000,16.588762
2011-08-12,52.359987,54.560011,51.560011,53.120012,177600,16.306355
2011-08-11,44.199989,53.090012,44.01,51.470009,227100,15.79985
2011-08-10,40.50,44.66001,39.440011,43.449989,180000,13.337929
2011-08-09,36.599999,41.829989,35.699999,41.70999,193800,12.803798
2011-08-08,38.379991,39.060001,35.280001,35.870009,240900,11.011087
2011-08-05,45.75,46.13001,40.659991,41.330011,144300,12.687155
2011-08-04,48.00,48.689999,44.61999,44.810011,146700,13.755417
2011-08-03,53.699999,53.699999,48.719999,49.23999,209400,15.115297
2011-08-02,56.169989,57.129988,53.100002,53.529991,143100,16.432207
2011-08-01,55.860003,56.00001,54.849993,55.800001,64200,17.129036
2011-07-29,53.289991,54.899998,52.119987,54.21999,98100,16.644017
2011-07-28,54.380013,55.95999,52.509991,54.050011,136500,16.591838
2011-07-27,57.00,57.00,54.00,54.090002,207000,16.604114
2011-07-26,60.540001,60.540001,57.00,57.48,186000,17.644749
2011-07-25,62.00001,62.22999,59.529991,60.519991,156000,18.577941
2011-07-22,63.570002,63.800011,62.210009,62.73999,62700,19.259418
2011-07-21,62.340002,63.99,62.01,63.300001,89100,19.431326
2011-07-20,63.00,63.24999,61.629988,62.150007,106500,19.07831
2011-07-19,60.00,63.00,60.00,61.400007,92700,18.848081
2011-07-18,58.940008,60.45999,58.539991,59.669998,51600,18.317017
2011-07-15,58.430008,59.49999,57.75,59.189999,34800,18.16967
2011-07-14,58.469999,60.21999,57.00,57.759991,61500,17.730698
2011-07-13,56.930008,59.300011,56.930008,58.070011,86400,17.825866
2011-07-12,57.300001,57.350012,54.99999,56.49999,140100,17.343913
2011-07-11,57.849993,59.580002,56.51001,58.52001,167400,17.964003
2011-07-08,56.699999,60.00,55.560001,59.580002,211800,18.28939
2011-07-07,54.00,58.169998,54.00,57.320011,227700,17.595637
2011-07-06,51.350012,53.810011,51.350012,53.679989,254400,16.478252
2011-07-05,50.00001,52.98,49.659988,51.440008,252000,15.79064
2011-07-01,49.100012,50.00001,48.849993,49.929989,99600,15.327107
2011-06-30,49.350002,49.98999,48.75,49.670008,72900,15.2473
2011-06-29,50.00001,50.00001,49.299992,49.350002,73800,15.149067
2011-06-28,47.849999,49.590002,47.849999,49.580011,73500,15.219674
2011-06-27,46.64001,48.50001,46.64001,47.70999,98100,14.645629
2011-06-24,45.909991,46.580011,45.660001,46.25001,61800,14.197456
2011-06-23,46.64001,46.64001,42.620009,45.75,124500,14.043968
2011-06-22,45.329999,47.049989,45.09999,45.99999,242100,14.120708
2011-06-21,43.179989,45.75,43.179989,45.569999,118500,13.988712
2011-06-20,42.470009,43.340009,41.400001,42.75,132900,13.123052
2011-06-17,41.75001,43.40001,41.600009,42.599999,249000,13.077006
2011-06-16,47.799989,47.949989,40.430011,43.410001,270600,13.325653
2011-06-15,46.50,48.170008,45.87,46.550011,146400,14.289548
2011-06-14,48.179998,50.210009,46.59999,46.820011,238500,14.372431
2011-06-13,47.49999,48.99999,47.25,47.75001,169200,14.657914
2011-06-10,45.819989,46.64001,45.45999,46.11,52800,14.154477
2011-06-09,44.019991,46.40001,43.700011,45.399991,135300,13.936525
2011-06-08,43.100009,45.170011,42.38001,43.71999,195600,13.420811
2011-06-07,42.60999,43.779991,42.350009,43.509991,115800,13.317973
2011-06-06,42.950011,43.610009,41.579999,42.830011,134100,13.109838
2011-06-03,42.230009,43.610009,41.939999,43.439999,63900,13.296549
2011-06-02,44.00001,44.00001,43.170001,43.809989,47700,13.409799
2011-06-01,40.050001,43.98999,40.050001,43.670011,185400,13.366953
2011-05-31,45.699989,46.290001,39.660001,40.539991,257100,12.408886
2011-05-27,44.34999,48.339993,44.34999,44.670001,149100,13.67304
2011-05-26,41.339999,43.460009,41.339999,43.349999,83400,13.269001
2011-05-25,39.900001,41.690011,39.900001,41.330011,261900,12.650703
2011-05-24,38.78001,39.789991,38.219999,39.549989,80100,12.105856
2011-05-23,38.00001,40.25001,38.00001,38.49999,180900,11.784462
2011-05-20,37.95999,40.74999,37.50,39.549989,91500,12.105856
2011-05-19,36.470009,37.98,36.309989,37.89,55200,11.59775
2011-05-18,35.420011,36.200011,35.420011,35.889991,26100,10.985567
2011-05-17,34.299989,35.919989,34.050001,35.210009,58500,10.777431
2011-05-16,36.00,36.00,34.700011,34.700011,91200,10.621326
2011-05-13,34.449989,35.799989,34.449989,35.160001,43200,10.762125
2011-05-12,33.99,34.490009,33.009991,34.299989,29700,10.498883
2011-05-11,34.23999,34.449989,33.87,34.02,69300,10.413182
2011-05-10,33.75,34.50,33.75,34.310011,39600,10.501951
2011-05-09,32.25,33.930001,32.219999,33.569999,69000,10.275441
2011-05-06,31.349999,32.25,31.349999,31.970009,20700,9.7857
2011-05-05,30.830011,32.00001,30.669989,30.830011,73500,9.436758
2011-05-04,31.47999,31.50,29.720009,30.900001,87000,9.458181
2011-05-03,31.86,31.920001,31.490009,31.650001,28500,9.687749
2011-05-02,31.91001,32.22999,31.79001,31.79001,36000,9.730604
2011-04-29,31.389991,31.95999,31.14,31.64001,12000,9.684691
2011-04-28,31.170001,31.779991,31.059989,31.40001,36000,9.611229
2011-04-27,31.079999,31.64001,30.930001,31.370009,23700,9.602046
2011-04-26,30.53001,31.13001,30.24,30.99999,36300,9.488787
2011-04-25,31.08999,31.64001,30.309989,30.429989,59100,9.314315
2011-04-21,30.879991,31.700011,30.449999,30.99999,80400,9.488787
2011-04-20,30.00,31.100009,29.49999,30.99999,147900,9.488787
2011-04-19,29.49999,29.810011,29.289991,29.64,38700,9.072508
2011-04-18,28.680001,29.939999,28.680001,29.63001,51900,9.06945
2011-04-15,28.91001,29.10999,28.47999,29.00001,73500,8.876613
2011-04-14,28.460009,29.409991,27.950011,28.79001,72000,8.812334
2011-04-13,28.38,29.01,28.170001,28.74999,80400,8.800085
2011-04-12,29.199989,29.22999,27.38001,28.340009,45300,8.674593
2011-04-11,29.52,30.009991,29.15001,29.240009,94500,8.950074
2011-04-08,29.240009,30.189989,28.970009,29.39001,153900,8.995988
2011-04-07,28.829999,29.64,28.410001,29.27001,77400,8.959257
2011-04-06,28.530001,29.870009,27.75,28.91001,190200,8.849065
2011-04-05,27.549989,28.850009,27.549989,28.35999,72900,8.680709
2011-04-04,27.399991,28.800001,27.14001,27.320011,150300,8.362382
2011-04-01,26.400001,27.36,26.34999,27.200011,175200,8.325651
2011-03-31,25.370009,26.61,25.199999,26.37,90900,8.071593
2011-03-30,25.23999,25.800001,24.87,25.50,92400,7.805295
2011-03-29,24.230009,25.220009,23.15001,25.079999,148200,7.676737
2011-03-28,24.89001,24.96999,23.52999,24.309989,194400,7.441044
2011-03-25,24.579989,25.08999,24.519991,24.87,40500,7.612458
2011-03-24,23.09001,24.669989,23.03001,24.36,50400,7.456352
2011-03-23,21.39999,23.22999,21.21999,23.060009,54900,7.058438
2011-03-22,20.46999,21.519989,20.21001,21.519989,118500,6.587054
2011-03-21,19.83999,20.769989,19.83999,20.460001,270600,6.262602
2011-03-18,20.439991,20.67,19.710001,19.710001,142800,6.033034
2011-03-17,20.199989,20.849999,19.68,20.199989,108300,6.183015
2011-03-16,21.02001,21.39999,19.92999,19.92999,62100,6.100371
2011-03-15,20.82,21.35001,19.82001,21.14001,84600,6.470746
2011-03-14,21.800011,21.800011,20.90001,20.909999,58500,6.400342
2011-03-11,23.21001,23.21001,21.75,21.95001,201300,6.718678
2011-03-10,24.560011,24.560011,23.28999,23.51001,61800,7.196179
2011-03-09,24.63,24.680011,24.540001,24.560011,11400,7.486968
2011-03-08,23.90001,24.669989,23.420011,24.669989,24900,7.520494
2011-03-07,24.209999,24.420001,23.72001,24.009991,20700,7.319297
2011-03-04,24.599999,24.599999,23.849999,24.27,31800,7.39856
2011-03-03,24.09999,24.50001,23.849999,24.00,48900,7.316252
2011-03-02,23.75001,24.02001,23.67,23.889989,26400,7.282716
2011-03-01,23.969999,24.26001,23.51001,23.79999,35700,7.25528
2011-02-28,22.85001,24.060001,22.85001,23.889989,31500,7.282716
2011-02-25,22.409999,23.400001,22.409999,22.59999,145800,6.889467
2011-02-24,22.17999,22.98,22.17999,22.23,67200,6.776678
2011-02-23,21.71001,22.370009,21.51,22.10001,33600,6.737052
2011-02-22,21.900001,22.25001,21.759991,21.860011,42300,6.663889
2011-02-18,21.78999,22.40001,21.579989,22.25001,58200,6.782778
2011-02-17,21.65001,21.99999,21.65001,21.900001,15600,6.67608
2011-02-16,21.42,22.430009,20.79999,21.66999,39900,6.605963
2011-02-15,21.560009,21.719999,21.24999,21.24999,33000,6.477928
2011-02-14,21.210001,21.66999,21.210001,21.53001,30300,6.563291
2011-02-11,21.39999,21.48,21.20001,21.30,13800,6.493173
2011-02-10,21.560009,21.639989,21.12,21.39,21000,6.520609
2011-02-09,21.27,21.620009,21.050011,21.60999,25500,6.587672
2011-02-08,20.67,21.33999,20.37,21.29001,36600,6.490128
2011-02-07,20.21001,20.57001,20.21001,20.57001,12600,6.27064
2011-02-04,20.25,20.66001,20.120009,20.319991,50700,6.194424
2011-02-03,20.19,20.37,20.039999,20.199989,36000,6.157842
2011-02-02,20.199989,20.40999,20.10999,20.15001,28200,6.142606
2011-02-01,20.61,20.61,20.00001,20.33001,41400,6.197478
2011-01-31,20.49999,20.76,20.460001,20.49999,28800,6.249295
2011-01-28,20.67,21.030001,20.46999,20.46999,52800,6.24015
2011-01-27,20.90001,20.90001,19.95,20.66001,46800,6.298077
2011-01-26,19.97001,21.03999,19.97001,20.79999,51900,6.340749
2011-01-25,19.80999,20.199989,19.02,20.199989,64200,6.157842
2011-01-24,20.439991,20.439991,19.10001,19.76001,75000,6.023717
2011-01-21,20.849999,20.90001,20.319991,20.319991,59400,6.194424
2011-01-20,21.009991,21.069991,20.460001,20.79999,51300,6.340749
2011-01-19,21.38001,21.579989,21.02001,21.090001,24300,6.429156
2011-01-18,21.189991,21.53001,21.009991,21.47001,16200,6.545
2011-01-14,21.45999,21.45999,21.009991,21.189991,28800,6.459638
2011-01-13,21.53001,21.680009,21.39999,21.579989,14700,6.578526
2011-01-12,21.560009,21.699989,21.230011,21.66999,52800,6.605963
2011-01-11,21.539999,21.71001,21.39999,21.50001,14700,6.554145
2011-01-10,21.48999,21.539999,20.85999,21.539999,102900,6.566336
2011-01-07,22.22001,22.23,21.069991,21.57,87900,6.575481
2011-01-06,22.28001,22.59999,21.84999,22.05999,57000,6.724852
2011-01-05,20.990009,23.019989,20.96001,22.20999,175800,6.770578
2011-01-04,20.789999,21.24999,20.789999,21.12,80400,6.438302
2011-01-03,21.63,21.680009,20.079989,20.949989,237000,6.386475
2010-12-31,21.519989,22.269989,21.20001,22.11,81900,6.740097
2010-12-30,21.77001,21.78999,21.63,21.759991,16500,6.633399
2010-12-29,21.42999,21.819991,21.42,21.69,27300,6.612063
2010-12-28,21.45999,21.659999,21.41001,21.539999,27000,6.566336
2010-12-27,21.20001,21.47001,21.00,21.47001,81900,6.545
2010-12-23,21.06,21.42,21.00,21.42,68400,6.529755
2010-12-22,20.70,21.21999,20.55,21.21999,32400,6.468783
2010-12-21,20.64999,20.88,20.400001,20.73999,32100,6.322458
2010-12-20,20.25,21.12,19.83999,20.78001,160500,6.334658
2010-12-17,21.57,22.07001,19.74999,19.74999,333600,6.020663
2010-12-16,21.599999,21.920011,21.27999,21.599999,75900,6.584626
2010-12-15,22.19001,22.269989,21.24999,21.24999,48600,6.477928
2010-12-14,22.80999,22.80999,22.10001,22.13001,54900,6.746197
2010-12-13,23.07,23.379991,22.670011,22.91001,52800,6.983975
2010-12-10,22.85001,23.13,22.62,23.10999,15600,7.044938
2010-12-09,22.77999,23.52,22.77999,22.89,201900,6.977875
2010-12-08,22.85001,23.159999,22.689991,22.95999,24900,6.999211
2010-12-07,23.49,23.49,22.88001,23.03001,21000,6.990075
2010-12-06,23.460001,23.70,22.92999,23.139989,47700,7.023456
2010-12-03,23.64,23.849999,23.19,23.67999,134100,7.187357
2010-12-02,23.10999,24.350009,23.099999,23.849999,34800,7.238959
2010-12-01,23.79999,23.79999,22.730011,23.43,54000,7.11148
2010-11-30,23.33001,23.69001,22.92,23.55,82500,7.147903
2010-11-29,23.259991,23.439991,22.629991,23.15001,27900,7.026498
2010-11-26,23.25,23.60001,22.91001,22.91001,58800,6.953653
2010-11-24,22.509991,24.200011,22.17999,23.40999,42900,7.105407
2010-11-23,21.99,22.730011,21.99,22.490009,27000,6.826174
2010-11-22,21.99999,22.83999,21.99999,22.23,66000,6.747256
2010-11-19,21.77001,22.11999,21.42999,21.980011,28200,6.671379
2010-11-18,21.879991,22.29999,21.879991,21.95001,26700,6.662273
2010-11-17,21.65001,22.689991,21.27999,21.699989,108900,6.586387
2010-11-16,21.50001,21.99,20.930009,21.539999,45900,6.537827
2010-11-15,21.920011,21.99999,21.59001,21.860011,28800,6.634957
2010-11-12,21.210001,21.920011,20.76,21.920011,36900,6.653168
2010-11-11,20.82,21.72999,20.82,21.45,32400,6.51051
2010-11-10,19.98,21.780001,19.77,20.969999,50100,6.36482
2010-11-09,22.23999,22.41999,19.82001,20.21001,78900,6.134148
2010-11-08,21.48,22.65999,21.48,22.20999,163200,6.741182
2010-11-05,21.29001,21.719999,20.870009,21.71001,39600,6.589428
2010-11-04,21.50001,21.879991,20.79999,21.579989,70500,6.549964
2010-11-03,20.19,21.560009,19.70001,21.30999,74100,6.468014
2010-11-02,20.72001,20.72001,19.77999,19.95999,35400,6.058262
2010-11-01,20.360011,21.09999,20.360011,20.55999,41100,6.240374
2010-10-29,18.83001,20.240009,18.83001,20.180009,43500,6.125042
2010-10-28,20.27001,20.27001,18.60999,19.04001,186600,5.779029
2010-10-27,20.259991,20.319991,19.409999,19.88001,54600,6.033986
2010-10-26,20.54001,21.66999,20.420011,20.54001,46200,6.23431
2010-10-25,20.94,21.53001,20.219999,20.75001,81600,6.298049
2010-10-22,20.64,20.84001,20.16999,20.84001,123300,6.325366
2010-10-21,20.67,21.129991,20.33001,20.70,49200,6.28287
2010-10-20,20.13,20.67999,20.13,20.64999,72600,6.267691
2010-10-19,21.110011,21.42,19.29999,20.019989,242100,6.076473
2010-10-18,25.050001,25.199999,21.84999,21.879991,91200,6.641021
2010-10-15,24.00,24.959999,23.57001,24.959999,66300,7.575866
2010-10-14,23.64,24.00,23.55999,23.990009,60300,7.281454
2010-10-13,22.50,24.399991,22.50,23.769989,81000,7.214674
2010-10-12,22.22001,22.490009,21.900001,22.34001,51600,6.780646
2010-10-11,22.35999,22.490009,21.99999,22.05,33900,6.692622
2010-10-08,21.00,22.41999,20.990009,22.16001,56400,6.726013
2010-10-07,21.15999,21.41001,20.76,20.91999,42000,6.349641
2010-10-06,20.88,21.24,20.769989,21.129991,34500,6.413381
2010-10-05,21.009991,21.54999,20.79999,21.009991,67800,6.376958
2010-10-04,20.75001,21.38001,20.340001,20.61999,71100,6.258585
2010-10-01,20.64,20.84001,20.400001,20.61999,61500,6.258585
2010-09-30,20.16999,20.420011,19.95,20.300011,42900,6.161465
2010-09-29,19.83999,20.439991,19.70001,20.07,48900,6.091652
2010-09-28,19.74,20.54001,19.16001,20.07,139500,6.091652
2010-09-27,19.23,19.92999,19.10001,19.730011,74700,5.988458
2010-09-24,19.29999,19.430009,19.20,19.289999,42600,5.854906
2010-09-23,18.84999,19.23999,18.84999,19.01001,51000,5.769924
2010-09-22,19.53999,19.53999,18.819991,18.95001,60600,5.751712
2010-09-21,19.80,20.769989,19.47999,19.490009,275700,5.915613
2010-09-20,18.63,19.94001,18.599999,19.85001,174000,6.024881
2010-09-17,18.45999,18.75,18.09999,18.66999,46200,5.666721
2010-09-16,18.20001,18.620009,17.909999,18.50001,29100,5.615128
2010-09-15,18.02001,18.539999,17.789999,18.30,71400,5.554421
2010-09-14,18.65001,18.800011,17.72001,18.24,56700,5.53621
2010-09-13,18.210001,18.780001,18.030001,18.44001,100500,5.596917
2010-09-10,17.96001,18.32001,17.199989,17.76,108300,5.39052
2010-09-09,18.50001,18.78999,18.090001,18.20001,54600,5.524072
2010-09-08,18.44001,18.560009,17.75001,17.889989,103200,5.429975
2010-09-07,18.860011,19.20,18.090001,18.54999,104700,5.599949
2010-09-03,19.40001,20.199989,18.539999,18.72999,126900,5.654288
2010-09-02,17.78001,19.04001,16.80,19.04001,215400,5.747879
2010-09-01,17.94,17.949989,17.43,17.67,164700,5.334294
2010-08-31,17.849999,18.60999,17.400001,17.82,241800,5.379577
2010-08-30,18.27,19.23,17.60001,17.66001,192900,5.331278
2010-08-27,17.319991,18.639989,16.98,18.519989,218400,5.590892
2010-08-26,17.00001,17.39001,16.389989,17.15001,207000,5.177317
2010-08-25,16.95999,17.10999,16.58001,17.019989,155400,5.138066
2010-08-24,16.95,17.240009,16.20,16.83,246600,5.080711
2010-08-23,16.56,17.379991,16.19001,16.77999,285000,5.065614
2010-08-20,15.00,17.199989,14.69001,16.530001,261000,4.990146
2010-08-19,14.49999,15.20001,13.95999,15.20001,306300,4.588643
2010-08-18,14.57001,15.08001,14.49999,14.69001,56400,4.434682
2010-08-17,14.889989,15.38001,14.64,14.76,87000,4.455811
2010-08-16,14.67999,15.24999,14.54001,14.58999,69900,4.404488
2010-08-13,14.990009,15.27999,14.67,14.73,33900,4.446754
2010-08-12,14.58999,15.21999,14.54001,15.170011,64800,4.579587
2010-08-11,14.57001,14.870009,14.46999,14.67,114300,4.428641
2010-08-10,15.20001,15.45,14.79999,14.870009,117600,4.489021
2010-08-09,15.24,15.45,14.990009,15.36999,81000,4.639957
2010-08-06,15.20001,15.32001,14.43,15.18,232800,4.582602
2010-08-05,14.94,15.44001,14.57001,15.33,135900,4.627885
2010-08-04,14.73,15.42999,14.61999,14.94,156000,4.51015
2010-08-03,14.37,14.909999,14.33001,14.75001,64500,4.452795
2010-08-02,14.57001,15.150001,14.219999,14.52999,177600,4.386375
2010-07-30,14.00001,14.15001,13.79001,13.97001,102300,4.217326
2010-07-29,14.58,14.72001,13.86,14.03001,108300,4.235439
2010-07-28,13.86,14.94,13.77999,14.51001,176700,4.380343
2010-07-27,15.39,15.39,13.68,13.79001,348300,4.162986
2010-07-26,17.180009,17.439991,15.02001,15.129991,305700,4.567505
2010-07-23,15.71001,17.31,15.560009,16.95999,245700,5.119953
2010-07-22,15.210001,15.99,15.210001,15.680009,243600,4.733547
2010-07-21,14.51001,15.00,13.74999,14.90001,130500,4.498078
2010-07-20,13.650001,14.49,13.56,14.49,159000,4.374302
2010-07-19,13.590001,13.83,13.14999,13.710001,106500,4.138833
2010-07-16,14.61,14.64,13.590001,13.64001,135300,4.117704
2010-07-15,14.889989,14.889989,13.86999,14.64,83400,4.419585
2010-07-14,14.849999,15.150001,14.57001,14.73,79500,4.446754
2010-07-13,15.050011,15.14001,14.28999,14.829989,114900,4.47694
2010-07-12,14.60001,16.10001,14.60001,14.73,251400,4.446754
2010-07-09,14.379991,14.88,13.40001,14.70,265500,4.437698
2010-07-08,12.699989,14.61999,12.699989,14.379991,372300,4.341092
2010-07-07,11.43,12.50001,11.28,12.44001,235500,3.755443
2010-07-06,11.97999,12.24999,11.39001,11.49,1238700,3.46865
2010-07-02,12.780001,12.780001,11.03001,11.61,511500,3.504876
2010-07-01,12.24999,12.96999,12.00,12.819991,180000,3.870153
2010-06-30,12.50001,12.90999,12.21999,12.33999,113100,3.725248
2010-06-29,13.20,13.20999,12.50001,12.60999,224700,3.806757
2010-06-28,13.74999,13.74999,12.99999,13.20,146100,3.984872
2010-06-25,14.10999,14.39001,13.550011,13.70001,1052700,4.135817
2010-06-24,14.34999,14.789999,13.91001,13.94001,247500,4.208269
2010-06-23,14.019989,14.340001,13.80999,14.16999,73500,4.277696
2010-06-22,14.49999,14.969999,14.16999,14.19,147900,4.283737
2010-06-21,15.53001,15.53001,14.439991,14.58,78900,4.401472
2010-06-18,15.09999,15.33,14.829989,15.170011,163500,4.579587
2010-06-17,15.759991,15.759991,14.849999,15.030001,94200,4.53732
2010-06-16,16.07001,16.40001,15.759991,15.83001,125700,4.77883
2010-06-15,15.980011,16.490009,15.71001,16.370009,92100,4.941847
2010-06-14,15.939991,16.29999,15.50001,15.699989,181800,4.739579
2010-06-11,14.78001,15.90999,14.78001,15.77001,60600,4.760717
2010-06-10,14.84001,15.44001,14.84001,15.30,97200,4.618828
2010-06-09,14.829989,15.41001,14.360011,14.40999,75600,4.350148
2010-06-08,14.40999,14.64999,13.77999,14.460001,162600,4.365246
2010-06-07,15.560009,15.680009,14.439991,14.60001,99000,4.377327
2010-06-04,16.689991,16.730011,15.32001,15.53001,122700,4.656157
2010-06-03,17.79999,17.849999,16.83999,17.039999,91200,5.108877
2010-06-02,16.77,17.55,16.349999,17.55,100500,5.261783
2010-06-01,17.91999,17.969999,16.71999,16.82001,182100,5.04292
2010-05-28,17.78001,18.090001,17.21001,17.94,130500,5.378712
2010-05-27,16.310009,17.66001,16.310009,17.45001,140400,5.231805
2010-05-26,16.28001,17.16999,15.93,16.01001,158400,4.800069
2010-05-25,16.05,16.07001,15.51,15.93,136500,4.77608
2010-05-24,16.52001,16.95,16.26,16.68,217200,5.000943
2010-05-21,17.00001,17.10999,16.29999,16.74999,354300,5.021927
2010-05-20,17.79999,18.00,15.980011,16.610011,309900,4.979959
2010-05-19,18.960001,19.13001,17.79999,18.090001,128700,5.423685
2010-05-18,19.76001,19.80,18.99,19.08,183000,5.720503
2010-05-17,21.51,21.51,19.26,20.00001,234600,5.996337
2010-05-14,22.52001,22.83999,20.82,21.53001,122400,6.455057
2010-05-13,22.77999,23.439991,22.449989,22.509991,86700,6.748872
2010-05-12,22.86,23.19,22.349999,22.46001,153900,6.733887
2010-05-11,23.49999,23.96001,23.039999,23.159999,112200,6.943755
2010-05-10,25.50,25.59999,22.469999,22.83,226200,6.844816
2010-05-07,26.379991,26.73999,22.80,23.379991,516900,7.009712
2010-05-06,26.090009,26.990009,25.079999,26.78001,137100,8.029095
2010-05-05,27.38001,27.440011,26.00001,26.88,217800,8.059074
2010-05-04,28.940011,29.259991,27.189989,27.87,136200,8.355892
2010-05-03,28.670011,29.949989,28.629991,29.459999,194700,8.832601
2010-04-30,27.810001,29.75001,27.810001,28.62,179100,8.580755
2010-04-29,26.13,28.949999,26.13,27.909991,158700,8.367882
2010-04-28,25.20999,26.00001,24.839999,25.98999,63300,7.792234
2010-04-27,25.299989,25.730009,25.04001,25.04001,120300,7.507414
2010-04-26,25.670011,25.920001,25.329989,25.709999,62700,7.708288
2010-04-23,25.220009,26.799989,25.220009,26.019991,72600,7.801229
2010-04-22,24.00,25.349999,23.810009,24.96999,45900,7.486421
2010-04-21,25.490009,25.670011,24.009991,24.180001,63900,7.249569
2010-04-20,24.48999,25.779991,24.180001,25.490009,126600,7.642331
2010-04-19,25.89,26.03001,23.280001,24.24999,192000,7.270553
2010-04-16,27.38001,27.560011,25.329989,26.069999,140400,7.816222
2010-04-15,27.830011,27.99999,27.110009,27.599999,131100,8.274942
2010-04-14,28.199999,28.98999,26.600009,27.48,190200,8.238964
2010-04-13,31.76001,31.940011,27.350009,27.87,473700,8.355892
2010-04-12,26.649991,32.579999,26.600009,32.199989,451500,9.654095
2010-04-09,26.73,26.73999,26.22999,26.34999,27900,7.900168
2010-04-08,25.77,26.58999,25.77,26.400001,66600,7.915162
2010-04-07,26.85999,27.36999,25.370009,25.899991,509700,7.765251
2010-04-06,24.569999,26.949989,24.150001,26.73,600300,8.014101
2010-04-05,21.230011,24.939989,21.230011,24.939989,237600,7.477426
2010-04-01,19.65999,21.36999,19.62,21.33999,182400,6.398086
2010-03-31,19.469999,20.240009,19.469999,19.68,33300,5.900393
2010-03-30,19.409999,19.530001,19.34001,19.35999,14100,5.804449
2010-03-29,18.87,19.509991,18.71001,19.46001,83700,5.834437
2010-03-26,18.560009,19.349999,18.560009,18.78999,57900,5.633553
2010-03-25,18.35001,18.840001,18.30999,18.36,25800,5.504635
2010-03-24,18.75,19.20,18.18,18.33999,97500,5.498636
2010-03-23,18.960001,19.13001,18.69,18.90999,43800,5.669531
2010-03-22,19.32,19.32,18.66999,18.920011,33300,5.672536
2010-03-19,19.289999,20.13,19.289999,19.289999,78300,5.783465
2010-03-18,19.77999,20.219999,19.670011,19.80999,78600,5.939366
2010-03-17,18.90999,19.730011,18.90999,19.64001,66600,5.888403
2010-03-16,18.51,19.14999,18.45999,19.08,128400,5.720503
2010-03-15,18.42,18.84999,18.189991,18.800011,50100,5.636558
2010-03-12,18.780001,19.569991,18.12,18.639989,138600,5.588581
2010-03-11,18.29001,18.99999,18.15999,18.99,53400,5.69352
2010-03-10,18.539999,19.07001,18.33999,18.59001,119700,5.573596
2010-03-09,18.620009,18.83001,18.170011,18.719999,94800,5.612569
2010-03-08,17.949989,18.63,17.949989,18.63,79200,5.585586
2010-03-05,17.79999,18.26001,17.67999,18.15999,63600,5.41469
2010-03-04,17.63001,18.08001,17.259991,17.64,135900,5.259647
2010-03-03,18.87,19.05,17.60001,17.60001,210300,5.247723
2010-03-02,17.930009,18.719999,17.930009,18.57,93300,5.536941
2010-03-01,17.439991,18.20001,17.439991,18.150001,99300,5.411712
2010-02-26,18.00,18.00,17.180009,17.45001,120300,5.202998
2010-02-25,17.60001,17.949989,17.139989,17.930009,85800,5.346118
2010-02-24,17.88,18.699989,17.64999,17.91999,107400,5.34313
2010-02-23,17.82,18.35001,17.79999,17.84001,48900,5.319283
2010-02-22,18.539999,19.25001,17.60001,18.129991,233700,5.405745
2010-02-19,18.39,19.14999,18.27,18.780001,152700,5.599556
2010-02-18,17.849999,18.50001,17.78001,18.41001,77400,5.489238
2010-02-17,18.030001,18.32001,17.300011,17.94,103500,5.349097
2010-02-16,17.400001,17.85999,17.21001,17.82,56100,5.313317
2010-02-12,16.82001,17.61,16.650001,17.25,94500,5.143362
2010-02-11,16.40001,17.13,16.23999,16.74,102600,4.991297
2010-02-10,15.980011,16.650001,15.78999,16.17999,47100,4.824322
2010-02-09,16.13001,16.50,15.53001,16.04001,53400,4.782584
2010-02-08,15.26001,16.23999,14.52999,15.83001,174900,4.719969
2010-02-05,16.50,16.76001,14.82,15.47001,140100,4.61263
2010-02-04,17.52999,17.55,16.20999,16.23999,100200,4.842212
2010-02-03,16.610011,17.84001,16.28001,17.34999,164400,5.173176
2010-02-02,15.89001,16.77,15.59001,16.610011,58200,4.952539
2010-02-01,16.28001,16.28001,15.36999,15.900001,56700,4.740838
2010-01-29,15.71001,16.94001,15.63,16.05,107700,4.785563
2010-01-28,15.800011,16.07001,15.08001,15.71001,88800,4.68419
2010-01-27,15.83001,16.02,15.53001,15.800011,54300,4.711025
2010-01-26,15.93,16.05,15.48,15.639989,57000,4.663312
2010-01-25,16.04001,16.289999,15.26001,15.75,116400,4.696113
2010-01-22,17.21001,17.21001,15.83001,15.920011,88200,4.746805
2010-01-21,17.34999,17.420011,15.99,16.98,155100,5.062857
2010-01-20,17.52999,17.75001,16.89999,16.97001,86400,5.059879
2010-01-19,17.199989,17.870009,17.19,17.870009,70800,5.328228
2010-01-15,17.90001,17.90001,16.730011,17.46999,112200,5.208956
2010-01-14,17.139989,17.75001,16.83999,17.66001,94800,5.265613
2010-01-13,16.94001,17.55,16.77999,17.25,76800,5.143362
2010-01-12,17.88,17.889989,16.409999,16.89,131100,5.036022
2010-01-11,17.49999,18.18,17.300011,18.030001,147300,5.375932
2010-01-08,17.420011,17.49999,15.860011,17.49999,246300,5.217901
2010-01-07,15.81,17.70,15.090001,17.70,277200,5.277537
2010-01-06,14.69001,16.409999,14.69001,15.659999,424500,4.669278
2010-01-05,15.02001,15.189991,14.280001,14.420011,237300,4.299556
2010-01-04,14.139989,15.210001,14.120009,15.00,179100,4.472489
2009-12-31,14.49999,14.67999,13.89999,13.97001,90900,4.165381
2009-12-30,14.079989,14.54001,14.03001,14.340001,53100,4.275699
2009-12-29,13.650001,14.45001,13.650001,14.319991,73800,4.269733
2009-12-28,15.12,15.12,13.92999,14.04999,104400,4.189228
2009-12-24,14.97999,15.24999,14.70999,14.990009,76200,4.46951
2009-12-23,13.26,14.94,12.860011,14.73999,208800,4.394963
2009-12-22,13.389989,13.389989,12.48,13.05,188400,3.891065
2009-12-21,12.45,14.00001,12.45,13.41999,191400,4.001384
2009-12-18,11.25,12.639989,11.10999,12.50001,600300,3.727077
2009-12-17,10.80,11.13999,10.68999,11.07,134100,3.300697
2009-12-16,10.79001,10.98,10.71,10.95,65700,3.264917
2009-12-15,10.65999,10.98,10.59999,10.88001,192900,3.244048
2009-12-14,10.64001,10.80999,10.31001,10.71999,235800,3.196336
2009-12-11,10.52001,10.95999,10.05999,10.55001,173400,3.145653
2009-12-10,10.92,11.09001,10.38,10.50,115800,3.130742
2009-12-09,10.62,11.16999,10.62,10.77999,38100,3.214226
2009-12-08,10.92,11.18001,10.46001,10.67001,51300,3.181433
2009-12-07,10.85001,11.30001,10.74999,11.16,125700,3.297718
2009-12-04,10.95,11.40999,10.49001,10.89999,133200,3.220887
2009-12-03,10.74,11.10999,10.67001,10.98,110700,3.244529
2009-12-02,10.59,10.83999,10.50,10.53,109500,3.111556
2009-12-01,10.23999,10.79001,10.23999,10.53,120000,3.111556
2009-11-30,10.44,10.74999,10.31001,10.35,34800,3.058367
2009-11-27,10.22001,10.98999,10.22001,10.34001,71400,3.055415
2009-11-25,10.71999,11.00001,10.50,10.71,140100,3.164745
2009-11-24,10.35,10.77,10.25001,10.58001,80100,3.126334
2009-11-23,10.53999,10.95,10.16001,10.34001,165900,3.055415
2009-11-20,10.20,10.52001,10.20,10.37001,100200,3.06428
2009-11-19,10.25001,10.43001,10.11999,10.32,162300,3.049503
2009-11-18,10.49001,10.95,10.22001,10.31001,133500,3.046551
2009-11-17,10.58001,10.98,10.40001,10.53999,57600,3.114508
2009-11-16,11.00001,11.22,10.40001,10.56999,86700,3.123373
2009-11-13,10.11,10.98,9.99999,10.92999,150900,3.229751
2009-11-12,10.55001,10.89,10.08,10.13001,137100,2.993362
2009-11-11,10.95999,11.04999,10.19001,10.56999,177600,3.123373
2009-11-10,10.49001,11.07,10.01001,10.91001,168000,3.223847
2009-11-09,10.08999,10.74999,10.08999,10.56999,148800,3.123373
2009-11-06,9.69,10.25001,9.60,10.02,88500,2.960854
2009-11-05,9.71001,9.87,9.57,9.66999,53700,2.857428
2009-11-04,10.01001,10.23999,9.38001,9.48,113100,2.801287
2009-11-03,8.96001,10.17,8.79999,9.81,225600,2.8988
2009-11-02,9.42999,9.59001,8.85,9.00999,169800,2.662402
2009-10-30,10.23,10.56999,9.20001,9.39,162900,2.774693
2009-10-29,9.68001,10.44,9.47001,10.23,134700,3.022908
2009-10-28,10.40001,10.40001,9.18,9.50001,307500,2.8072
2009-10-27,10.20,10.56999,10.02,10.05,122400,2.969719
2009-10-26,10.67001,10.94001,10.05999,10.35,150300,3.058367
2009-10-23,10.80,10.92999,10.17999,10.55001,191100,3.117469
2009-10-22,11.04,11.40999,10.68,10.79001,78300,3.188388
2009-10-21,10.98,11.39001,10.86999,11.01,84300,3.253394
2009-10-20,11.46,11.46,10.74999,10.98,184500,3.244529
2009-10-19,12.170011,12.44001,11.42001,11.43999,204000,3.380453
2009-10-16,12.72999,12.72999,11.94999,12.170011,101100,3.59617
2009-10-15,12.840001,12.99999,12.59001,12.72999,32400,3.761641
2009-10-14,12.51,13.08999,12.50001,12.819991,99000,3.788236
2009-10-13,12.18,12.75,12.08001,12.42,80400,3.670041
2009-10-12,11.78001,12.27999,11.70999,12.030001,50100,3.554798
2009-10-09,11.42001,12.41001,11.40,11.58,382800,3.421825
2009-10-08,11.99001,12.09999,11.55,11.61,54900,3.43069
2009-10-07,11.70999,12.24999,11.28999,11.70999,141000,3.460237
2009-10-06,11.81001,12.27,11.54001,11.79,91800,3.483879
2009-10-05,11.10,11.82999,11.04,11.55,80100,3.412961
2009-10-02,10.67001,11.30001,10.34001,11.04,130800,3.262259
2009-10-01,12.08001,12.08001,10.68,10.68,161700,3.155881
2009-09-30,11.84001,12.89001,11.82999,12.12,151800,3.581393
2009-09-29,11.79999,12.539999,11.79999,11.99001,53100,3.542981
2009-09-28,11.61999,12.39999,11.51001,11.75001,68700,3.472063
2009-09-25,11.48001,11.94999,11.30001,11.61999,88500,3.433643
2009-09-24,13.19001,13.19001,11.58,11.66001,285000,3.445468
2009-09-23,13.22001,13.430009,12.95001,12.96999,79200,3.83256
2009-09-22,13.62,13.62,12.90999,13.46001,63600,3.977358
2009-09-21,13.550011,13.82001,12.50001,13.370009,179700,3.950763
2009-09-18,14.28999,14.810009,13.40001,13.40001,593100,3.959628
2009-09-17,14.159999,14.61,13.26,14.52999,427800,4.293531
2009-09-16,12.39999,14.019989,12.35001,14.00001,349800,4.136925
2009-09-15,11.49,12.50001,11.16,12.48999,330000,3.690723
2009-09-14,10.43001,11.31999,10.02999,11.31999,327900,3.344994
2009-09-11,10.47999,10.47999,10.05,10.47999,229200,3.096779
2009-09-10,10.13001,10.40001,10.02999,10.40001,49800,3.073145
2009-09-09,9.84999,10.22001,9.75,10.14,115200,2.996314
2009-09-08,9.51,9.99,9.33999,9.74001,144900,2.878119
2009-09-04,9.83001,9.83001,9.17001,9.60999,150900,2.810152
2009-09-03,8.97,9.84999,8.85999,9.84999,154200,2.880333
2009-09-02,8.90001,9.36,8.76999,8.79,106500,2.570371
2009-09-01,9.03999,9.39,8.82999,8.90001,105600,2.60254
2009-08-31,9.87,9.87,9.00,9.06,192000,2.649324
2009-08-28,9.44001,9.54999,9.24999,9.45999,83700,2.766289
2009-08-27,9.33,9.75,9.00999,9.42,157200,2.754595
2009-08-26,9.78,9.96,9.30,9.35001,80700,2.734129
2009-08-25,9.69,9.95001,9.54,9.74001,51300,2.848173
2009-08-24,9.51,9.87,9.42999,9.68001,80400,2.830627
2009-08-21,9.57,9.63,9.45,9.47001,96600,2.769219
2009-08-20,9.57,9.65001,9.39999,9.65001,56400,2.821855
2009-08-19,9.48999,9.63999,9.30999,9.57999,108300,2.80138
2009-08-18,9.36999,9.48,9.21,9.48,154200,2.772141
2009-08-17,9.21,9.48999,9.00,9.48,112500,2.772141
2009-08-14,10.04001,10.07001,9.30999,9.33,202500,2.728277
2009-08-13,9.45,10.14,9.36,10.14,291900,2.965138
2009-08-12,9.39,9.78999,9.09999,9.45,212400,2.763368
2009-08-11,9.17001,9.41001,8.88999,9.20001,193200,2.690266
2009-08-10,9.81,9.81,8.82,9.39,330300,2.745823
2009-08-07,11.10,11.31,9.84999,9.87,418500,2.886184
2009-08-06,11.82,12.009991,11.25,11.34,153000,3.316042
2009-08-05,12.54999,12.54999,11.97999,11.99001,157500,3.506117
2009-08-04,12.680009,12.740009,12.27999,12.54999,162600,3.669867
2009-08-03,13.550011,13.85001,12.680009,12.719999,210300,3.719581
2009-07-31,12.50001,13.17999,12.30999,13.13001,293700,3.839476
2009-07-30,12.680009,12.83001,12.29001,12.699989,117000,3.713729
2009-07-29,12.54999,12.57,11.78001,12.09999,135600,3.538278
2009-07-28,13.01001,13.01001,11.40999,12.24999,202800,3.582141
2009-07-27,12.50001,12.99,12.24,12.99,126300,3.798534
2009-07-24,12.08001,12.42999,12.00,12.38001,152100,3.620161
2009-07-23,11.85999,12.659999,11.73,12.18,257100,3.561674
2009-07-22,10.92,12.14001,10.74999,11.87001,449400,3.471027
2009-07-21,11.94999,12.170011,10.04001,10.70001,451500,3.128896
2009-07-20,9.65001,11.78001,9.65001,11.78001,512400,3.444709
2009-07-17,10.29,10.29,9.59001,9.72,190500,2.842321
2009-07-16,9.60999,10.35,9.06999,10.29,336000,3.009001
2009-07-15,9.80001,9.80001,8.79999,9.60999,420300,2.810152
2009-07-14,8.84001,10.77999,8.69001,9.54999,1064700,2.792607
2009-07-13,6.56001,8.63001,6.50001,8.46,627300,2.473872
2009-07-10,6.30,6.45,6.03,6.14001,143700,1.795461
2009-07-09,6.51,6.68001,6.17001,6.23001,202200,1.821779
2009-07-08,6.71001,6.72,6.24999,6.47001,243900,1.89196
2009-07-07,6.54,6.95001,6.50001,6.60999,377400,1.932893
2009-07-06,7.41999,7.56999,6.42,6.42,447600,1.877336
2009-07-02,7.70001,7.79001,7.25001,7.70001,173400,2.251636
2009-07-01,7.50999,7.92,7.35999,7.79001,166500,2.277954
2009-06-30,7.74999,7.83,7.43001,7.43001,204000,2.172683
2009-06-29,7.86,7.92999,7.50999,7.58001,233400,2.216546
2009-06-26,7.65,7.86999,7.40001,7.71,398400,2.254557
2009-06-25,7.44,7.92999,7.40001,7.59,185700,2.219467
2009-06-24,7.02,7.74,6.92001,7.43001,219000,2.172683
2009-06-23,6.96,7.59999,6.80001,7.08,353100,2.070333
2009-06-22,7.80,7.95999,6.96,7.07001,273000,2.067411
2009-06-19,8.73999,8.79999,7.76001,7.79001,246000,2.277954
2009-06-18,8.64,8.81001,8.52,8.73999,117600,2.555747
2009-06-17,8.73,8.99001,8.49999,8.76999,142200,2.56452
2009-06-16,9.54,9.90999,8.61999,8.64,199200,2.526508
2009-06-15,10.44,10.44,9.45,9.60,107700,2.807231
2009-06-12,10.50,10.62,9.99999,10.05,103800,2.93882
2009-06-11,10.65,10.77999,10.29999,10.52001,102600,3.07626
2009-06-10,10.65999,10.65999,10.04001,10.65,110700,3.114272
2009-06-09,10.35,10.65999,10.26,10.41,93000,3.044091
2009-06-08,10.10001,10.56,10.10001,10.26999,102600,3.003149
2009-06-05,10.95,10.95,10.40001,10.40001,109800,3.011931
2009-06-04,10.64001,11.10999,10.32,10.71999,122400,3.1046
2009-06-03,10.32999,10.89999,10.11,10.64001,154500,3.081437
2009-06-02,9.99999,10.56999,9.99999,10.17,225600,2.945318
2009-06-01,10.83999,10.97001,10.14999,10.17,134400,2.945318
2009-05-29,10.71999,10.83999,10.28001,10.83999,159600,3.139352
2009-05-28,10.44999,10.53,9.78999,10.53,109500,3.049577
2009-05-27,10.58001,10.89999,10.23999,10.26999,101400,2.974276
2009-05-26,9.69,10.77,9.51,10.68,155700,3.093018
2009-05-22,9.87999,9.87999,9.51,9.69,143400,2.806306
2009-05-21,9.93,10.31001,9.75,9.75,135900,2.823682
2009-05-20,10.40001,10.59999,10.22001,10.25001,70500,2.968489
2009-05-19,10.31001,10.50999,10.16001,10.40001,57000,3.011931
2009-05-18,10.11999,10.53,10.10001,10.43001,152700,3.020619
2009-05-15,11.03001,11.06001,10.11,10.14999,117000,2.939523
2009-05-14,10.35999,11.33001,10.14999,11.04999,139800,3.20017
2009-05-13,11.13999,11.13999,10.17999,10.23,141300,2.962694
2009-05-12,11.40,11.48001,10.86999,11.13,132000,3.223342
2009-05-11,10.07001,11.28,9.51999,11.28,195600,3.266783
2009-05-08,10.41,10.41,9.90,9.90,190800,2.867124
2009-05-07,11.01999,11.01999,10.20999,10.23,183600,2.962694
2009-05-06,11.24001,11.28,10.50,10.68999,136800,3.095911
2009-05-05,11.15001,11.19999,10.62,11.07,162000,3.205965
2009-05-04,10.40001,11.58,10.40001,11.03001,120600,3.194384
2009-05-01,10.65,10.68999,10.07001,10.53,242100,3.049577
2009-04-30,10.59999,10.85001,10.46001,10.64001,118800,3.081437
2009-04-29,10.97001,10.97001,10.50999,10.68,124200,3.093018
2009-04-28,11.15001,11.40,10.98,10.98,46200,3.179901
2009-04-27,11.70999,11.70999,11.07999,11.40,59400,3.301536
2009-04-24,11.82999,13.19001,11.70999,11.70999,145500,3.391312
2009-04-23,11.39001,12.08001,11.12001,11.67999,134700,3.382624
2009-04-22,10.20999,11.84001,10.20999,11.34,77400,3.28416
2009-04-21,10.16001,10.80,9.99999,10.35999,52800,3.000341
2009-04-20,11.18001,11.18001,10.14,10.26,164400,2.971383
2009-04-17,11.00001,11.33001,10.59999,11.33001,284700,3.281266
2009-04-16,10.71,11.18001,10.71,11.07,108300,3.205965
2009-04-15,10.50,10.70001,10.05999,10.50999,74700,3.043782
2009-04-14,10.62999,10.98,10.35,10.56999,135600,3.061158
2009-04-13,10.71999,10.89999,10.16001,10.74999,105600,3.113288
2009-04-09,10.35999,10.97001,10.35999,10.76001,62400,3.11619
2009-04-08,9.84,10.14999,9.84,10.14,83700,2.93663
2009-04-07,9.75,9.90999,9.66999,9.74001,130500,2.820789
2009-04-06,9.93999,9.95001,9.60999,9.80001,162000,2.838166
2009-04-03,9.60999,10.01001,9.39,9.95001,233100,2.881607
2009-04-02,9.57,10.32,9.44001,9.78999,110700,2.835264
2009-04-01,9.20001,9.36999,8.90001,9.29001,65100,2.690465
2009-03-31,9.23001,10.04001,9.03999,9.38001,124200,2.71653
2009-03-30,9.18,9.18,8.64,8.91,112800,2.580411
2009-03-27,9.65001,9.74001,8.99001,9.20001,123600,2.6644
2009-03-26,8.73999,9.81999,8.70,9.81999,154800,2.843952
2009-03-25,9.18999,9.30,8.64,8.67,87000,2.510905
2009-03-24,9.24,9.48999,8.94999,9.09999,213000,2.635434
2009-03-23,8.94999,9.39999,8.85999,9.36,104400,2.710735
2009-03-20,9.48999,9.48999,8.46,8.88,314400,2.571723
2009-03-19,9.09999,9.57,8.93001,9.41001,325800,2.725218
2009-03-18,8.76999,9.05001,8.33001,8.84001,261900,2.560142
2009-03-17,8.13999,9.12999,7.95999,8.64999,305100,2.50511
2009-03-16,9.02001,9.02001,7.64001,8.16999,397800,2.366098
2009-03-13,9.30,9.81999,8.94,9.02001,301500,2.612271
2009-03-12,7.98999,9.29001,7.83999,9.15999,529200,2.65281
2009-03-11,8.25,8.25,7.80999,7.95,930300,2.302387
2009-03-10,8.03001,8.30001,7.77,8.00001,829800,2.31687
2009-03-09,8.52,8.97999,7.50999,7.83,295200,2.267634
2009-03-06,9.65001,9.65001,8.43999,8.85999,316800,2.565928
2009-03-05,10.53999,10.61001,9.35001,9.35001,340200,2.678884
2009-03-04,10.59999,10.80,10.23999,10.52001,324900,3.014102
2009-03-03,11.49,11.96001,10.50,10.59999,282000,3.037017
2009-03-02,12.42999,12.48,11.07,11.54001,396000,3.306344
2009-02-27,12.32001,12.50001,12.050011,12.48999,249900,3.578524
2009-02-26,12.65001,13.38,12.38001,12.38001,130500,3.547013
2009-02-25,12.680009,12.939991,12.009991,12.32001,279300,3.529823
2009-02-24,12.30,12.93,11.96001,12.93,110700,3.704592
2009-02-23,12.740009,12.93,11.91999,12.20001,145800,3.495441
2009-02-20,12.72999,13.05,12.47001,12.77001,188100,3.658753
2009-02-19,13.56,13.82001,13.13001,13.16001,87000,3.770492
2009-02-18,14.28999,14.39001,13.08999,13.71999,133500,3.930933
2009-02-17,14.930009,14.96001,14.00001,14.39001,111900,4.122901
2009-02-13,15.069991,15.09999,14.75001,14.990009,59700,4.294808
2009-02-12,15.00,15.230011,14.31,15.150001,105000,4.340647
2009-02-11,14.54001,15.44001,14.300011,15.44001,165600,4.423738
2009-02-10,15.00,15.00,14.34999,14.64999,76800,4.197388
2009-02-09,14.76,15.15999,14.76,15.09999,100200,4.326318
2009-02-06,15.069991,15.57,14.75001,15.24999,138600,4.369295
2009-02-05,14.51001,15.24999,14.379991,15.069991,122400,4.317723
2009-02-04,14.60001,15.210001,14.31,14.75001,263400,4.226045
2009-02-03,15.170011,15.920011,14.01,14.49999,516300,4.154412
2009-02-02,14.15001,15.579989,13.98,15.150001,206100,4.340647
2009-01-30,15.51,15.51,14.16999,14.849999,182100,4.254693
2009-01-29,15.33,15.939991,15.21999,15.48,221400,4.435195
2009-01-28,14.75001,15.759991,14.73999,15.39999,184800,4.412272
2009-01-27,14.379991,15.14001,13.88001,14.789999,333300,4.237503
2009-01-26,14.39001,15.36999,14.300011,14.379991,345600,4.12003
2009-01-23,13.20,14.45001,13.20,14.139989,148200,4.051267
2009-01-22,14.280001,14.75001,13.59999,13.85001,136800,3.968185
2009-01-21,13.20999,14.300011,12.50001,14.300011,197100,4.097115
2009-01-20,14.25,14.360011,12.71001,12.71001,342000,3.641562
2009-01-16,14.949989,15.35001,13.56,14.16999,362400,4.059863
2009-01-15,13.13001,14.70,12.00,14.70,221700,4.211717
2009-01-14,12.66999,14.120009,12.47001,13.349999,279300,3.824926
2009-01-13,11.76999,12.699989,11.76999,12.599999,156900,3.610043
2009-01-12,13.17999,13.17999,12.09999,12.09999,187800,3.466784
2009-01-09,13.16001,13.590001,12.210001,13.20999,237300,3.784812
2009-01-08,12.00,13.689991,12.00,13.10001,398700,3.753302
2009-01-07,12.14001,12.33,11.81001,11.94999,81900,3.423808
2009-01-06,11.49999,12.519989,11.49999,12.00,111300,3.438136
2009-01-05,12.20001,12.27,11.00001,11.60001,142500,3.323534
2009-01-02,11.01,12.30,10.70001,12.30,164700,3.524089
2008-12-31,12.66999,12.780001,10.70001,10.70001,394200,3.065674
2008-12-30,13.310009,13.310009,12.030001,12.65001,135300,3.624371
2008-12-29,13.58001,14.01,13.02,13.20,107400,3.78195
2008-12-26,13.62,13.83,13.23,13.56,48000,3.885094
2008-12-24,13.349999,13.550011,12.95001,13.550011,21300,3.882232
2008-12-23,13.47999,13.92999,13.17,13.349999,51300,3.824926
2008-12-22,14.099999,14.39001,12.99999,13.449989,79500,3.853574
2008-12-19,15.900001,16.17999,14.300011,14.300011,145500,4.097115
2008-12-18,15.84999,16.23999,15.12,15.48,57600,4.435195
2008-12-17,15.00,16.29999,15.00,15.75,129000,4.512554
2008-12-16,14.990009,15.39999,14.73,15.39999,95400,4.412272
2008-12-15,14.969999,15.00,14.300011,14.990009,81000,4.294808
2008-12-12,13.509991,15.00,12.44001,15.00,111300,4.29767
2008-12-11,14.180009,14.870009,13.289999,14.099999,215400,4.03981
2008-12-10,13.349999,14.439991,13.02,14.00001,140100,4.011162
2008-12-09,14.340001,14.57001,12.57,13.22001,149100,3.787683
2008-12-08,12.860011,14.55999,12.860011,14.25,101400,4.082787
2008-12-05,12.189991,12.72999,11.49,12.599999,99900,3.581394
2008-12-04,12.800011,13.11,12.36999,12.50001,111900,3.552973
2008-12-03,11.84001,13.20,11.34999,13.20,66900,3.751937
2008-12-02,12.210001,12.33,11.24001,11.81001,150300,3.35685
2008-12-01,13.80,14.420011,12.00,12.00,229200,3.410852
2008-11-28,13.449989,14.03001,12.69,14.00001,123600,3.97933
2008-11-26,10.05,13.46001,9.99,13.409999,63600,3.811627
2008-11-25,10.10001,10.44999,9.78999,10.14999,66000,2.88501
2008-11-24,9.36999,10.41,8.94,10.20,106800,2.899224
2008-11-21,9.05001,9.51999,7.59999,9.24999,126600,2.629195
2008-11-20,10.07001,10.23,8.13999,8.90001,398100,2.529718
2008-11-19,10.95,11.39001,10.61001,10.61001,160800,3.015764
2008-11-18,11.49999,11.67999,11.00001,11.07999,131400,3.149351
2008-11-17,11.93001,11.93001,11.10,11.55999,60000,3.285784
2008-11-14,12.48999,12.900001,11.97,12.02001,36300,3.41654
2008-11-13,10.80,13.10001,10.68,13.10001,108300,3.723516
2008-11-12,11.49999,11.99001,10.70001,10.70001,353400,3.041346
2008-11-11,11.10,11.84001,10.79001,11.49999,510300,3.26873
2008-11-10,11.82,11.99001,10.74999,11.10,120300,3.155038
2008-11-07,12.36999,12.99999,11.49999,11.69001,221100,3.322741
2008-11-06,12.99999,13.11,12.189991,12.189991,98400,3.464854
2008-11-05,14.73999,14.73999,12.860011,12.99999,156600,3.695087
2008-11-04,14.75001,15.39999,14.00001,14.94,159600,4.246511
2008-11-03,14.340001,14.49999,13.329989,14.159999,203700,4.024805
2008-10-31,9.93999,14.319991,9.90,14.319991,271500,4.070281
2008-10-30,7.95999,9.90,7.74999,9.90,152100,2.813953
2008-10-29,6.98001,7.95,6.65001,7.65999,149100,2.177258
2008-10-28,7.67001,7.86,6.66,6.80001,192300,1.932819
2008-10-27,7.95,7.95999,7.25001,7.46001,101400,2.120416
2008-10-24,7.11999,8.54001,7.11999,7.74999,103500,2.202839
2008-10-23,7.74999,8.49999,7.56999,8.49999,134100,2.416017
2008-10-22,9.87,9.87,7.47999,7.59999,151200,2.160203
2008-10-21,10.56,10.71999,9.96,10.14,62700,2.88217
2008-10-20,10.25001,10.76001,9.81,10.44999,133800,2.970281
2008-10-17,8.60001,10.05,8.58999,9.50001,192900,2.700261
2008-10-16,10.40001,10.41999,8.15001,8.75001,309600,2.487082
2008-10-15,12.24,12.54999,9.81999,9.99,153000,2.839534
2008-10-14,12.93,14.00001,11.64,12.24,175200,3.479069
2008-10-13,11.55,13.28001,11.10,12.99999,47400,3.695087
2008-10-10,11.10,12.20001,9.56001,10.37001,277500,2.947547
2008-10-09,15.42,15.42,10.05999,11.70999,903900,3.32842
2008-10-08,15.99999,16.29999,12.59001,14.930009,186900,4.243671
2008-10-07,17.27001,17.75001,15.36,15.84999,170100,4.505164
2008-10-06,15.08001,17.099999,14.120009,17.099999,100200,4.860464
2008-10-03,17.70,17.75001,15.14001,15.36,132300,4.36589
2008-10-02,16.91001,18.00,16.47999,17.300011,239700,4.917315
2008-10-01,17.70,17.76,16.08,17.31,126900,4.920154
2008-09-30,16.38,18.00,14.28999,18.00,361800,5.116278
2008-09-29,17.58999,17.84001,15.39999,16.47999,66000,4.684234
2008-09-26,17.21001,18.150001,16.74999,17.49,202500,4.971317
2008-09-25,18.050011,19.59999,17.00001,17.400001,183600,4.945735
2008-09-24,17.76,21.50001,17.19,17.75001,232500,5.045221
2008-09-23,17.139989,20.00001,17.00001,17.400001,204000,4.945735
2008-09-22,18.39999,18.65001,16.74999,17.19,75000,4.886045
2008-09-19,15.00,18.00,15.00,17.70,242700,5.031007
2008-09-18,14.04999,14.49999,13.59999,14.039999,234900,3.990697
2008-09-17,14.88,14.88,14.139989,14.159999,223500,4.024805
2008-09-16,14.85999,15.54999,14.51001,14.97999,175200,4.257877
2008-09-15,15.39,15.39,14.45001,14.849999,177300,4.220929
2008-09-12,15.090001,15.71001,15.03999,15.41001,97800,4.380105
2008-09-11,14.769989,15.15999,14.439991,15.110011,149100,4.294834
2008-09-10,15.59001,15.59001,14.96001,14.96001,136500,4.252198
2008-09-09,16.289999,16.530001,15.32001,15.519989,172500,4.411366
2008-09-08,16.689991,17.060009,16.11,16.34001,81300,4.644446
2008-09-05,16.20,16.689991,15.860011,16.56,221100,4.678555
2008-09-04,16.76001,17.199989,16.11999,16.23999,201600,4.588145
2008-09-03,17.52,17.69001,16.670011,16.80999,261600,4.749182
2008-09-02,18.620009,18.639989,17.420011,17.54001,246600,4.955429
2008-08-29,18.65001,18.65001,18.03999,18.33,214500,5.178618
2008-08-28,18.27999,18.65001,18.08001,18.579989,156600,5.249245
2008-08-27,18.150001,18.36999,17.55,18.27,242100,5.161667
2008-08-26,18.35001,18.69,18.24999,18.26001,165600,5.158844
2008-08-25,19.10001,19.10001,18.00,18.24999,309900,5.156013
2008-08-22,19.310009,19.409999,18.599999,19.16001,225600,5.413113
2008-08-21,19.50,19.83,19.10001,19.11,189600,5.398984
2008-08-20,19.11,19.95999,18.90999,19.76001,173100,5.582626
2008-08-19,19.50,19.77,19.05,19.17999,171000,5.418758
2008-08-18,20.31,20.49999,19.509991,19.82001,235200,5.599577
2008-08-15,21.150001,21.150001,20.03001,20.13,210000,5.687156
2008-08-14,20.69001,21.009991,20.280001,20.930009,218400,5.913176
2008-08-13,20.439991,20.75001,20.27001,20.60001,142500,5.819944
2008-08-12,20.63001,20.82,20.16999,20.259991,237900,5.723881
2008-08-11,21.110011,21.33999,20.43,20.88,148200,5.899047
2008-08-08,21.09999,21.65001,20.76,21.129991,196200,5.969675
2008-08-07,21.45,21.840001,20.76,21.24,244800,6.000755
2008-08-06,21.30,21.69,21.150001,21.57,195900,6.093987
2008-08-05,21.45,21.53001,20.870009,21.47001,191700,6.065738
2008-08-04,21.93,22.08,21.33999,21.39,161700,6.043133
2008-08-01,22.74999,23.199989,22.05999,22.13001,155700,6.252202
2008-07-31,22.80,23.52999,22.74999,22.86,180900,6.45844
2008-07-30,22.95,23.460001,22.71999,23.39001,94200,6.608179
2008-07-29,22.79001,23.07,22.610011,22.86,155700,6.45844
2008-07-28,22.41999,23.00001,22.20999,22.710001,140100,6.416062
2008-07-25,23.019989,23.240009,22.50,22.59999,273300,6.384981
2008-07-24,23.870009,23.870009,22.89999,22.97001,155100,6.48952
2008-07-23,24.060001,24.170011,23.280001,23.64,161400,6.678807
2008-07-22,24.159991,24.540001,23.78001,24.230009,196200,6.845497
2008-07-21,24.48,24.939989,24.24999,24.48999,243300,6.918947
2008-07-18,24.780001,24.780001,24.159991,24.540001,131700,6.933076
2008-07-17,24.36999,24.549989,24.02001,24.540001,306300,6.933076
2008-07-16,23.90001,24.41001,23.25,24.399991,173700,6.89352
2008-07-15,23.849999,24.33999,23.219999,23.990009,125400,6.777692
2008-07-14,24.449999,24.45999,23.39001,24.279991,128100,6.859618
2008-07-11,24.60999,24.699989,24.170011,24.440011,228300,6.904827
2008-07-10,24.65001,24.860009,24.02001,24.680011,137700,6.972632
2008-07-09,24.759991,25.050001,24.50001,24.519991,121800,6.927423
2008-07-08,24.87,25.25001,23.889989,25.050001,165000,7.077162
2008-07-07,26.120009,26.120009,24.800011,25.149991,177000,7.105411
2008-07-03,26.51001,26.690011,25.269991,26.180011,267900,7.396414
2008-07-02,27.800011,27.800011,26.49999,26.51001,279600,7.489646
2008-07-01,27.09999,27.639991,26.73999,27.639991,243900,7.80889
2008-06-30,26.930011,27.99999,26.930011,27.24999,240000,7.698706
2008-06-27,28.430011,28.430011,27.36999,27.810001,1489500,7.856921
2008-06-26,28.47999,28.47999,27.039991,28.290001,403200,7.992531
2008-06-25,27.050011,28.199999,27.009991,27.599999,326400,7.797591
2008-06-24,28.91001,28.91001,27.159991,27.24999,236100,7.698706
2008-06-23,29.400001,29.400001,28.419989,28.98,240000,8.187471
2008-06-20,30.00,30.24,29.219999,29.219999,337800,8.255276
2008-06-19,29.969999,30.449999,29.799989,30.080011,96600,8.498248
2008-06-18,29.90001,30.09999,29.420011,29.97999,246900,8.46999
2008-06-17,29.870009,30.069989,29.310001,29.679989,89400,8.385233
2008-06-16,29.679989,30.350009,29.649991,29.90001,210300,8.447394
2008-06-13,28.700011,31.14,28.659991,29.90001,468300,8.447394
2008-06-12,28.199999,28.83999,28.199999,28.449989,271200,8.037732
2008-06-11,28.970009,29.090009,28.50,28.50,112200,8.051861
2008-06-10,29.420011,29.420011,28.509991,28.800001,153300,8.136617
2008-06-09,29.75001,30.200011,29.019991,29.670001,139500,8.382411
2008-06-06,30.300001,30.639991,29.49999,29.49999,193800,8.334379
2008-06-05,30.300001,31.40001,30.300001,31.070011,158400,8.749695
2008-06-04,30.060001,30.680011,30.060001,30.300001,202200,8.532851
2008-06-03,30.84999,30.909991,30.09999,30.26001,240300,8.521588
2008-06-02,30.189989,31.14,30.189989,30.660001,200100,8.634231
2008-05-30,32.180011,32.46999,30.759991,31.23999,158100,8.797563
2008-05-29,29.699999,30.839999,29.330011,30.780001,81000,8.668024
2008-05-28,28.62,29.73999,28.550011,29.58999,171900,8.332903
2008-05-27,27.900001,28.62,27.590009,28.62,150000,8.059742
2008-05-23,28.070011,28.190011,27.420001,27.800011,120600,7.828823
2008-05-22,28.550011,28.899991,27.99,28.35999,124200,7.98652
2008-05-21,28.50,28.700011,28.059989,28.670011,152100,8.073825
2008-05-20,29.300011,29.300011,27.99999,28.430011,114600,8.006238
2008-05-19,28.71999,29.550001,28.539991,29.189999,123300,8.22026
2008-05-16,28.700011,28.700011,28.050001,28.580011,101700,8.04848
2008-05-15,28.659991,29.160001,28.170001,28.59999,160800,8.054107
2008-05-14,28.149991,28.86,28.149991,28.709999,88800,8.085087
2008-05-13,28.59999,28.59999,27.939989,27.939989,100500,7.868242
2008-05-12,27.99999,28.469999,27.99999,28.469999,109200,8.0175
2008-05-09,27.900001,28.220009,27.540001,28.01001,81300,7.887961
2008-05-08,26.799989,28.28001,26.300011,28.28001,160200,7.963996
2008-05-07,27.99999,28.13001,26.870009,26.889991,155400,7.57255
2008-05-06,27.579989,27.99999,27.48,27.99999,93300,7.885139
2008-05-05,27.200011,27.939989,26.799989,27.689999,204900,7.797842
2008-05-02,28.610009,28.86,27.050011,27.350009,191400,7.702097
2008-05-01,26.600009,28.610009,26.550001,28.38,185100,7.992155
2008-04-30,27.050011,27.75,26.58999,26.61,163500,7.493701
2008-04-29,27.200011,27.50001,26.939999,26.949989,77700,7.589446
2008-04-28,27.080011,27.579989,26.600009,27.14001,121500,7.642958
2008-04-25,27.99999,27.99999,26.85999,27.21999,85200,7.665482
2008-04-24,27.080011,27.839999,26.600009,27.60999,100800,7.775311
2008-04-23,26.51001,27.60999,25.949999,27.009991,133200,7.606343
2008-04-22,27.620009,27.620009,26.529991,26.529991,261900,7.47117
2008-04-21,27.689999,27.900001,27.48,27.699989,85200,7.800655
2008-04-18,27.50001,27.839999,27.200011,27.699989,132300,7.800655
2008-04-17,26.88,27.50001,26.73999,27.09999,131700,7.631688
2008-04-16,25.929989,27.170011,25.809989,26.870009,106500,7.566923
2008-04-15,25.35999,25.74,24.860009,25.689989,138600,7.234615
2008-04-14,24.710009,25.709999,24.519991,25.070011,276600,7.060021
2008-04-11,24.900001,25.290001,24.50001,24.51,124800,6.902316
2008-04-10,24.959999,25.25001,24.759991,25.050001,223500,7.054386
2008-04-09,25.569989,25.74,24.879991,24.959999,234900,7.029041
2008-04-08,24.99999,25.74999,24.77001,25.340009,342300,7.136056
2008-04-07,24.930001,25.490009,24.710009,24.99999,256500,7.040303
2008-04-04,24.710009,25.170001,24.429989,24.810001,243300,6.9868
2008-04-03,24.45999,24.959999,24.159991,24.50001,231300,6.899502
2008-04-02,24.50001,25.01001,24.24999,24.63,165600,6.936109
2008-04-01,23.54001,24.780001,23.37,24.209999,195000,6.817832
2008-03-31,23.51001,23.889989,22.80,23.39001,235800,6.586913
2008-03-28,23.28999,24.180001,23.28999,23.319991,123300,6.567194
2008-03-27,23.849999,24.00,23.13,23.28999,278400,6.558746
2008-03-26,22.89999,24.00,22.89999,23.70,358800,6.67421
2008-03-25,22.82001,23.37,22.80,23.04999,609000,6.491159
2008-03-24,22.74,23.379991,22.730011,22.85001,704100,6.434842
2008-03-20,23.04999,23.76,22.32,22.74,589200,6.403862
2008-03-19,22.40001,23.09001,22.14999,22.349999,213900,6.294033
2008-03-18,21.99999,22.77999,21.39999,22.16001,254100,6.24053
2008-03-17,21.39999,22.64001,20.75001,21.99999,233100,6.195466
2008-03-14,21.87,23.49999,21.87,21.99999,290400,6.195466
2008-03-13,22.08999,23.49999,21.48999,23.27001,221100,6.553119
2008-03-12,21.95001,22.77999,21.699989,22.29999,156900,6.27995
2008-03-11,20.49,21.96999,20.45001,21.95001,359700,6.181391
2008-03-10,19.89999,20.34999,19.710001,20.01,186000,5.635061
2008-03-07,20.25,20.379991,19.23999,19.74999,231600,5.561839
2008-03-06,20.82,21.54999,20.25,20.25,140400,5.674489
2008-03-05,19.92999,20.91999,19.530001,20.90001,170400,5.856636
2008-03-04,19.70001,20.33001,19.289999,20.04999,137100,5.618442
2008-03-03,19.29999,19.89,19.08,19.85001,158400,5.562403
2008-02-29,19.64001,20.099999,19.02999,19.329989,319200,5.416682
2008-02-28,20.07,20.33001,19.409999,19.83999,247200,5.559595
2008-02-27,19.89999,20.61,19.79001,20.15001,147600,5.646469
2008-02-26,20.51001,20.870009,20.01,20.04999,173400,5.618442
2008-02-25,20.439991,20.64999,19.590001,20.61999,132000,5.778168
2008-02-22,19.58001,20.199989,19.17999,20.079989,150900,5.626848
2008-02-21,19.91001,20.19,19.44,19.590001,251400,5.489543
2008-02-20,18.920011,19.89,18.920011,19.86999,120900,5.568002
2008-02-19,19.08,19.269989,18.99,18.99999,129600,5.324209
2008-02-15,18.900001,19.04001,18.33,18.87,182700,5.287783
2008-02-14,19.569991,20.079989,18.93,18.99999,174600,5.324209
2008-02-13,19.01001,19.68,18.69,19.50,132300,5.464322
2008-02-12,18.39999,18.819991,18.39,18.59001,85800,5.209324
2008-02-11,18.00,18.33999,17.72001,18.33,78900,5.136463
2008-02-08,18.110011,18.36,17.96001,18.02001,109200,5.049597
2008-02-07,18.06,18.36999,17.810009,18.06,122400,5.060803
2008-02-06,18.170011,18.639989,17.49999,18.090001,348600,5.06921
2008-02-05,17.75001,18.12,17.58999,18.00,285600,5.04399
2008-02-04,17.400001,18.150001,17.16999,18.02001,249000,5.049597
2008-02-01,16.509991,17.67999,16.509991,17.420011,277800,4.881464
2008-01-31,15.63,16.629991,15.539999,16.29999,175800,4.56761
2008-01-30,15.66999,16.590001,15.42999,15.879991,234300,4.449917
2008-01-29,15.95001,15.95001,15.45,15.599999,139500,4.371458
2008-01-28,15.00,15.980011,14.75001,15.900001,248700,4.455525
2008-01-25,15.740009,15.83001,14.990009,15.09999,399000,4.231344
2008-01-24,15.780001,16.02999,15.44001,15.579989,246600,4.365851
2008-01-23,14.400001,15.84999,14.199989,15.71001,266700,4.402285
2008-01-22,13.85001,15.15999,13.23,14.76,413100,4.136072
2008-01-18,14.51001,14.849999,13.83,14.51001,286500,4.066019
2008-01-17,14.94,15.129991,14.51001,14.52,233100,4.068819
2008-01-16,15.09999,15.09999,14.22999,14.930009,343200,4.183712
2008-01-15,14.76,15.230011,14.76,15.050011,242700,4.217339
2008-01-14,15.12,15.599999,14.52,15.00,213000,4.203325
2008-01-11,14.909999,15.54999,14.909999,14.990009,119100,4.200525
2008-01-10,14.360011,15.27,14.199989,15.02001,147600,4.208932
2008-01-09,14.180009,14.90001,14.01,14.55999,184800,4.080025
2008-01-08,14.949989,15.33999,14.139989,14.139989,191700,3.962331
2008-01-07,15.09999,15.170011,14.120009,15.02001,471000,4.208932
2008-01-04,15.150001,15.24999,14.34999,14.949989,252300,4.189311
2008-01-03,15.42999,15.78999,15.15999,15.44001,159000,4.326625
2008-01-02,15.879991,15.960001,15.32001,15.50001,212400,4.343438
2007-12-31,15.980011,16.38,15.800011,15.939991,141000,4.466731
2007-12-28,16.449989,16.79001,16.20,16.22001,135000,4.545198
2007-12-27,17.28999,17.400001,15.960001,16.20,220500,4.539591
2007-12-26,17.280001,17.58,17.16999,17.28999,179700,4.84503
2007-12-24,16.79001,17.45001,16.530001,17.45001,60600,4.889871
2007-12-21,16.509991,17.25,16.509991,16.530001,303900,4.632064
2007-12-20,16.85001,17.03001,15.900001,16.16001,251100,4.528385
2007-12-19,16.11999,16.71999,15.900001,16.64001,168300,4.662891
2007-12-18,16.74999,16.74999,15.99999,16.04001,326700,4.494758
2007-12-17,17.55,17.84001,16.29999,16.409999,271800,4.598437
2007-12-14,18.00,18.32001,17.52,17.61999,180000,4.937503
2007-12-13,18.00,18.42999,17.67,18.33999,166200,5.139262
2007-12-12,18.71001,18.90999,17.85999,18.24,168000,5.111243
2007-12-11,19.92999,20.019989,18.069991,18.069991,300600,5.063603
2007-12-10,18.740009,19.86999,18.599999,19.80999,176400,5.551188
2007-12-07,18.860011,18.860011,18.41001,18.699989,99300,5.240142
2007-12-06,18.00,18.579989,17.91999,18.53001,125700,5.19251
2007-12-05,17.97999,18.24999,17.60001,18.150001,135000,5.086023
2007-12-04,18.12,18.77001,17.63001,17.75001,191100,4.945918
2007-12-03,18.20001,18.59001,17.79999,18.44001,275700,5.138182
2007-11-30,19.25001,20.019989,18.20001,18.32001,275100,5.104745
2007-11-29,19.569991,20.120009,18.879991,18.879991,165300,5.260779
2007-11-28,19.02,19.80999,19.02,19.569991,161400,5.453043
2007-11-27,18.50001,19.349999,18.27,18.819991,209700,5.244061
2007-11-26,19.74,19.89,18.51,18.539999,228000,5.166043
2007-11-23,19.329989,20.28999,18.99,19.89999,120300,5.544995
2007-11-21,20.039999,20.67,18.900001,19.40001,254100,5.405679
2007-11-20,20.099999,20.66001,19.88001,20.240009,173400,5.639739
2007-11-19,20.420011,20.57001,19.97001,20.22999,183000,5.636947
2007-11-16,21.230011,21.579989,20.789999,20.96001,176400,5.840362
2007-11-15,22.14,22.14,20.849999,21.230011,238800,5.915596
2007-11-14,22.590001,22.91001,21.99999,22.14,142800,6.169159
2007-11-13,22.35999,22.79001,22.11,22.62,214500,6.302907
2007-11-12,22.59999,23.420011,22.28001,22.349999,224400,6.227673
2007-11-09,22.65999,23.25,22.10001,22.92999,289800,6.389284
2007-11-08,23.49999,23.72001,22.370009,23.10999,248100,6.43944
2007-11-07,22.92,24.470009,22.92,23.259991,177000,6.481236
2007-11-06,24.02001,24.48999,23.55999,24.33999,220200,6.78217
2007-11-05,24.660001,24.800011,24.170011,24.27,142200,6.762668
2007-11-02,25.100009,25.28001,24.699989,24.959999,159000,6.954932
2007-11-01,26.49999,26.75001,25.26,25.460009,249000,7.094256
2007-10-31,26.670001,26.88,26.360009,26.690011,213000,7.436988
2007-10-30,26.330011,26.840009,26.15001,26.400001,199800,7.356178
2007-10-29,26.00001,26.70999,25.76001,26.49999,452400,7.38404
2007-10-26,25.04001,26.040001,24.719999,25.940011,529200,7.228005
2007-10-25,24.830011,25.20999,24.129991,24.789991,404100,6.90756
2007-10-24,24.99999,25.23999,23.91999,24.830011,415500,6.918712
2007-10-23,23.00001,24.909991,22.650001,24.569999,665100,6.846261
2007-10-22,23.70999,25.199999,22.62,23.019989,735300,6.414361
2007-10-19,23.03001,23.70999,22.329989,23.70,962700,6.603842
2007-10-18,22.59999,23.27001,22.17,23.15001,300900,6.450591
2007-10-17,23.00001,23.33001,22.25001,22.50,475200,6.26947
2007-10-16,22.85001,23.55999,22.50,22.58001,974100,6.291764
2007-10-15,23.199989,24.030001,22.610011,23.180009,1104000,6.45895
2007-10-12,23.15001,24.33999,23.13,23.34999,744000,6.506314
2007-10-11,24.230009,24.230009,22.83,23.079989,400500,6.43108
2007-10-10,23.58999,23.889989,23.180009,23.73,132000,6.612201
2007-10-09,23.25,24.089999,23.25,23.45001,143100,6.534184
2007-10-08,23.72001,23.829989,23.04999,23.439991,168900,6.531392
2007-10-05,24.36,24.420001,23.340001,24.060001,224400,6.704154
2007-10-04,24.150001,24.39,23.43,23.96001,111600,6.676292
2007-10-03,25.100009,25.35999,23.49999,24.14001,201300,6.726447
2007-10-02,24.84999,25.26,24.740009,25.16001,124500,7.010664
2007-10-01,23.73999,24.77001,23.139989,24.669989,209400,6.874122
2007-09-28,24.950011,25.940011,23.75001,23.75001,191400,6.617777
2007-09-27,24.27,25.190011,24.00,25.13001,232200,7.002304
2007-09-26,24.200011,24.72999,23.55999,24.36,241200,6.787746
2007-09-25,24.45999,25.02,23.27001,24.329999,343500,6.779387
2007-09-24,25.59999,25.98,24.14001,24.669989,250500,6.874122
2007-09-21,24.719999,25.74999,24.590009,25.149991,273900,7.007872
2007-09-20,23.90001,24.780001,23.49,24.719999,243900,6.888058
2007-09-19,23.55,24.50001,23.060009,24.089999,251100,6.712512
2007-09-18,22.269989,23.61,21.900001,23.40999,231000,6.523032
2007-09-17,22.46001,23.019989,21.840001,22.269989,222600,6.205379
2007-09-14,22.08,22.74999,21.620009,22.47999,127800,6.263894
2007-09-13,21.939991,22.670011,21.30,22.370009,186000,6.233249
2007-09-12,23.09001,23.09001,21.699989,21.78999,241500,6.071631
2007-09-11,21.87,22.730011,21.680009,22.629991,178500,6.305691
2007-09-10,21.759991,21.920011,20.97999,21.87,206400,6.093925
2007-09-07,23.00001,23.00001,21.59001,22.20,201900,6.185877
2007-09-06,22.86999,23.810009,21.95001,23.25,379800,6.478452
2007-09-05,23.64999,23.73999,22.01001,22.86999,255300,6.372565
2007-09-04,23.889989,24.909991,23.480011,23.90001,252600,6.631712
2007-08-31,23.00001,23.91999,22.23999,23.49999,348600,6.520715
2007-08-30,21.050011,22.94001,21.050011,22.83,293100,6.334808
2007-08-29,20.94,21.48999,20.120009,21.30,246600,5.910268
2007-08-28,20.49,21.150001,19.94001,20.360011,277200,5.649442
2007-08-27,21.170011,21.759991,20.58999,20.849999,261300,5.785403
2007-08-24,20.15001,21.48,19.82001,21.48,226200,5.960214
2007-08-23,19.83999,20.90001,19.23,20.21001,235800,5.60782
2007-08-22,19.77,19.82001,19.02,19.370009,252000,5.374739
2007-08-21,20.25,20.55999,19.29999,19.65999,269700,5.455202
2007-08-20,20.460001,20.79999,19.349999,20.259991,382500,5.621689
2007-08-17,20.78001,21.99999,19.83,20.54001,777900,5.699388
2007-08-16,17.969999,20.810009,17.969999,20.67999,477300,5.738229
2007-08-15,19.02999,19.47999,18.189991,18.24,254100,5.061187
2007-08-14,19.550011,20.88,18.579989,18.980011,597300,5.266523
2007-08-13,21.699989,21.699989,19.29999,19.77,520200,5.485728
2007-08-10,21.44001,22.10001,18.48999,20.90001,639900,5.79928
2007-08-09,19.82001,22.95,14.73999,21.99,982800,6.101727
2007-08-08,17.10999,21.560009,16.89999,21.38001,882000,5.932469
2007-08-07,16.34001,17.84001,16.10001,16.83999,424200,4.672716
2007-08-06,15.24,16.74999,14.789999,16.53999,291900,4.589473
2007-08-03,16.89999,16.89999,15.24,15.44001,270900,4.284253
2007-08-02,15.90999,16.95999,15.719999,16.94001,217500,4.700469
2007-08-01,15.519989,16.32,15.519989,16.05,192000,4.453512
2007-07-31,16.710001,16.74,15.840001,16.409999,243900,4.553403
2007-07-30,15.75,16.89999,15.51,16.530001,141300,4.586701
2007-07-27,16.70001,16.70001,15.45999,15.99999,251100,4.439635
2007-07-26,17.199989,17.70,16.590001,16.80,352800,4.66162
2007-07-25,17.88,18.069991,17.58999,17.870009,227400,4.958523
2007-07-24,17.909999,18.12,17.39001,17.78001,214500,4.93355
2007-07-23,18.050011,18.35001,17.94,18.230011,153900,5.058415
2007-07-20,18.110011,18.20001,17.78001,18.069991,214500,5.014013
2007-07-19,19.490009,19.490009,18.03999,18.24999,370500,5.063959
2007-07-18,18.939991,19.04001,18.150001,18.99,231000,5.269295
2007-07-17,18.75,19.289999,18.719999,18.93,219000,5.252646
2007-07-16,18.129991,18.72999,17.57001,18.66999,353700,5.1805
2007-07-13,18.03999,18.47001,17.70,18.21999,209100,5.055635
2007-07-12,18.129991,18.680009,17.72001,18.09999,243300,5.022337
2007-07-11,17.990009,18.39999,17.73,17.94,323700,4.977944
2007-07-10,20.439991,20.439991,17.52999,17.58999,606300,4.880824
2007-07-09,16.74999,20.75001,16.710001,20.67,1099500,5.735457
2007-07-06,16.409999,16.88001,16.28001,16.70001,271800,4.633875
2007-07-05,16.05,16.430009,15.879991,16.38,156300,4.545079
2007-07-03,16.11999,16.20,15.96999,16.04001,95400,4.45074
2007-07-02,16.40001,16.40001,15.87,16.19001,399000,4.492361
2007-06-29,15.75,16.34001,15.41001,16.29999,621600,4.522878
2007-06-28,15.150001,16.50,15.150001,15.60999,350400,4.331419
2007-06-27,15.53001,15.560009,14.94,15.230011,540600,4.225983
2007-06-26,16.10001,16.25001,15.24999,15.620009,323700,4.334199
2007-06-25,15.740009,16.349999,15.740009,16.05,581700,4.453512
2007-06-22,16.41999,16.59999,15.71001,15.75,1581600,4.370268
2007-06-21,16.40001,16.74,15.980011,16.59999,222000,4.606121
2007-06-20,16.14999,16.349999,15.96999,16.16001,174600,4.484037
2007-06-19,16.20,16.56,16.02,16.32,247200,4.528431
2007-06-18,16.10001,16.730011,16.10001,16.28001,320400,4.517334
2007-06-15,15.87,16.289999,15.579989,16.289999,564900,4.520106
2007-06-14,15.42,15.539999,15.20001,15.39999,252900,4.273149
2007-06-13,15.30,15.639989,15.00,15.44001,177600,4.284253
2007-06-12,15.090001,15.20001,15.00,15.150001,183300,4.176037
2007-06-11,14.97999,15.129991,14.97999,15.009991,105000,4.137444
2007-06-08,15.129991,15.129991,14.769989,15.08001,141300,4.156745
2007-06-07,15.24999,15.29001,14.61,15.090001,274200,4.159498
2007-06-06,15.48999,15.599999,14.94,15.24999,393600,4.203599
2007-06-05,15.599999,15.819991,15.599999,15.740009,130500,4.338671
2007-06-04,15.42,15.72999,15.29001,15.69,202200,4.324886
2007-06-01,15.39999,15.60999,15.27,15.44001,303600,4.255977
2007-05-31,15.210001,15.50001,15.210001,15.36999,155700,4.236677
2007-05-30,14.97999,15.42,14.70999,15.210001,255000,4.192576
2007-05-29,15.32001,15.35001,14.94,15.08001,214800,4.156745
2007-05-25,15.21999,15.48999,15.08001,15.47001,105000,4.264247
2007-05-24,15.09999,15.26001,14.94,15.069991,231300,4.153983
2007-05-23,15.699989,15.699989,14.930009,15.21999,260700,4.195329
2007-05-22,15.30,15.60999,14.90001,15.54999,350100,4.286293
2007-05-21,15.20001,15.44001,14.769989,15.44001,337200,4.255977
2007-05-18,15.210001,15.30,14.79999,15.27999,282300,4.211868
2007-05-17,14.33001,15.189991,12.680009,15.009991,926400,4.137444
2007-05-16,15.680009,16.17999,15.12,15.36999,613500,4.236677
2007-05-15,15.939991,16.17,15.59001,15.680009,149100,4.322132
2007-05-14,16.29999,16.689991,15.33999,15.96999,554700,4.402064
2007-05-11,16.329989,16.80999,16.13001,16.409999,197100,4.523351
2007-05-10,16.77,16.77999,16.23,16.40001,138300,4.520597
2007-05-09,17.199989,17.25,16.449989,16.98,238800,4.680469
2007-05-08,17.060009,17.400001,16.530001,16.95,217200,4.6722
2007-05-07,17.10999,17.120009,16.670011,16.89,246300,4.655661
2007-05-04,16.50,16.74999,16.11,16.670011,217200,4.595022
2007-05-03,15.879991,16.629991,15.879991,16.490009,333300,4.545405
2007-05-02,16.14999,16.50,15.30,16.28001,535800,4.48752
2007-05-01,16.610011,16.83,15.63,16.14999,514200,4.45168
2007-04-30,16.98999,17.25,16.68,16.77999,424500,4.625337
2007-04-27,17.400001,17.70,16.95999,17.10999,270000,4.716301
2007-04-26,18.02001,18.02001,17.04999,17.58,223500,4.845857
2007-04-25,17.019989,18.189991,16.68,18.030001,544800,4.969898
2007-04-24,17.16999,17.420011,16.610011,17.240009,429300,4.75214
2007-04-23,17.64999,17.64999,17.259991,17.360011,244500,4.785218
2007-04-20,17.43,17.79999,17.09001,17.39001,239700,4.793487
2007-04-19,17.849999,18.41001,17.22999,17.64999,560700,4.865149
2007-04-18,17.360011,17.97999,17.07,17.79999,535800,4.906496
2007-04-17,17.66001,17.79999,17.060009,17.360011,348300,4.785218
2007-04-16,17.97999,18.659999,17.40999,17.909999,383100,4.93682
2007-04-13,18.75,19.02999,17.82,17.90001,403200,4.934066
2007-04-12,17.39001,18.539999,16.95999,18.41001,641700,5.074646
2007-04-11,17.45001,17.54001,16.35999,17.09001,597000,4.710793
2007-04-10,19.56,19.730011,16.650001,17.70,779700,4.878934
2007-04-09,19.01001,20.240009,19.01001,19.56,462600,5.391636
2007-04-05,20.13,20.69001,18.20001,19.01001,1049400,5.240033
2007-04-04,17.94,22.28001,17.94,19.389989,2613300,5.344773
2007-04-03,14.90001,18.210001,14.90001,17.930009,899100,4.942336
2007-04-02,13.59999,14.949989,13.35999,14.90001,513600,4.107128
2007-03-30,13.710001,13.77,13.11999,13.20,274500,3.638527
2007-03-29,14.00001,14.04999,13.46001,13.80999,272400,3.806669
2007-03-28,14.04999,14.969999,13.94001,14.04999,513600,3.872824
2007-03-27,11.79999,14.88,11.55,13.95,963600,3.845262
2007-03-26,28.729998,29.500041,28.329973,29.440025,389100,3.334464
2007-03-23,28.26003,28.900038,27.920019,28.86003,239500,3.268772
2007-03-22,28.200014,28.750002,28.020044,28.240024,246000,3.198548
2007-03-21,28.200014,28.349977,27.819995,28.349977,201300,3.211002
2007-03-20,28.150001,29.12002,27.740048,28.150001,582600,3.188352
2007-03-19,27.980034,28.48001,27.140047,28.250026,559300,3.199681
2007-03-16,27.49999,28.270032,26.230044,27.980034,1185700,3.169101
2007-03-15,27.850001,28.200014,27.660029,27.789987,229700,3.147576
2007-03-14,29.309994,29.309994,27.280009,28.010042,344400,3.1725
2007-03-13,30.250003,30.350027,29.490039,29.510043,411000,3.342394
2007-03-12,30.900014,31.140002,30.550003,31.000038,559300,3.511156
2007-03-09,30.600017,31.069983,30.199993,30.350027,572400,3.437534
2007-03-08,31.13,31.440002,30.179985,30.509995,626400,3.455652
2007-03-07,29.329998,31.910045,29.25998,30.779985,884200,3.474903
2007-03-06,30.650028,30.650028,29.450027,29.530047,657100,3.333791
2007-03-05,30.900014,31.150004,30.400041,30.620021,447300,3.456844
2007-03-02,33.000016,33.799992,30.250003,30.850003,1109800,3.482807
2007-03-01,26.750026,33.410042,25.770005,31.320046,2386500,3.535873
2007-02-28,23.929996,23.929996,21.529994,22.419992,323900,2.531102
2007-02-27,23.420017,23.609989,22.280031,22.280031,138700,2.515301
2007-02-26,24.199988,24.239998,23.460026,23.660002,76400,2.671093
2007-02-23,24.370029,24.640023,24.159978,24.380032,145300,2.752381
2007-02-22,23.90999,24.650025,23.899988,24.370029,172800,2.751251
2007-02-21,23.319993,24.229996,23.279983,23.830044,214400,2.69029
2007-02-20,23.150023,23.810038,23.150023,23.309989,94900,2.631578
2007-02-16,23.299987,23.480032,23.190034,23.319993,97800,2.632708
2007-02-15,23.599987,23.800036,22.749999,23.299987,243600,2.630449
2007-02-14,24.199988,24.280008,23.65,23.800036,240000,2.686902
2007-02-13,24.55,25.250025,24.300012,24.400037,336300,2.754639
2007-02-12,25.000037,25.000037,24.449976,24.580008,93200,2.774957
2007-02-09,25.220017,25.230021,24.910015,25.099988,15300,2.83366
2007-02-08,25.600038,25.600038,25.139999,25.470005,90300,2.875433
2007-02-07,26.140024,26.140024,25.500013,25.699989,88100,2.901397
2007-02-06,26.200038,26.200038,25.699989,26.190036,59600,2.956721
2007-02-05,26.450026,26.51004,26.120018,26.120018,54500,2.948816
2007-02-02,26.619994,26.619994,26.289987,26.51004,31200,2.992848
2007-02-01,27.250002,27.250002,26.710016,26.869982,322500,3.033483
2007-01-31,24.499988,27.570007,24.499988,27.280009,278700,3.079773
2007-01-30,24.799988,25.210015,24.650025,24.650025,104900,2.782862
2007-01-29,24.25,24.960027,24.25,24.710039,126300,2.789637
2007-01-26,23.500036,24.440047,23.500036,24.219992,120200,2.734313
2007-01-25,23.840046,23.850048,23.569981,23.579983,51600,2.662059
2007-01-24,23.90999,24.060026,23.619993,23.810038,51600,2.688031
2007-01-23,23.99001,24.090034,23.99001,24.060026,139200,2.716254
2007-01-22,24.799988,24.799988,23.710014,24.000012,180800,2.709478
2007-01-19,25.059978,25.059978,24.499988,24.799988,81000,2.799792
2007-01-18,25.560027,25.999989,24.620017,25.06998,290300,2.830272
2007-01-17,24.499988,25.999989,24.499988,25.709991,224600,2.902526
2007-01-16,24.63002,24.799988,24.600012,24.620017,43800,2.779474
2007-01-12,24.25,25.000037,24.199988,24.829996,84700,2.803179
2007-01-11,24.000012,24.980033,24.000012,24.380032,108100,2.752381
2007-01-10,24.449976,25.099988,24.080032,24.100036,140200,2.720771
2007-01-09,24.560002,24.700037,24.25,24.600012,43800,2.777215
2007-01-08,24.600012,25.049976,24.360027,24.710039,110700,2.789637
2007-01-05,25.200013,25.200013,24.59001,24.730045,405000,2.791895
2007-01-04,24.980033,25.429995,24.749976,25.290035,310300,2.855115
2007-01-03,25.83002,25.83002,24.519992,24.980033,199800,2.820118
2006-12-29,25.349976,25.979983,25.260027,25.979983,137000,2.933007
2006-12-28,25.600038,26.13002,25.409991,25.409991,96900,2.868658
2006-12-27,25.550025,25.83002,25.530019,25.689987,114600,2.900268
2006-12-26,26.299989,26.579984,25.290035,25.500013,165000,2.878821
2006-12-22,26.009991,26.17003,25.540023,26.100014,53100,2.946558
2006-12-21,25.780007,26.490034,25.679983,26.220042,104900,2.960108
2006-12-20,26.060004,26.060004,25.61004,25.780007,27500,2.910431
2006-12-19,26.200038,26.380008,26.019993,26.070006,46500,2.94317
2006-12-18,25.750001,26.939998,25.600038,26.289987,162600,2.968005
2006-12-15,25.719993,26.100014,25.699989,25.800013,83700,2.912689
2006-12-14,25.820018,25.989987,25.709991,25.719993,27500,2.903656
2006-12-13,25.300037,26.259979,25.300037,25.850026,115800,2.918336
2006-12-12,25.460003,25.460003,25.049976,25.250025,49400,2.850599
2006-12-11,26.520043,26.700014,25.510015,25.520017,85200,2.881079
2006-12-08,26.060004,26.780033,25.900038,26.269981,240900,2.965746
2006-12-07,26.160028,26.500038,26.110016,26.230044,57700,2.961238
2006-12-06,26.180032,26.919994,26.180032,26.319994,145300,2.971392
2006-12-05,25.87003,26.680008,25.840024,26.34,123900,2.962359
2006-12-04,26.770031,26.770031,25.600038,25.719993,107100,2.892629
2006-12-01,26.780033,26.840047,26.579984,26.639998,91700,2.996099
2006-11-30,26.350002,27.060029,25.65005,26.710016,345800,3.003973
2006-11-29,26.73002,26.760028,26.500038,26.51004,35800,2.981483
2006-11-28,27.149978,27.169982,26.750026,26.750026,94900,3.008473
2006-11-27,27.290011,28.000038,27.000014,27.149978,126300,3.053454
2006-11-24,27.900013,27.900013,27.010016,27.290011,96400,3.069203
2006-11-22,27.700038,27.860005,27.440047,27.570007,43800,3.100693
2006-11-21,27.290011,27.850001,26.800039,27.440047,145300,3.086077
2006-11-20,27.49999,27.75998,27.380033,27.529997,35800,3.096193
2006-11-17,27.440047,27.940023,27.320019,27.49999,128500,3.092819
2006-11-16,27.250002,27.320019,27.010016,27.310017,24100,3.071453
2006-11-15,27.850001,28.040048,27.280009,27.320019,42800,3.072578
2006-11-14,27.769983,28.399989,27.670031,27.920019,141600,3.140058
2006-11-13,27.799991,28.540024,27.799991,27.850001,83000,3.132183
2006-11-10,27.930021,28.240024,27.570007,27.690035,121000,3.114192
2006-11-09,27.450051,27.960029,27.360029,27.779985,153300,3.124308
2006-11-08,27.15998,27.509992,26.849978,27.390035,149400,3.080452
2006-11-07,26.69001,27.320019,26.150026,27.320019,150400,3.072578
2006-11-06,26.450026,27.690035,26.370006,26.69001,155500,3.001723
2006-11-03,25.079984,26.710016,24.980033,26.549977,173800,2.985974
2006-11-02,24.749976,25.439999,24.749976,25.139999,116800,2.827399
2006-11-01,24.900013,25.739999,24.59001,24.749976,133600,2.783535
2006-10-31,23.77003,24.740047,23.599987,24.650025,149400,2.772294
2006-10-30,24.100036,24.390035,23.319993,23.889985,212500,2.686815
2006-10-27,23.980008,24.430045,23.939998,24.100036,252600,2.710439
2006-10-26,23.760026,24.000012,23.760026,23.889985,59600,2.686815
2006-10-25,23.549975,23.760026,23.500036,23.750024,29200,2.671074
2006-10-24,22.840021,23.929996,22.840021,23.740022,91300,2.669949
2006-10-23,23.480032,24.570004,22.540021,22.920041,246000,2.577729
2006-10-20,23.400012,24.320016,23.400012,23.400012,64200,2.63171
2006-10-19,23.400012,24.100036,23.349999,23.490034,96400,2.641834
2006-10-18,23.400012,23.69001,23.309989,23.530044,31200,2.646334
2006-10-17,23.480032,23.77003,22.679982,23.47003,76400,2.639584
2006-10-16,23.450024,23.970006,23.120017,23.609989,140200,2.655325
2006-10-13,24.000012,24.360027,23.599987,23.65,88800,2.659825
2006-10-12,23.490034,23.960002,22.989985,23.95,98300,2.693565
2006-10-11,23.249975,23.939998,23.009989,23.440022,120200,2.636209
2006-10-10,23.240046,23.970006,23.150023,23.150023,163500,2.603594
2006-10-09,23.420017,23.700012,23.180032,23.230044,27000,2.612594
2006-10-06,23.289985,23.820042,23.289985,23.299987,82500,2.62046
2006-10-05,23.170029,23.810038,23.170029,23.420017,67900,2.63396
2006-10-04,22.999987,23.460026,22.640045,23.420017,91300,2.63396
2006-10-03,22.930044,23.220042,22.359978,23.130019,120200,2.601345
2006-10-02,23.450024,23.450024,22.399986,23.029995,134100,2.590095
2006-09-29,23.400012,23.400012,22.930044,23.249975,64200,2.614836
2006-09-28,23.279983,23.559977,22.910038,23.319993,68400,2.62271
2006-09-27,23.140021,23.569981,22.900035,23.339997,49400,2.62496
2006-09-26,22.999987,23.510038,22.389984,23.329995,145300,2.623835
2006-09-25,22.949975,23.410014,22.949975,23.390009,84700,2.630585
2006-09-22,23.080007,23.080007,22.600035,22.749999,207800,2.558605
2006-09-21,23.589985,23.589985,21.700035,22.850023,444600,2.569855
2006-09-20,24.100036,24.260002,23.500036,23.589985,171300,2.653075
2006-09-19,24.920017,25.230021,24.219992,24.25,154500,2.727305
2006-09-18,25.240023,25.600038,24.539998,24.910015,318800,2.801534
2006-09-15,26.080008,26.080008,25.349976,25.490011,51600,2.866764
2006-09-14,25.900038,26.220042,25.800013,25.999989,102000,2.924119
2006-09-13,26.050001,26.050001,25.630044,25.959979,98300,2.919619
2006-09-12,25.95005,26.390012,25.760003,26.100014,258900,2.935369
2006-09-11,27.000014,27.050027,25.099988,25.880032,230700,2.910628
2006-09-08,27.090035,27.300015,26.830045,26.990011,337800,3.024214
2006-09-07,27.380033,27.550003,27.229996,27.290011,148200,3.057829
2006-09-06,27.340023,28.250026,27.300015,27.49999,185900,3.081357
2006-09-05,27.450051,27.489987,27.19999,27.330021,96400,3.062312
2006-09-01,27.080033,27.479984,27.080033,27.450051,56700,3.075761
2006-08-31,27.050027,27.450051,26.919994,27.15998,204200,3.043259
2006-08-30,26.740023,27.229996,26.680008,27.020019,75900,3.027576
2006-08-29,26.650002,26.85998,26.420018,26.800039,78100,3.002928
2006-08-28,27.19999,27.19999,26.800039,26.800039,128500,3.002928
2006-08-25,26.879984,27.219994,26.380008,27.100039,227800,3.036542
2006-08-24,26.450026,26.950002,26.43002,26.800039,164000,3.002928
2006-08-23,26.400014,26.810041,26.360004,26.680008,264100,2.989478
2006-08-22,26.549977,26.800039,26.240048,26.500038,213900,2.969313
2006-08-21,26.180032,26.89999,26.009991,26.51004,236300,2.970433
2006-08-18,25.920042,26.549977,25.920042,26.259979,148200,2.942414
2006-08-17,25.999989,26.390012,25.959979,25.999989,98300,2.913282
2006-08-16,25.719993,26.569982,25.630044,26.060004,273500,2.920007
2006-08-15,25.349976,26.160028,25.280031,25.820018,242900,2.893117
2006-08-14,25.659979,25.890036,25.409991,25.510015,214400,2.858381
2006-08-11,25.850026,26.019993,25.389987,25.760003,453900,2.886392
2006-08-10,26.019993,26.360004,25.999989,26.100014,173800,2.92449
2006-08-09,26.750026,27.149978,25.999989,26.019993,279600,2.915524
2006-08-08,26.299989,27.19999,25.989987,27.000014,287400,3.025335
2006-08-07,26.579984,26.579984,26.350002,26.360004,98300,2.953622
2006-08-04,26.59999,26.59999,26.360004,26.579984,246000,2.978271
2006-08-03,26.800039,27.189986,26.549977,26.710016,273100,2.992841
2006-08-02,26.220042,26.980008,26.220042,26.89999,185400,3.014127
2006-08-01,25.699989,26.490034,25.510015,26.200038,158900,2.935698
2006-07-31,25.000037,25.900038,24.950025,25.699989,194200,2.879668
2006-07-28,24.140047,25.150001,24.010014,25.049976,122400,2.806834
2006-07-27,24.260002,24.459978,23.980008,24.000012,308600,2.689186
2006-07-26,24.000012,24.650025,24.000012,24.430045,78600,2.737371
2006-07-25,24.25,24.260002,23.750024,24.000012,223200,2.689186
2006-07-24,24.539998,24.539998,24.25,24.270004,91300,2.719439
2006-07-21,24.199988,24.539998,24.140047,24.539998,99800,2.749691
2006-07-20,24.539998,24.920017,24.25,24.270004,167700,2.719439
2006-07-19,24.400037,25.270029,24.320016,24.59001,127500,2.755295
2006-07-18,24.499988,24.560002,24.25,24.320016,153300,2.725043
2006-07-17,24.50999,24.839998,24.430045,24.600012,88800,2.756416
2006-07-14,24.819992,24.85,24.189986,24.610015,162600,2.757537
2006-07-13,25.030045,25.150001,24.570004,24.799988,91300,2.778823
2006-07-12,25.010039,25.220017,24.960027,25.089986,121700,2.811317
2006-07-11,25.150001,25.250025,24.85,25.200013,78600,2.823646
2006-07-10,24.860003,25.460003,24.860003,25.250025,84700,2.829249
2006-07-07,24.860003,25.470005,24.839998,25.049976,93200,2.806834
2006-07-06,24.280008,25.490011,24.280008,24.829996,150400,2.782186
2006-07-05,24.489986,25.150001,24.29001,24.350024,272100,2.728405
2006-07-03,24.560002,24.839998,24.560002,24.59001,120200,2.755295
2006-06-30,24.300012,25.450001,24.300012,24.55,807300,2.750812
2006-06-29,23.830044,24.779984,23.830044,24.150049,183000,2.705998
2006-06-28,23.639997,24.040022,23.559977,23.619993,144300,2.646605
2006-06-27,23.790034,24.260002,23.540046,23.629995,171300,2.647726
2006-06-26,23.960002,24.000012,23.599987,23.780032,215100,2.664538
2006-06-23,23.800036,24.150049,23.800036,23.960002,178900,2.684703
2006-06-22,23.639997,24.000012,23.569981,23.700012,122400,2.655571
2006-06-21,23.510038,23.69001,23.500036,23.549975,230700,2.63876
2006-06-20,23.500036,23.90999,23.500036,23.540046,128500,2.637647
2006-06-19,24.100036,24.100036,23.500036,23.510038,330000,2.634285
2006-06-16,24.060026,24.280008,24.000012,24.010014,184000,2.690307
2006-06-15,23.299987,24.420041,23.299987,24.050024,275000,2.69479
2006-06-14,23.760026,24.000012,23.279983,23.400012,647400,2.621957
2006-06-13,24.229996,24.479984,23.750024,23.790034,591400,2.665658
2006-06-12,24.449976,25.129997,24.169981,24.229996,277200,2.714956
2006-06-09,24.300012,24.940023,24.300012,24.59001,138700,2.755295
2006-06-08,25.150001,25.150001,24.150049,24.25,735000,2.717197
2006-06-07,25.310039,25.750001,25.210015,25.300037,159600,2.834853
2006-06-06,25.600038,25.750001,25.049976,25.510015,332200,2.847174
2006-06-05,25.450001,26.490034,25.369981,25.729995,126300,2.871725
2006-06-02,26.060004,26.490034,24.670029,25.600038,264100,2.857221
2006-06-01,24.990035,25.95005,24.990035,25.810016,171300,2.880657
2006-05-31,24.25,25.190011,24.25,24.990035,335600,2.789139
2006-05-30,24.55,24.59001,24.25,24.25,440700,2.706543
2006-05-26,24.420041,24.700037,24.260002,24.499988,207300,2.734444
2006-05-25,24.420041,25.200013,24.420041,24.519992,163500,2.736677
2006-05-24,24.960027,24.990035,24.270004,24.270004,283300,2.708776
2006-05-23,24.700037,25.150001,24.59001,24.960027,286200,2.785789
2006-05-22,24.650025,24.960027,24.360027,24.570004,323900,2.742259
2006-05-19,24.499988,25.000037,24.25,24.55,399400,2.740026
2006-05-18,24.400037,24.85,24.400037,24.570004,258900,2.742259
2006-05-17,24.25,24.46998,24.050024,24.310014,399900,2.713241
2006-05-16,24.199988,24.449976,24.03002,24.300012,236300,2.712125
2006-05-15,24.900013,24.900013,24.000012,24.350024,427800,2.717707
2006-05-12,25.049976,25.200013,24.000012,24.860003,357000,2.774626
2006-05-11,25.739999,25.979983,25.150001,25.300037,510800,2.823738
2006-05-10,24.25,25.999989,24.25,25.600038,671500,2.857221
2006-05-09,24.179984,26.230044,23.73002,25.750001,783900,2.873958
2006-05-08,22.000035,24.370029,21.94002,24.179984,818900,2.698729
2006-05-05,21.12004,21.829994,21.050024,21.819992,316900,2.43533
2006-05-04,20.510037,21.100036,20.510037,21.000011,167700,2.343812
2006-05-03,20.180029,20.619991,20.180029,20.510037,182300,2.289126
2006-05-02,19.770002,20.360001,19.770002,20.259976,243600,2.261217
2006-05-01,19.999986,20.039996,19.570027,19.850023,639300,2.215462
2006-04-28,19.820015,19.969978,19.749998,19.910037,119700,2.22216
2006-04-27,19.399986,19.840021,19.399986,19.749998,163500,2.204298
2006-04-26,19.250022,19.490008,19.250022,19.449998,228300,2.170815
2006-04-25,19.389984,19.399986,19.180004,19.260024,122400,2.149612
2006-04-24,19.000034,19.46,19.000034,19.399986,224600,2.165233
2006-04-21,18.459975,19.099985,18.459975,19.099985,202200,2.13175
2006-04-20,18.559999,18.650022,18.499985,18.590007,148700,2.074831
2006-04-19,18.590007,18.670026,18.499985,18.650022,64700,2.081529
2006-04-18,18.670026,18.670026,18.459975,18.600009,407200,2.075948
2006-04-17,18.68003,18.710036,18.380029,18.670026,137700,2.083762
2006-04-13,18.290007,18.799985,18.290007,18.690032,148700,2.085995
2006-04-12,18.249997,18.450046,18.229993,18.450046,31200,2.05921
2006-04-11,18.450046,18.459975,18.270001,18.350021,300100,2.048046
2006-04-10,18.400034,18.469977,18.350021,18.360024,233400,2.049163
2006-04-07,18.300009,18.380029,18.270001,18.380029,150900,2.051396
2006-04-06,18.249997,18.400034,18.249997,18.400034,51100,2.053628
2006-04-05,18.179981,18.400034,18.080029,18.360024,110700,2.049163
2006-04-04,18.020013,18.249997,18.000009,18.249997,143100,2.036883
2006-04-03,17.599984,18.189983,17.510035,18.140044,146800,2.024611
2006-03-31,17.790031,17.859974,17.609986,17.700009,113200,1.975498
2006-03-30,17.889982,17.889982,17.649997,17.649997,51600,1.969917
2006-03-29,16.959974,17.639994,16.959974,17.639994,148700,1.9688
2006-03-28,17.100008,17.200033,16.999984,17.039994,89800,1.901834
2006-03-27,16.999984,17.140018,16.999984,16.999984,96400,1.897369
2006-03-24,16.949972,17.269978,16.900032,17.029992,293500,1.900718
2006-03-23,17.349996,17.349996,17.059998,17.070002,85200,1.905183
2006-03-22,17.61999,17.670002,17.349996,17.450021,201300,1.947597
2006-03-21,17.540043,17.599984,17.420014,17.500033,206400,1.953179
2006-03-20,17.400009,17.61999,17.400009,17.540043,194700,1.957645
2006-03-17,18.189983,18.189983,17.500033,17.500033,276700,1.953179
2006-03-16,17.649997,17.830041,17.500033,17.559974,96400,1.959869
2006-03-15,17.549972,17.57998,17.480029,17.559974,240000,1.959869
2006-03-14,17.760023,17.780029,17.569978,17.61999,220200,1.966568
2006-03-13,18.000009,18.000009,17.750021,17.760023,280100,1.971033
2006-03-10,18.000009,18.219989,18.000009,18.090031,73500,2.007658
2006-03-09,18.100033,18.179981,18.050021,18.050021,77100,2.003217
2006-03-08,17.830041,18.110036,17.830041,18.110036,153800,2.009878
2006-03-07,17.850045,17.909987,17.790031,17.840043,121000,1.979914
2006-03-06,17.949997,17.949997,17.800033,17.859974,66200,1.982126
2006-03-03,17.87998,17.899985,17.780029,17.820037,44300,1.977693
2006-03-02,17.770027,17.970001,17.750021,17.970001,131900,1.994337
2006-03-01,17.850045,17.850045,17.760023,17.850045,91300,1.981024
2006-02-28,17.810035,18.070025,17.800033,17.850045,174300,1.981024
2006-02-27,18.010011,18.070025,17.909987,17.909987,153300,1.987676
2006-02-24,18.080029,18.100033,17.980005,18.080029,260400,2.006548
2006-02-23,18.189983,18.189983,18.000009,18.090031,145800,2.007658
2006-02-22,18.270001,18.290007,18.020013,18.090031,175200,2.007658
2006-02-21,18.050021,18.270001,18.050021,18.270001,111700,2.027631
2006-02-17,18.010011,18.179981,18.010011,18.150046,66200,2.014318
2006-02-16,18.010011,18.140044,18.010011,18.060023,91300,2.004327
2006-02-15,18.249997,18.400034,18.000009,18.030017,191000,2.000997
2006-02-14,18.020013,18.189983,18.010011,18.179981,69800,2.01764
2006-02-13,18.110036,18.120038,17.639994,18.010011,329000,1.998777
2006-02-10,18.259999,18.320013,18.010011,18.110036,222700,2.009878
2006-02-09,18.249997,18.499985,18.249997,18.259999,171300,2.026521
2006-02-08,18.370026,18.370026,18.249997,18.280005,221700,2.028741
2006-02-07,18.509987,18.509987,18.259999,18.370026,99800,2.038732
2006-02-06,18.380029,18.650022,18.249997,18.370026,162600,2.038732
2006-02-03,18.249997,18.360024,18.249997,18.300009,69400,2.030961
2006-02-02,18.300009,18.300009,18.249997,18.249997,66200,2.025411
2006-02-01,18.300009,18.380029,18.249997,18.380029,104400,2.039842
2006-01-31,18.350021,18.370026,18.000009,18.370026,192000,2.038732
2006-01-30,18.300009,18.320013,18.249997,18.259999,87600,2.026521
2006-01-27,18.310011,18.370026,18.249997,18.300009,100500,2.030961
2006-01-26,18.310011,18.420038,18.270001,18.270001,121000,2.027631
2006-01-25,18.499985,18.499985,18.270001,18.300009,113200,2.030961
2006-01-24,18.440044,18.499985,18.350021,18.489983,69400,2.052045
2006-01-23,18.350021,18.469977,18.259999,18.290007,153800,2.029851
2006-01-20,18.600009,18.799985,18.300009,18.400034,309300,2.042062
2006-01-19,18.600009,18.779981,18.600009,18.610012,48900,2.065366
2006-01-18,18.499985,18.670026,18.499985,18.590007,96900,2.063146
2006-01-17,18.509987,18.700034,18.509987,18.620014,82500,2.066476
2006-01-13,18.000009,18.600009,18.000009,18.519989,123400,2.055375
2006-01-12,18.259999,18.380029,18.000009,18.000009,235800,1.997667
2006-01-11,18.799985,18.849997,18.280005,18.280005,108100,2.028741
2006-01-10,18.700034,18.90001,18.700034,18.90001,43800,2.09755
2006-01-09,18.809987,19.000034,18.750046,18.759975,76400,2.082009
2006-01-06,18.549997,18.94002,18.539995,18.809987,73500,2.08756
2006-01-05,18.650022,18.650022,18.400034,18.479981,103400,2.050935
2006-01-04,18.249997,18.670026,18.249997,18.670026,149400,2.072026
2006-01-03,18.450046,18.450046,18.249997,18.259999,172300,2.026521
2005-12-30,18.549997,18.630017,18.410036,18.499985,118800,2.053155
2005-12-29,18.479981,18.559999,18.440044,18.549997,68400,2.058705
2005-12-28,18.450046,18.459975,18.320013,18.450046,63300,2.047613
2005-12-27,18.410036,18.479981,18.310011,18.310011,101500,2.032071
2005-12-23,18.310011,18.400034,18.300009,18.390032,24100,2.040952
2005-12-22,18.390032,18.410036,18.300009,18.390032,45000,2.040952
2005-12-21,18.300009,18.469977,18.300009,18.370026,50100,2.038732
2005-12-20,18.300009,18.430042,18.300009,18.330017,49400,2.034292
2005-12-19,18.620014,18.750046,18.350021,18.350021,72000,2.036512
2005-12-16,18.90001,19.139996,18.779981,18.779981,76400,2.084229
2005-12-15,19.220014,19.220014,18.90001,18.90001,69400,2.09755
2005-12-14,19.20001,19.340045,19.139996,19.139996,51600,2.124184
2005-12-13,18.990032,19.149998,18.849997,19.129994,79600,2.123074
2005-12-12,18.650022,18.920014,18.570001,18.90001,323900,2.09755
2005-12-09,18.519989,18.799985,18.400034,18.600009,241400,2.064256
2005-12-08,18.000009,18.380029,18.000009,18.360024,81500,2.037622
2005-12-07,17.710011,18.100033,17.61999,18.000009,557800,1.997667
2005-12-06,18.189983,18.199985,17.790031,17.87998,125300,1.973245
2005-12-05,17.800033,18.259999,17.750021,18.199985,196200,2.008561
2005-12-02,18.169977,18.169977,17.790031,17.87998,134100,1.973245
2005-12-01,17.700009,18.000009,17.639994,18.000009,122400,1.986492
2005-11-30,17.500033,17.680005,17.400009,17.569978,82500,1.939033
2005-11-29,17.390006,17.480029,17.31999,17.450021,54000,1.925795
2005-11-28,17.329992,17.480029,17.31999,17.400009,132600,1.920275
2005-11-25,17.259974,17.339994,17.259974,17.329992,19500,1.912548
2005-11-23,17.599984,17.599984,17.27998,17.27998,82500,1.907029
2005-11-22,17.649997,17.649997,17.460023,17.490031,93200,1.93021
2005-11-21,17.470027,17.639994,17.470027,17.639994,75900,1.94676
2005-11-18,17.27998,17.470027,17.240043,17.470027,63300,1.928002
2005-11-17,17.100008,17.230041,17.100008,17.200033,190600,1.898206
2005-11-16,17.430017,17.430017,17.11001,17.200033,177900,1.898206
2005-11-15,17.559974,17.690007,17.430017,17.440019,91300,1.924691
2005-11-14,18.130041,18.130041,17.800033,17.810035,35800,1.965526
2005-11-11,17.730017,18.040019,17.540043,18.040019,101500,1.990907
2005-11-10,17.400009,17.690007,17.400009,17.690007,108500,1.95228
2005-11-09,17.540043,17.540043,17.420014,17.420014,57700,1.922483
2005-11-08,17.770027,17.800033,17.500033,17.500033,51600,1.931314
2005-11-07,17.859974,17.87998,17.750021,17.770027,28200,1.961111
2005-11-04,17.949997,17.949997,17.609986,17.869978,60400,1.972141
2005-11-03,18.519989,18.549997,18.080029,18.080029,84700,1.995323
2005-11-02,17.859974,18.400034,17.859974,18.400034,158900,2.030639
2005-11-01,17.589982,17.800033,17.430017,17.800033,104400,1.964422
2005-10-31,17.480029,17.680005,17.460023,17.670002,61800,1.950072
2005-10-28,17.500033,17.500033,17.400009,17.430017,36300,1.923587
2005-10-27,17.400009,17.670002,17.400009,17.420014,208800,1.922483
2005-10-26,17.400009,17.549972,17.359998,17.420014,115100,1.922483
2005-10-25,17.370002,17.470027,17.370002,17.410011,58200,1.921379
2005-10-24,17.240043,17.410011,17.240043,17.370002,51600,1.916964
2005-10-21,17.150021,17.359998,17.150021,17.259974,96400,1.904821
2005-10-20,17.400009,17.400009,17.230041,17.230041,61100,1.901517
2005-10-19,17.540043,17.599984,17.400009,17.450021,174300,1.925795
2005-10-18,17.520039,17.680005,17.520039,17.540043,59600,1.93573
2005-10-17,17.520039,17.569978,17.510035,17.559974,27500,1.937929
2005-10-14,17.639994,17.639994,17.520039,17.549972,56200,1.936825
2005-10-13,17.500033,17.639994,17.490031,17.540043,318300,1.93573
2005-10-12,17.470027,17.510035,17.349996,17.510035,242200,1.932418
2005-10-11,17.480029,17.549972,17.480029,17.500033,38500,1.931314
2005-10-10,17.559974,17.57998,17.500033,17.559974,35800,1.937929
2005-10-07,17.609986,17.609986,17.500033,17.549972,74500,1.936825
2005-10-06,17.549972,17.760023,17.460023,17.549972,429300,1.936825
2005-10-05,17.810035,17.830041,17.500033,17.549972,190600,1.936825
2005-10-04,18.150046,18.150046,17.810035,17.810035,104900,1.965526
2005-10-03,18.050021,18.290007,18.040019,18.290007,169100,2.018496
2005-09-30,17.790031,17.980005,17.790031,17.980005,46500,1.984284
2005-09-29,18.080029,18.080029,17.730017,17.899985,112200,1.975453
2005-09-28,17.720015,18.070025,17.599984,18.010011,457500,1.987595
2005-09-27,17.800033,18.050021,17.800033,17.949997,224100,1.980972
2005-09-26,17.500033,18.090031,17.500033,17.629992,591400,1.945656
2005-09-23,17.230041,17.599984,17.200033,17.440019,142100,1.924691
2005-09-22,17.200033,17.349996,17.200033,17.249972,99100,1.903717
2005-09-21,17.500033,17.540043,17.259974,17.27998,104900,1.907029
2005-09-20,17.549972,17.589982,17.470027,17.549972,281800,1.936825
2005-09-19,17.299984,17.530041,17.299984,17.520039,290300,1.933522
2005-09-16,17.470027,17.569978,17.470027,17.510035,159600,1.932418
2005-09-15,17.490031,17.540043,17.490031,17.510035,229300,1.932418
2005-09-14,17.410011,17.57998,17.220039,17.500033,157000,1.931314
2005-09-13,17.500033,17.61999,17.500033,17.540043,110000,1.93573
2005-09-12,17.450021,17.559974,17.450021,17.510035,315400,1.932418
2005-09-09,17.540043,17.750021,17.490031,17.559974,274500,1.937929
2005-09-08,17.830041,18.000009,17.520039,17.540043,170100,1.924691
2005-09-07,17.500033,17.700009,17.490031,17.639994,115800,1.935658
2005-09-06,17.530041,17.589982,17.500033,17.500033,298600,1.9203
2005-09-02,17.440019,17.710011,17.440019,17.559974,147200,1.926878
2005-09-01,17.269978,17.629992,17.269978,17.510035,408600,1.921398
2005-08-31,17.599984,17.599984,17.500033,17.540043,474300,1.924691
2005-08-30,17.740019,17.810035,17.500033,17.500033,543000,1.9203
2005-08-29,17.859974,17.859974,17.740019,17.780029,237000,1.951025
2005-08-26,17.700009,18.000009,17.700009,17.959999,764400,1.970773
2005-08-25,17.480029,17.929993,17.480029,17.750021,464100,1.947732
2005-08-24,17.530041,17.800033,17.400009,17.460023,197100,1.91591
2005-08-23,17.309986,17.500033,17.309986,17.480029,66900,1.918105
2005-08-22,17.450021,17.460023,17.309986,17.309986,153300,1.899446
2005-08-19,17.400009,17.549972,17.390006,17.460023,841800,1.91591
2005-08-18,17.220039,17.500033,17.220039,17.380004,666300,1.907129
2005-08-17,17.299984,17.480029,17.200033,17.230041,445100,1.890674
2005-08-16,16.780004,17.140018,16.780004,16.999984,763400,1.865429
2005-08-15,17.059998,17.400009,16.85002,16.940043,411500,1.858852
2005-08-12,17.349996,17.639994,17.049996,17.100008,551700,1.876405
2005-08-11,17.160023,17.540043,17.160023,17.370002,293500,1.906032
2005-08-10,17.470027,17.549972,17.150021,17.200033,337800,1.887381
2005-08-09,17.500033,17.750021,17.309986,17.410011,309300,1.910422
2005-08-08,17.420014,17.530041,17.150021,17.500033,654900,1.9203
2005-08-05,17.87998,17.87998,17.500033,17.500033,209300,1.9203
2005-08-04,17.939995,18.080029,17.790031,17.949997,191000,1.969675
2005-08-03,18.020013,18.090031,17.840043,17.980005,340200,1.972968
2005-08-02,17.599984,18.050021,17.589982,18.020013,238500,1.977358
2005-08-01,17.659999,18.000009,17.510035,17.599984,149400,1.931268
2005-07-29,17.810035,17.939995,17.690007,17.750021,131900,1.947732
2005-07-28,17.899985,17.959999,17.840043,17.899985,121700,1.964188
2005-07-27,17.540043,17.939995,17.540043,17.850045,94900,1.958708
2005-07-26,17.700009,17.740019,17.349996,17.589982,163500,1.930171
2005-07-25,17.750021,17.949997,17.690007,17.700009,108100,1.942244
2005-07-22,17.949997,17.949997,17.750021,17.750021,132600,1.947732
2005-07-21,18.050021,18.050021,17.899985,17.939995,86200,1.968578
2005-07-20,17.939995,18.070025,17.730017,18.050021,265500,1.980651
2005-07-19,17.899985,17.949997,17.700009,17.939995,158900,1.968578
2005-07-18,17.949997,18.070025,17.800033,17.980005,153300,1.972968
2005-07-15,17.720015,17.949997,17.649997,17.899985,168700,1.964188
2005-07-14,17.510035,17.800033,17.510035,17.599984,191000,1.931268
2005-07-13,17.530041,17.800033,17.530041,17.639994,126800,1.935658
2005-07-12,17.889982,17.889982,17.520039,17.520039,257700,1.922496
2005-07-11,17.800033,18.060023,17.750021,17.889982,261400,1.96309
2005-07-08,17.949997,17.970001,17.790031,17.850045,185400,1.958708
2005-07-07,17.840043,18.070025,17.670002,17.929993,172300,1.96748
2005-07-06,17.700009,18.300009,17.690007,18.259999,407200,2.003692
2005-07-05,17.800033,17.970001,17.490031,17.690007,258200,1.941146
2005-07-01,17.599984,17.859974,17.390006,17.800033,234400,1.95322
2005-06-30,17.700009,17.750021,17.500033,17.500033,136500,1.9203
2005-06-29,17.450021,17.750021,17.080004,17.690007,424900,1.941146
2005-06-28,17.029992,17.559974,16.999984,17.430017,480900,1.912617
2005-06-27,17.100008,17.259974,16.999984,17.029992,321000,1.868722
2005-06-24,16.999984,17.390006,16.989982,17.100008,2059400,1.876405
2005-06-23,17.31999,17.470027,16.999984,16.999984,413700,1.865429
2005-06-22,17.750021,17.750021,17.259974,17.349996,286700,1.903837
2005-06-21,17.510035,17.690007,17.500033,17.589982,226800,1.930171
2005-06-20,17.500033,17.57998,17.359998,17.359998,137700,1.904934
2005-06-17,17.780029,17.889982,17.639994,17.649997,343900,1.936756
2005-06-16,17.790031,17.790031,17.470027,17.540043,187400,1.924691
2005-06-15,17.609986,17.750021,17.500033,17.710011,300100,1.943341
2005-06-14,17.649997,17.730017,17.390006,17.530041,334100,1.923593
2005-06-13,17.700009,17.800033,17.61999,17.629992,264800,1.934561
2005-06-10,17.700009,17.720015,17.510035,17.520039,351900,1.922496
2005-06-09,17.400009,17.649997,17.249972,17.510035,181600,1.921398
2005-06-08,17.61999,18.040019,17.410011,17.440019,148200,1.902739
2005-06-07,17.57998,18.330017,17.500033,17.61999,264100,1.922374
2005-06-06,17.599984,17.710011,17.420014,17.549972,423900,1.914735
2005-06-03,17.929993,18.159975,17.589982,17.599984,378900,1.920192
2005-06-02,18.880006,18.90001,18.000009,18.010011,230700,1.964926
2005-06-01,18.549997,19.46,18.539995,18.769977,267000,2.04784
2005-05-31,18.700034,19.099985,18.539995,18.539995,217600,2.022749
2005-05-27,18.750046,18.750046,18.529993,18.539995,146800,2.022749
2005-05-26,17.909987,18.779981,17.909987,18.779981,186900,2.048932
2005-05-25,18.410036,18.570001,17.889982,17.899985,202200,1.952922
2005-05-24,18.499985,18.64002,18.489983,18.509987,102900,2.019475
2005-05-23,18.249997,18.650022,18.100033,18.600009,142100,2.029296
2005-05-20,18.650022,18.650022,18.290007,18.330017,137000,1.99984
2005-05-19,18.509987,18.839995,18.219989,18.670026,203500,2.036935
2005-05-18,18.070025,18.549997,18.070025,18.499985,305200,2.018383
2005-05-17,18.229993,18.249997,17.760023,17.970001,311800,1.960561
2005-05-16,17.530041,18.189983,17.530041,18.159975,291800,1.981288
2005-05-13,17.800033,17.91999,17.599984,17.670002,482400,1.927831
2005-05-12,17.770027,17.970001,17.730017,17.730017,285200,1.934378
2005-05-11,18.150046,18.150046,17.720015,17.720015,407200,1.933287
2005-05-10,18.150046,18.150046,17.850045,18.020013,206400,1.966018
2005-05-09,18.150046,18.199985,17.949997,18.159975,271600,1.981288
2005-05-06,18.000009,18.199985,17.970001,18.110036,301500,1.975839
2005-05-05,18.080029,18.110036,17.87998,17.959999,327600,1.95947
2005-05-04,17.670002,18.100033,17.670002,18.000009,354600,1.963835
2005-05-03,18.179981,18.189983,17.750021,17.770027,436600,1.938744
2005-05-02,18.159975,18.189983,17.800033,18.030017,354100,1.967109
2005-04-29,18.000009,18.110036,17.750021,18.010011,303500,1.964926
2005-04-28,18.020013,18.130041,17.840043,17.840043,282300,1.946383
2005-04-27,18.290007,18.300009,18.020013,18.020013,192000,1.966018
2005-04-26,18.750046,18.750046,18.410036,18.410036,314400,2.00857
2005-04-25,17.599984,19.149998,17.599984,18.730042,745200,2.043483
2005-04-22,19.11999,19.11999,17.750021,17.760023,1419300,1.937652
2005-04-21,18.440044,19.010036,18.440044,18.970026,317400,2.069666
2005-04-20,18.960024,19.220014,18.259999,18.259999,765600,1.992201
2005-04-19,19.079981,19.310036,18.809987,19.000034,743000,2.07294
2005-04-18,18.849997,19.190008,18.849997,19.139996,382600,2.08821
2005-04-15,19.580029,19.67998,18.849997,18.870002,816000,2.058753
2005-04-14,20.240043,20.390007,19.50001,19.640045,581700,2.142766
2005-04-13,20.770028,20.78003,20.110013,20.289984,434900,2.213676
2005-04-12,21.000011,21.000011,20.240043,20.800036,816000,2.269323
2005-04-11,20.929993,21.149975,20.750023,20.980005,235800,2.288958
2005-04-08,21.72004,21.76998,20.770028,21.010013,578700,2.292232
2005-04-07,22.470005,22.470005,21.610014,21.870004,244600,2.386059
2005-04-06,22.600035,22.70999,22.399986,22.470005,543900,2.45152
2005-04-05,22.350047,23.100011,22.050047,22.419992,649500,2.446064
2005-04-04,20.349999,22.70999,20.329993,22.250023,1001700,2.42752
2005-04-01,19.530016,19.900035,19.50001,19.900035,510800,2.171132
2005-03-31,19.650047,19.80001,19.50001,19.650047,355600,2.143857
2005-03-30,19.590033,19.949974,19.50001,19.530016,438500,2.130762
2005-03-29,20.430017,20.430017,19.320039,19.550022,565800,2.132945
2005-03-28,19.850023,20.440019,19.67998,20.329993,267000,2.218041
2005-03-24,19.71999,20.180029,19.590033,19.749998,303500,2.154762
2005-03-23,20.150023,20.150023,19.50001,19.520014,296400,2.129671
2005-03-22,20.01999,20.660001,20.01999,20.140021,149400,2.197314
2005-03-21,20.390007,20.649999,19.810013,19.959976,287400,2.177671
2005-03-18,20.540044,20.619991,20.090009,20.090009,440000,2.191858
2005-03-17,19.880029,20.899987,19.880029,20.390007,424900,2.224588
2005-03-16,21.000011,21.010013,19.67998,19.76,583800,2.155854
2005-03-15,21.499987,22.490009,20.599987,21.189983,838900,2.311867
2005-03-14,19.149998,21.489984,19.109988,21.430042,779800,2.338058
2005-03-11,18.950022,19.349973,18.90001,18.90001,358200,2.062027
2005-03-10,18.720038,18.94002,18.499985,18.86,368700,2.057662
2005-03-09,18.499985,19.16,18.199985,18.720038,594300,2.031479
2005-03-08,20.269978,20.470027,18.549997,18.600009,1337300,2.018453
2005-03-07,17.549972,20.599987,17.549972,20.27998,2039700,2.200762
2005-03-04,16.210011,16.650044,16.210011,16.600032,389100,1.801418
2005-03-03,16.000032,16.260024,16.000032,16.109987,274500,1.748239
2005-03-02,15.849995,15.940017,15.600007,15.900007,199300,1.725452
2005-03-01,15.499984,15.849995,15.499984,15.839993,192500,1.718939
2005-02-28,15.509986,15.630015,15.489981,15.529991,137000,1.685298
2005-02-25,14.800033,15.559999,14.800033,15.539993,346600,1.686384
2005-02-24,15.100033,15.130039,14.510034,14.869976,240900,1.613674
2005-02-23,15.100033,15.219988,15.080027,15.120037,110700,1.640811
2005-02-22,15.330015,15.390029,15.01001,15.040017,214400,1.632127
2005-02-18,15.400031,15.519989,15.290005,15.330015,251600,1.663597
2005-02-17,15.640017,15.650019,15.380027,15.380027,65700,1.669024
2005-02-16,15.509986,15.650019,15.509986,15.610011,96900,1.693982
2005-02-15,15.499984,15.740042,15.459974,15.549995,114600,1.687469
2005-02-14,15.449972,15.749971,15.449972,15.600007,185900,1.692896
2005-02-11,15.449972,15.749971,15.390029,15.700032,130400,1.703751
2005-02-10,15.600007,15.700032,15.499984,15.509986,110700,1.683127
2005-02-09,16.000032,16.000032,15.650019,15.650019,125300,1.698324
2005-02-08,15.700032,16.000032,15.670025,16.000032,220200,1.736307
2005-02-07,15.680027,15.700032,15.590005,15.700032,145800,1.703751
2005-02-04,15.380027,15.700032,15.380027,15.630015,303500,1.696153
2005-02-03,15.259998,15.360023,15.209986,15.280003,219500,1.65817
2005-02-02,15.320013,15.420037,15.320013,15.360023,254800,1.666854
2005-02-01,15.340017,15.479978,15.310011,15.320013,296400,1.662512
2005-01-31,15.330015,15.390029,15.280003,15.330015,412500,1.663597
2005-01-28,15.350021,15.350021,15.060023,15.290005,162100,1.659255
2005-01-27,15.360023,15.680027,15.259998,15.400031,246000,1.671195
2005-01-26,15.570001,15.720037,15.449972,15.509986,453400,1.683127
2005-01-25,15.559999,15.749971,15.090029,15.509986,174300,1.683127
2005-01-24,15.640017,15.710035,15.499984,15.499984,123400,1.682042
2005-01-21,15.519989,15.660023,15.499984,15.580003,150900,1.690726
2005-01-20,15.529991,15.650019,15.499984,15.519989,326100,1.684213
2005-01-19,15.73004,15.99003,15.600007,15.670025,320500,1.700495
2005-01-18,15.499984,15.799983,15.499984,15.779979,318800,1.712427
2005-01-14,15.549995,15.680027,15.459974,15.509986,551000,1.683127
2005-01-13,15.769977,15.920013,15.720037,15.749971,243600,1.70917
2005-01-12,15.630015,15.740042,15.499984,15.680027,250200,1.70158
2005-01-11,15.700032,15.759974,15.499984,15.539993,257700,1.686384
2005-01-10,15.519989,15.769977,15.519989,15.700032,299100,1.703751
2005-01-07,15.680027,15.680027,15.499984,15.570001,357000,1.68964
2005-01-06,15.539993,15.759974,15.539993,15.680027,173800,1.70158
2005-01-05,15.549995,15.700032,15.499984,15.539993,1549300,1.686384
2005-01-04,15.650019,15.809987,15.529991,15.600007,308100,1.692896
2005-01-03,16.050044,16.149995,15.650019,15.749971,162100,1.70917
2004-12-31,16.050044,16.280028,16.020038,16.089981,120200,1.746068
2004-12-30,16.300032,16.300032,16.020038,16.050044,172800,1.741734
2004-12-29,16.059975,16.310036,15.900007,16.310036,195700,1.769948
2004-12-28,15.870001,15.95002,15.779979,15.95002,88100,1.730879
2004-12-27,15.759974,15.819989,15.749971,15.789981,179400,1.713512
2004-12-23,15.610011,15.799983,15.600007,15.660023,103400,1.699409
2004-12-22,15.580003,15.740042,15.549995,15.559999,142100,1.688555
2004-12-21,15.570001,15.650019,15.499984,15.529991,171300,1.685298
2004-12-20,15.580003,15.650019,15.499984,15.499984,84700,1.682042
2004-12-17,15.509986,15.660023,15.380027,15.509986,183000,1.683127
2004-12-16,15.489981,15.600007,15.330015,15.519989,204900,1.684213
2004-12-15,15.539993,15.650019,15.459974,15.529991,153300,1.685298
2004-12-14,15.539993,15.680027,15.449972,15.610011,184500,1.693982
2004-12-13,15.549995,15.720037,15.499984,15.600007,207800,1.692896
2004-12-10,15.350021,15.610011,15.350021,15.479978,205900,1.679871
2004-12-09,15.509986,15.549995,15.259998,15.259998,229700,1.655999
2004-12-08,15.509986,15.690029,15.300009,15.570001,350500,1.683127
2004-12-07,15.600007,15.839993,15.509986,15.509986,295000,1.67664
2004-12-06,15.759974,15.890005,15.630015,15.650019,145800,1.691777
2004-12-03,15.519989,15.700032,15.499984,15.610011,154500,1.687452
2004-12-02,15.720037,15.720037,15.350021,15.400031,332200,1.664754
2004-12-01,15.499984,15.849995,15.499984,15.660023,471600,1.692859
2004-11-30,15.570001,15.700032,15.509986,15.509986,229300,1.67664
2004-11-29,15.749971,15.849995,15.580003,15.620013,355600,1.688534
2004-11-26,15.640017,15.849995,15.640017,15.690029,108100,1.696103
2004-11-24,15.749971,15.95002,15.650019,15.740042,227800,1.701509
2004-11-23,15.740042,15.809987,15.559999,15.690029,194200,1.696103
2004-11-22,15.509986,15.819989,15.509986,15.799983,135100,1.707989
2004-11-19,15.499984,15.690029,15.499984,15.509986,59100,1.67664
2004-11-18,15.670025,15.779979,15.549995,15.559999,88100,1.682046
2004-11-17,15.620013,15.769977,15.600007,15.600007,212900,1.686371
2004-11-16,15.690029,15.819989,15.499984,15.519989,123400,1.677721
2004-11-15,15.650019,15.680027,15.499984,15.590005,157000,1.68529
2004-11-12,15.600007,15.720037,15.440041,15.720037,133600,1.699346
2004-11-11,15.749971,15.870001,15.630015,15.700032,202200,1.697184
2004-11-10,16.050044,16.050044,15.710035,15.799983,109500,1.707989
2004-11-09,16.000032,16.069977,15.900007,15.980028,413700,1.727451
2004-11-08,15.95002,16.000032,15.799983,16.000032,273500,1.729614
2004-11-05,15.769977,16.230016,15.720037,15.970025,363300,1.72637
2004-11-04,15.859999,15.970025,15.650019,15.870001,294000,1.715558
2004-11-03,15.100033,15.859999,15.100033,15.859999,338800,1.714476
2004-11-02,15.380027,15.549995,15.01001,15.060023,370900,1.627998
2004-11-01,15.219988,15.410035,15.169976,15.370025,108100,1.66151
2004-10-29,15.449972,15.449972,15.22999,15.280003,104400,1.651778
2004-10-28,15.479978,15.549995,15.249996,15.370025,130000,1.66151
2004-10-27,15.449972,15.479978,15.000008,15.350021,307100,1.659347
2004-10-26,15.400031,15.590005,15.280003,15.479978,121700,1.673396
2004-10-25,15.030015,15.559999,15.01001,15.499984,121700,1.675559
2004-10-22,15.199984,15.350021,15.030015,15.060023,121000,1.627998
2004-10-21,15.300009,15.400031,15.209986,15.300009,149400,1.653941
2004-10-20,15.090029,15.300009,15.050021,15.300009,78600,1.653941
2004-10-19,15.209986,15.300009,15.020013,15.140041,162100,1.636648
2004-10-18,15.529991,15.570001,15.18998,15.199984,122400,1.643128
2004-10-15,15.040017,15.440041,15.040017,15.440041,135100,1.669079
2004-10-14,15.080027,15.179978,15.000008,15.000008,112200,1.621511
2004-10-13,15.300009,15.370025,15.000008,15.000008,366300,1.621511
2004-10-12,15.020013,15.300009,15.020013,15.239993,177900,1.647453
2004-10-11,15.219988,15.219988,15.000008,15.050021,79600,1.626917
2004-10-08,15.000008,15.209986,15.000008,15.020013,69400,1.623673
2004-10-07,15.499984,15.600007,15.000008,15.020013,136500,1.623673
2004-10-06,15.270001,15.489981,15.050021,15.400031,145800,1.664754
2004-10-05,14.990005,15.459974,14.919988,15.370025,151900,1.66151
2004-10-04,15.000008,15.000008,14.92999,14.990005,124800,1.620429
2004-10-01,15.030015,15.199984,14.800033,15.000008,330000,1.621511
2004-09-30,14.490029,15.310011,14.490029,15.030015,589000,1.624754
2004-09-29,14.100007,14.569976,14.059998,14.490029,234900,1.566382
2004-09-28,13.999982,14.130015,13.999982,14.049995,61800,1.518814
2004-09-27,14.059998,14.080003,13.999982,13.999982,68400,1.513407
2004-09-24,14.059998,14.210034,14.039992,14.100007,73000,1.52422
2004-09-23,14.07,14.190029,13.999982,13.999982,58200,1.513407
2004-09-22,14.200031,14.200031,13.999982,14.039992,127500,1.517732
2004-09-21,14.100007,14.329991,14.049995,14.269975,171300,1.542594
2004-09-20,13.920036,14.080003,13.900031,14.02999,212500,1.516651
2004-09-17,14.450019,14.450019,13.820012,13.920036,608200,1.504765
2004-09-16,14.299983,14.480026,14.250043,14.349995,283300,1.551244
2004-09-15,14.309986,14.500031,14.259973,14.299983,118300,1.545838
2004-09-14,14.319988,14.37,14.269975,14.309986,57700,1.546919
2004-09-13,14.349995,14.550044,14.259973,14.380003,121000,1.554488
2004-09-10,14.440017,14.500031,14.339993,14.450019,113700,1.562057
2004-09-09,14.349995,14.619988,14.299983,14.520037,253100,1.569626
2004-09-08,14.41001,14.460022,14.259973,14.359998,105600,1.545838
2004-09-07,14.329991,14.599983,14.329991,14.440017,127500,1.554452
2004-09-03,14.400007,14.400007,14.299983,14.299983,96900,1.539377
2004-09-02,14.480026,14.500031,14.339993,14.400007,202200,1.550145
2004-09-01,14.599983,14.649996,14.359998,14.380003,204900,1.547991
2004-08-31,14.599983,14.730014,14.450019,14.599983,177900,1.571672
2004-08-30,14.530039,14.609986,14.420012,14.550044,296400,1.566296
2004-08-27,14.460022,14.559974,14.150019,14.559974,536400,1.567365
2004-08-26,14.400007,14.540042,14.269975,14.490029,199300,1.559835
2004-08-25,14.299983,14.500031,14.210034,14.500031,164000,1.560912
2004-08-24,13.870024,14.319988,13.769999,14.240041,189600,1.532924
2004-08-23,13.800007,13.979978,13.640041,13.800007,158400,1.485555
2004-08-20,13.820012,13.820012,13.580027,13.769999,96400,1.482325
2004-08-19,13.969975,14.009985,13.600032,13.719987,175700,1.476941
2004-08-18,13.500007,13.969975,13.449995,13.870024,195700,1.493093
2004-08-17,13.139992,13.520011,13.139992,13.510009,273500,1.454337
2004-08-16,12.74004,13.159997,12.74004,13.04004,275000,1.403746
2004-08-13,12.320011,12.640016,12.320011,12.640016,589000,1.360684
2004-08-12,12.199982,12.269999,12.06002,12.249994,93900,1.318698
2004-08-11,12.14997,12.499982,11.929989,12.280001,143600,1.321928
2004-08-10,11.849969,12.14997,11.849969,12.14997,126300,1.307931
2004-08-09,11.969999,12.239992,11.780025,11.780025,185900,1.268106
2004-08-06,11.959997,12.14997,11.810033,11.820035,224100,1.272414
2004-08-05,11.879976,12.050018,11.780025,12.040016,176400,1.296094
2004-08-04,11.780025,12.050018,11.780025,11.929989,142100,1.28425
2004-08-03,11.639991,11.820035,11.639991,11.700006,137700,1.259493
2004-08-02,11.530037,11.720011,11.510033,11.700006,362100,1.259493
2004-07-30,11.889979,12.10003,11.530037,11.530037,615200,1.241196
2004-07-29,12.06002,12.140041,11.830037,11.849969,247500,1.275636
2004-07-28,12.030013,12.169975,11.949994,12.000006,172300,1.291787
2004-07-27,11.899982,12.159973,11.899982,12.080025,300600,1.300401
2004-07-26,11.550042,11.84004,11.54004,11.80003,381600,1.27026
2004-07-23,11.760021,11.820035,11.54004,11.54004,202200,1.242272
2004-07-22,12.050018,12.110033,11.750018,11.750018,170100,1.264876
2004-07-21,12.010009,12.110033,11.939992,12.050018,391800,1.297171
2004-07-20,12.199982,12.199982,11.849969,11.980001,251200,1.289634
2004-07-19,12.10003,12.199982,11.980001,12.14997,407200,1.307931
2004-07-16,12.120036,12.169975,12.000006,12.000006,421800,1.291787
2004-07-15,12.070023,12.179977,12.030013,12.070023,168700,1.299324
2004-07-14,11.949994,12.090028,11.899982,12.050018,397900,1.297171
2004-07-13,11.869974,11.959997,11.810033,11.820035,81000,1.272414
2004-07-12,11.760021,12.000006,11.750018,11.80003,211000,1.27026
2004-07-09,11.550042,11.830037,11.550042,11.760021,287400,1.265953
2004-07-08,11.510033,12.14997,11.430013,11.50003,741500,1.237965
2004-07-07,11.259972,11.619986,11.259972,11.430013,251200,1.230428
2004-07-06,11.090003,11.329989,10.969974,11.259972,363300,1.212123
2004-07-02,11.100005,11.20003,11.039991,11.140015,101500,1.19921
2004-07-01,11.299981,11.420011,10.930038,11.100005,287400,1.194903
2004-06-30,11.250042,11.430013,11.190028,11.369998,175200,1.223968
2004-06-29,10.910032,11.220035,10.910032,11.16002,229700,1.201364
2004-06-28,10.800005,11.080001,10.800005,10.969974,460500,1.180905
2004-06-25,10.650041,10.959972,10.409983,10.769998,3222700,1.159378
2004-06-24,10.739991,10.850017,10.570022,10.699981,398400,1.151841
2004-06-23,10.18,10.749994,10.18,10.689978,410100,1.150764
2004-06-22,10.449993,10.510008,10.099981,10.119986,581200,1.089405
2004-06-21,10.620034,10.709984,10.449993,10.449993,576100,1.12493
2004-06-18,10.719986,10.830013,10.590027,10.60003,480900,1.141081
2004-06-17,10.590027,10.749994,10.500006,10.620034,415200,1.143235
2004-06-16,10.349969,10.620034,10.240015,10.590027,724300,1.140005
2004-06-15,10.399981,10.679976,10.330037,10.349969,909700,1.114163
2004-06-14,10.699981,10.709984,10.270022,10.30003,1293500,1.108787
2004-06-10,10.880025,11.100005,10.780001,10.800005,483800,1.162608
2004-06-09,11.369998,11.420011,10.800005,10.82001,309300,1.164762
2004-06-08,11.380001,11.480025,11.230038,11.480025,134100,1.229351
2004-06-07,10.910032,11.480025,10.910032,11.480025,207800,1.229351
2004-06-04,10.610032,10.910032,10.56002,10.810008,170100,1.157602
2004-06-03,11.220035,11.220035,10.60003,10.610032,107100,1.136187
2004-06-02,11.299981,11.329989,11.180026,11.299981,70800,1.210071
2004-06-01,11.100005,11.369998,10.530013,11.20003,275700,1.199368
2004-05-28,11.700006,11.700006,11.100005,11.100005,123400,1.188656
2004-05-27,11.559972,11.669999,11.369998,11.629988,168700,1.24541
2004-05-26,11.690004,11.700006,11.420011,11.50003,81500,1.231493
2004-05-25,11.24004,11.700006,11.140015,11.690004,189100,1.251837
2004-05-24,11.039991,11.309984,11.039991,11.230038,92700,1.202581
2004-05-21,10.86002,11.019986,10.749994,10.969974,145300,1.174732
2004-05-20,10.570022,10.870022,10.409983,10.810008,228300,1.157602
2004-05-19,11.349993,11.569974,10.449993,10.500006,318800,1.124405
2004-05-18,11.150018,11.230038,10.999981,11.230038,46500,1.202581
2004-05-17,11.460021,11.460021,11.059996,11.090003,171300,1.187585
2004-05-14,11.730013,11.909985,11.550042,11.559972,167200,1.237912
2004-05-13,11.680001,11.990004,11.680001,11.750018,459000,1.258264
2004-05-12,10.810008,11.550042,10.449993,11.530037,315900,1.234707
2004-05-11,10.979977,11.049993,10.379976,10.910032,345300,1.168313
2004-05-10,11.170023,11.170023,10.880025,10.880025,116800,1.1651
2004-05-07,11.669999,11.750018,11.269974,11.269974,231900,1.206858
2004-05-06,11.849969,11.899982,11.339991,11.770023,248700,1.260406
2004-05-05,12.320011,12.469975,11.929989,11.929989,110000,1.277536
2004-05-04,12.499982,12.650019,12.199982,12.370024,165000,1.324658
2004-05-03,12.169975,12.730038,12.090028,12.499982,225600,1.338574
2004-04-30,12.499982,12.580001,12.159973,12.169975,302800,1.303235
2004-04-29,12.600006,12.920012,12.320011,12.420036,184000,1.330013
2004-04-28,13.399983,13.399983,12.590004,12.670024,201300,1.356784
2004-04-27,13.310033,13.469999,13.149995,13.469999,260400,1.44245
2004-04-26,13.359973,13.399983,12.950019,13.210009,174300,1.414609
2004-04-23,13.590029,13.640041,12.950019,13.300031,186900,1.424249
2004-04-22,13.000031,13.699983,13.000031,13.640041,204900,1.460659
2004-04-21,12.769975,12.940016,12.219987,12.940016,319500,1.385696
2004-04-20,13.200007,13.520011,12.690028,12.700031,159600,1.359997
2004-04-19,13.439992,13.439992,12.759972,13.119988,216100,1.404968
2004-04-16,13.379978,13.759997,13.149995,13.439992,154500,1.439236
2004-04-15,13.649971,13.699983,12.74004,13.310033,229700,1.42532
2004-04-14,13.500007,13.850019,13.359973,13.620036,194200,1.458517
2004-04-13,14.150019,14.150019,13.500007,13.550019,253800,1.451019
2004-04-12,13.850019,14.41001,13.850019,14.100007,648800,1.509915
2004-04-08,13.699983,13.880027,13.620036,13.790004,256300,1.476718
2004-04-07,13.560021,13.620036,13.030038,13.530014,148700,1.448877
2004-04-06,13.699983,13.780002,13.149995,13.459997,296400,1.441379
2004-04-05,13.449995,13.850019,13.270023,13.800007,197100,1.477789
2004-04-02,12.880002,13.480002,12.880002,13.399983,224100,1.434952
2004-04-01,12.559996,12.940016,12.559996,12.779977,204900,1.368558
2004-03-31,12.569999,12.720036,12.300006,12.620012,224100,1.351428
2004-03-30,12.440041,12.690028,12.340016,12.519987,227800,1.340717
2004-03-29,11.879976,12.529989,11.879976,12.440041,246500,1.332156
2004-03-26,12.320011,12.499982,11.750018,11.780025,215100,1.261477
2004-03-25,11.599981,12.350018,11.460021,12.269999,345300,1.313946
2004-03-24,12.239992,12.239992,11.470023,11.50003,600600,1.231493
2004-03-23,12.259996,12.650019,12.18998,12.18998,149400,1.305378
2004-03-22,12.730038,12.730038,11.990004,12.209984,342400,1.30752
2004-03-19,13.439992,13.530014,12.759972,12.769975,202700,1.367487
2004-03-18,13.620036,13.620036,12.799982,13.139992,175700,1.407111
2004-03-17,13.310033,13.949971,13.310033,13.719987,146800,1.46922
2004-03-16,13.000031,13.500007,12.880002,13.409985,253800,1.436023
2004-03-15,14.530039,14.530039,13.059972,13.059972,251200,1.398542
2004-03-12,12.769975,14.589981,12.48998,14.589981,344400,1.562384
2004-03-11,12.499982,13.200007,12.410033,12.759972,228300,1.366416
2004-03-10,12.670024,13.030038,12.509984,12.509984,165000,1.339646
2004-03-09,13.010033,13.010033,12.620012,12.620012,153800,1.351428
2004-03-08,13.510009,13.570024,13.000031,13.020036,113700,1.387838
2004-03-05,12.950019,13.500007,12.950019,13.459997,71300,1.434735
2004-03-04,12.910009,13.000031,12.74997,13.000031,62800,1.385706
2004-03-03,12.960021,12.980026,12.620012,12.960021,96400,1.381441
2004-03-02,13.399983,13.409985,12.980026,13.020036,115100,1.387838
2004-03-01,13.099982,13.570024,13.050043,13.449995,107100,1.433669
2004-02-27,13.17,13.369976,13.099982,13.139992,174300,1.400625
2004-02-26,13.600032,13.860022,13.04004,13.04004,393300,1.389971
2004-02-25,13.099982,13.640041,12.970024,13.620036,119700,1.451794
2004-02-24,12.730038,13.340041,12.730038,13.149995,106600,1.401691
2004-02-23,13.04004,13.220012,12.710033,12.720036,147200,1.355861
2004-02-20,13.540016,13.540016,12.950019,13.04004,175200,1.389971
2004-02-19,14.100007,14.100007,13.480002,13.480002,168700,1.436867
2004-02-18,14.440017,14.440017,13.969975,14.019987,78100,1.494426
2004-02-17,13.570024,14.530039,13.540016,14.380003,202200,1.532801
2004-02-13,13.749995,13.749995,13.520011,13.520011,137700,1.441132
2004-02-12,13.719987,13.959973,13.669975,13.800007,55200,1.470977
2004-02-11,13.850019,13.850019,13.620036,13.769999,79600,1.467779
2004-02-10,13.069975,13.790004,12.990028,13.790004,184500,1.469911
2004-02-09,13.030038,13.12999,13.000031,13.069975,129000,1.393161
2004-02-06,12.380026,13.079977,12.380026,13.030038,181600,1.388904
2004-02-05,12.420036,12.48998,12.159973,12.320011,129000,1.313221
2004-02-04,13.190004,13.190004,12.350018,12.350018,344400,1.316419
2004-02-03,13.369976,13.42999,13.119988,13.12999,116800,1.399559
2004-02-02,13.830015,13.920036,13.369976,13.42999,108500,1.431536
2004-01-30,13.999982,14.130015,13.600032,13.780002,187400,1.468845
2004-01-29,14.160022,14.259973,13.860022,13.999982,228300,1.492293
2004-01-28,14.990005,15.050021,14.150019,14.160022,262800,1.509352
2004-01-27,15.239993,15.239993,14.879978,14.88998,93200,1.58716
2004-01-26,14.959998,15.169976,14.780027,15.169976,90300,1.617006
2004-01-23,15.030015,15.149972,14.840041,15.01001,72000,1.599955
2004-01-22,15.600007,15.610011,15.040017,15.080027,113200,1.607418
2004-01-21,15.610011,15.720037,15.519989,15.529991,94900,1.655381
2004-01-20,15.410035,15.710035,15.400031,15.710035,123900,1.674572
2004-01-16,15.650019,15.700032,15.430039,15.559999,60400,1.658579
2004-01-15,15.549995,15.580003,15.420037,15.549995,78100,1.657513
2004-01-14,15.259998,15.600007,15.259998,15.600007,143600,1.662844
2004-01-13,15.340017,15.340017,14.899984,15.199984,82500,1.620204
2004-01-12,14.990005,15.280003,14.919988,15.280003,61800,1.628734
2004-01-09,15.280003,15.440041,14.850045,14.88998,111700,1.58716
2004-01-08,15.090029,15.650019,15.090029,15.350021,283300,1.636197
2004-01-07,15.239993,15.249996,14.980002,14.990005,86600,1.597822
2004-01-06,15.209986,15.259998,15.110035,15.18998,69400,1.619138
2004-01-05,15.169976,15.430039,15.120037,15.310011,116800,1.631932
2004-01-02,15.020013,15.280003,15.01001,15.090029,112200,1.608484
2003-12-31,15.360023,15.400031,14.909986,14.959998,194700,1.594624
2003-12-30,15.590005,15.650019,15.390029,15.499984,112200,1.652182
2003-12-29,15.100033,15.690029,15.100033,15.690029,146800,1.67244
2003-12-26,15.130039,15.140041,15.120037,15.140041,26000,1.613815
2003-12-24,15.040017,15.110035,15.000008,15.080027,29200,1.607418
2003-12-23,14.97,15.120037,14.949996,15.120037,65700,1.611683
2003-12-22,14.980002,15.000008,14.88998,14.899984,224100,1.588227
2003-12-19,15.050021,15.050021,14.649996,15.040017,228300,1.603153
2003-12-18,14.850045,15.209986,14.780027,15.130039,1497200,1.612749
2003-12-17,14.850045,14.980002,14.690004,14.899984,105600,1.588227
2003-12-16,14.450019,14.949996,14.309986,14.899984,262800,1.588227
2003-12-15,14.659998,15.140041,14.480026,14.480026,342900,1.543462
2003-12-12,14.75002,14.959998,14.359998,14.559974,224600,1.551984
2003-12-11,14.100007,14.75002,14.100007,14.75002,219000,1.572242
2003-12-10,14.200031,14.200031,13.969975,14.02999,99100,1.495492
2003-12-09,14.380003,14.450019,14.200031,14.259973,106600,1.513609
2003-12-08,14.090005,14.339993,14.090005,14.329991,132600,1.521041
2003-12-05,14.059998,14.440017,14.059998,14.150019,129000,1.501938
2003-12-04,13.81001,14.059998,13.38998,14.059998,201300,1.492383
2003-12-03,14.400007,14.490029,13.830015,13.830015,167700,1.467972
2003-12-02,14.430015,14.599983,14.430015,14.460022,157500,1.534843
2003-12-01,13.900031,14.329991,13.890029,14.329991,113700,1.521041
2003-11-28,13.949971,13.999982,13.820012,13.820012,37700,1.46691
2003-11-26,13.890029,13.959973,13.649971,13.910034,93900,1.476465
2003-11-25,13.749995,13.870024,13.679978,13.790004,191000,1.463725
2003-11-24,13.180002,13.749995,13.180002,13.749995,197100,1.459478
2003-11-21,12.849994,13.079977,12.730038,13.079977,84700,1.38836
2003-11-20,12.960021,13.200007,12.539992,12.74997,184500,1.353332
2003-11-19,12.700031,13.12999,12.350018,13.010033,157000,1.380936
2003-11-18,12.859997,12.980026,12.650019,12.650019,165500,1.342722
2003-11-17,13.369976,13.369976,12.539992,12.799982,211500,1.35864
2003-11-14,13.890029,13.979978,13.469999,13.469999,165000,1.429758
2003-11-13,13.999982,13.999982,13.699983,13.840017,100500,1.469033
2003-11-12,13.419987,13.999982,13.419987,13.999982,137700,1.486013
2003-11-11,13.630039,13.669975,13.310033,13.419987,129000,1.42445
2003-11-10,13.72999,13.949971,13.560021,13.679978,181600,1.452046
2003-11-07,13.220012,13.820012,13.159997,13.72999,238000,1.457355
2003-11-06,13.020036,13.099982,13.000031,13.069975,96900,1.387298
2003-11-05,12.920012,13.020036,12.730038,13.020036,126800,1.381997
2003-11-04,12.930014,13.000031,12.930014,12.970024,93200,1.376689
2003-11-03,12.670024,12.930014,12.670024,12.930014,128500,1.372442
2003-10-31,12.849994,12.849994,12.600006,12.600006,75900,1.337414
2003-10-30,12.759972,12.920012,12.620012,12.849994,192500,1.363949
2003-10-29,12.239992,12.700031,12.239992,12.700031,133600,1.348031
2003-10-28,12.020011,12.300006,11.849969,12.300006,177400,1.305571
2003-10-27,11.770023,12.10003,11.770023,11.919987,180300,1.265234
2003-10-24,12.010009,12.010009,11.649994,11.710009,208800,1.242946
2003-10-23,12.259996,12.479977,12.110033,12.110033,83000,1.285406
2003-10-22,12.799982,12.799982,12.310008,12.310008,160400,1.306632
2003-10-21,12.950019,13.000031,12.819987,12.87,56700,1.366072
2003-10-20,13.000031,13.280026,12.849994,12.900007,56700,1.369257
2003-10-17,13.159997,13.379978,12.930014,12.950019,126800,1.374566
2003-10-16,12.539992,13.149995,12.539992,13.059972,357500,1.386236
2003-10-15,12.769975,12.769975,12.410033,12.600006,165000,1.337414
2003-10-14,12.650019,12.690028,12.479977,12.670024,120200,1.344846
2003-10-13,12.10003,12.650019,12.10003,12.650019,99800,1.342722
2003-10-10,12.360021,12.370024,11.899982,12.10003,178900,1.284344
2003-10-09,12.390029,12.650019,12.199982,12.370024,169100,1.313003
2003-10-08,12.499982,12.499982,12.259996,12.290004,106600,1.304509
2003-10-07,12.430038,12.499982,12.300006,12.499982,101500,1.326797
2003-10-06,12.000006,12.440041,11.879976,12.440041,79600,1.320435
2003-10-03,11.849969,12.199982,11.849969,12.000006,128500,1.273728
2003-10-02,11.700006,11.959997,11.700006,11.849969,84700,1.257802
2003-10-01,11.250042,11.730013,11.250042,11.710009,295000,1.242946
2003-09-30,11.720011,11.720011,11.250042,11.259972,234400,1.195177
2003-09-29,11.460021,11.820035,11.259972,11.770023,161100,1.249316
2003-09-26,11.400006,11.589979,11.269974,11.450018,150400,1.21535
2003-09-25,11.80003,11.80003,11.289979,11.400006,182300,1.210041
2003-09-24,12.380026,12.450043,11.710009,11.770023,246500,1.249316
2003-09-23,12.040016,12.450043,12.000006,12.380026,231200,1.314064
2003-09-22,12.050018,12.110033,11.849969,12.050018,162600,1.279036
2003-09-19,11.780025,12.239992,11.780025,12.120036,128500,1.286468
2003-09-18,11.629988,11.849969,11.599981,11.830037,117300,1.255686
2003-09-17,11.700006,11.730013,11.550042,11.680001,146800,1.239761
2003-09-16,11.730013,11.830037,11.380001,11.760021,156000,1.248255
2003-09-15,12.140041,12.350018,11.669999,11.680001,149400,1.239761
2003-09-12,11.909985,12.140041,11.690004,12.090028,120200,1.283283
2003-09-11,11.50003,11.959997,11.450018,11.959997,98300,1.269481
2003-09-10,12.14997,12.159973,11.530037,11.530037,148200,1.217473
2003-09-09,12.219987,12.320011,12.10003,12.249994,123400,1.293494
2003-09-08,11.849969,12.239992,11.849969,12.219987,228300,1.290326
2003-09-05,12.10003,12.140041,11.710009,11.810033,151900,1.247038
2003-09-04,12.14997,12.14997,12.090028,12.10003,51600,1.277659
2003-09-03,12.199982,12.199982,11.969999,12.120036,131400,1.279772
2003-09-02,12.10003,12.179977,12.000006,12.10003,454900,1.277659
2003-08-29,11.84004,12.239992,11.84004,12.140041,136500,1.281884
2003-08-28,12.000006,12.000006,11.700006,11.889979,181600,1.25548
2003-08-27,11.780025,12.000006,11.700006,12.000006,136500,1.267098
2003-08-26,11.700006,11.830037,11.359996,11.80003,183000,1.245982
2003-08-25,11.720011,11.790028,11.619986,11.750018,104900,1.240701
2003-08-22,12.000006,12.000006,11.720011,11.720011,264800,1.237533
2003-08-21,11.649994,12.10003,11.649994,12.020011,274500,1.26921
2003-08-20,11.599981,11.700006,11.559972,11.639991,129000,1.229083
2003-08-19,11.649994,11.750018,11.510033,11.649994,183000,1.230139
2003-08-18,11.700006,11.700006,11.50003,11.599981,130000,1.224858
2003-08-15,10.800005,11.700006,10.800005,11.700006,435600,1.23542
2003-08-14,10.290027,10.749994,10.240015,10.749994,59600,1.135107
2003-08-13,10.459996,10.630037,10.240015,10.240015,116800,1.081258
2003-08-12,10.010032,10.359971,9.799981,10.359971,130000,1.093924
2003-08-11,9.819986,10.010032,9.819986,10.010032,57700,1.056973
2003-08-08,9.869998,9.930012,9.650017,9.809983,113700,1.03585
2003-08-07,9.849993,9.92001,9.799981,9.869998,69800,1.042187
2003-08-06,9.950017,10.049969,9.900005,9.900005,118800,1.045356
2003-08-05,9.650017,10.049969,9.559995,9.910007,377500,1.046412
2003-08-04,9.910007,9.910007,9.559995,9.600005,134100,1.013678
2003-08-01,10.330037,10.469998,9.849993,9.900005,176400,1.045356
2003-07-31,10.349969,10.449993,10.349969,10.379976,91300,1.096036
2003-07-30,10.399981,10.399981,10.26002,10.349969,158400,1.092868
2003-07-29,10.320034,10.419985,10.230013,10.419985,64700,1.100261
2003-07-28,9.92001,10.369973,9.92001,10.22001,217600,1.079145
2003-07-25,9.869998,9.900005,9.720034,9.869998,139200,1.042187
2003-07-24,10.00003,10.00003,9.799981,9.819986,120200,1.036906
2003-07-23,10.00003,10.00003,9.750042,10.00003,147200,1.055917
2003-07-22,10.00003,10.010032,9.900005,10.00003,137000,1.055917
2003-07-21,10.099981,10.099981,9.700029,10.030037,219000,1.059086
2003-07-18,10.089978,10.240015,10.089978,10.169998,192000,1.073865
2003-07-17,10.500006,10.60003,10.069974,10.069974,117300,1.063303
2003-07-16,10.669973,10.669973,10.469998,10.550018,199800,1.113991
2003-07-15,10.749994,10.749994,10.60003,10.689978,233400,1.12877
2003-07-14,10.679976,10.810008,10.669973,10.800005,164000,1.140388
2003-07-11,10.570022,10.610032,10.480001,10.60003,181600,1.119272
2003-07-10,10.810008,10.850017,10.459996,10.52001,218100,1.110823
2003-07-09,10.800005,10.900029,10.729989,10.86002,363300,1.146725
2003-07-08,10.949969,10.949969,10.739991,10.830013,171300,1.143556
2003-07-07,10.620034,10.979977,10.60003,10.979977,363300,1.159391
2003-07-03,10.349969,10.540015,10.349969,10.52001,115100,1.110823
2003-07-02,9.779976,10.399981,9.660019,10.399981,291300,1.098149
2003-07-01,9.62001,9.779976,9.549993,9.779976,171300,1.032681
2003-06-30,9.600005,9.62001,9.380024,9.62001,657100,1.01579
2003-06-27,9.730037,9.96002,9.569998,9.58,86600,1.011566
2003-06-26,9.549993,9.779976,9.499981,9.779976,99800,1.032681
2003-06-25,9.539991,9.590002,9.340015,9.499981,253800,1.003116
2003-06-24,9.730037,9.789978,9.450041,9.590002,110000,1.012622
2003-06-23,10.190002,10.190002,9.610007,9.680024,134100,1.022127
2003-06-20,10.18,10.200005,10.119986,10.169998,88100,1.073865
2003-06-19,10.320034,10.429988,10.059971,10.099981,153300,1.066471
2003-06-18,10.169998,10.500006,10.169998,10.320034,83700,1.089707
2003-06-17,9.83999,10.22001,9.779976,10.22001,153800,1.079145
2003-06-16,9.179975,9.890002,9.179975,9.890002,276700,1.044299
2003-06-13,9.19998,9.28,9.000004,9.110031,129000,0.961941
2003-06-12,9.28,9.290003,9.110031,9.110031,86600,0.961941
2003-06-11,9.499981,9.499981,9.219985,9.380024,86600,0.99045
2003-06-10,9.730037,9.789978,9.600005,9.650017,69800,1.012622
2003-06-09,9.950017,9.950017,9.730037,9.730037,15300,1.021019
2003-06-06,10.210008,10.379976,10.010032,10.010032,159600,1.0504
2003-06-05,10.129988,10.190002,10.109983,10.119986,69400,1.061938
2003-06-04,9.950017,10.240015,9.950017,10.149993,185400,1.065087
2003-06-03,9.519986,9.990027,9.469973,9.950017,137700,1.044102
2003-06-02,9.539991,9.910007,9.499981,9.519986,111700,0.998977
2003-05-30,10.010032,10.059971,9.440038,9.440038,234900,0.990588
2003-05-29,9.950017,10.030037,9.750042,9.910007,150900,1.039904
2003-05-28,10.190002,10.240015,9.890002,9.900005,127500,1.038854
2003-05-27,9.750042,10.099981,9.750042,10.089978,127500,1.058789
2003-05-23,9.400029,9.730037,9.390027,9.720034,81000,1.019969
2003-05-22,9.700029,9.740039,9.330012,9.450041,192000,0.991638
2003-05-21,9.650017,9.779976,9.650017,9.720034,64700,1.019969
2003-05-20,9.630012,9.630012,9.590002,9.600005,113700,1.007374
2003-05-19,9.650017,9.700029,9.600005,9.600005,97800,1.007374
2003-05-16,9.940014,10.089978,9.650017,9.650017,509400,1.012622
2003-05-15,10.109983,10.119986,9.950017,10.040039,281800,1.053549
2003-05-14,10.089978,10.119986,10.049969,10.059971,129000,1.05564
2003-05-13,10.210008,10.210008,10.030037,10.040039,102000,1.053549
2003-05-12,10.540015,10.540015,10.200005,10.26002,109500,1.076632
2003-05-09,10.459996,10.570022,10.429988,10.570022,56700,1.109162
2003-05-08,10.650041,10.729989,10.30003,10.409983,70800,1.092369
2003-05-07,10.94004,10.999981,10.689978,10.699981,64700,1.1228
2003-05-06,11.12001,11.12001,10.959972,10.989979,99100,1.15323
2003-05-05,11.250042,11.289979,11.009984,11.090003,86600,1.163727
2003-05-02,11.359996,11.50003,11.20003,11.289979,113200,1.184711
2003-05-01,11.430013,11.480025,11.299981,11.309984,105600,1.18681
2003-04-30,11.309984,11.480025,11.309984,11.450018,87600,1.201505
2003-04-29,11.50003,11.50003,11.369998,11.410008,23100,1.197306
2003-04-28,11.269974,11.50003,11.269974,11.50003,96900,1.206753
2003-04-25,11.20003,11.220035,11.150018,11.220035,60400,1.177371
2003-04-24,11.20003,11.210033,11.16002,11.16002,29200,1.171074
2003-04-23,11.20003,11.250042,11.110008,11.250042,56200,1.18052
2003-04-22,11.180026,11.250042,11.019986,11.20003,131400,1.175272
2003-04-21,11.180026,11.230038,11.130013,11.230038,46500,1.178421
2003-04-17,10.900029,11.230038,10.900029,11.230038,146800,1.178421
2003-04-16,11.039991,11.039991,10.800005,10.800005,148700,1.133296
2003-04-15,10.920035,10.969974,10.800005,10.969974,76400,1.151131
2003-04-14,10.590027,10.979977,10.590027,10.959972,69800,1.150082
2003-04-11,10.759996,10.759996,10.640039,10.640039,113200,1.11651
2003-04-10,10.759996,10.790003,10.709984,10.709984,64200,1.123849
2003-04-09,10.82001,10.989979,10.800005,10.810008,92700,1.134345
2003-04-08,10.60003,10.82001,10.56002,10.780001,131900,1.131197
2003-04-07,10.930038,11.100005,10.510008,10.510008,93200,1.102865
2003-04-04,10.999981,11.049993,10.830013,10.830013,96400,1.136445
2003-04-03,10.979977,11.090003,10.949969,10.999981,110000,1.15428
2003-04-02,10.999981,11.039991,10.930038,10.930038,94900,1.146941
2003-04-01,10.949969,11.069998,10.900029,11.059996,76400,1.160578
2003-03-31,11.12001,11.130013,10.880025,10.999981,132600,1.15428
2003-03-28,10.689978,11.220035,10.689978,11.220035,132600,1.177371
2003-03-27,10.669973,10.739991,10.610032,10.739991,39200,1.126998
2003-03-26,10.900029,10.910032,10.699981,10.729989,168700,1.125948
2003-03-25,10.830013,10.840015,10.749994,10.840015,165000,1.137494
2003-03-24,10.949969,11.049993,10.790003,10.800005,99100,1.133296
2003-03-21,10.949969,11.20003,10.949969,11.049993,369900,1.159528
2003-03-20,10.920035,11.100005,10.880025,11.100005,340200,1.164776
2003-03-19,11.090003,11.100005,11.059996,11.080001,94900,1.156379
2003-03-18,11.100005,11.180026,11.080001,11.150018,157500,1.163687
2003-03-17,10.850017,11.50003,10.850017,11.20003,230700,1.168906
2003-03-14,10.999981,11.019986,10.900029,10.900029,978300,1.137596
2003-03-13,10.709984,11.100005,10.709984,11.100005,699900,1.158467
2003-03-12,10.749994,10.759996,10.399981,10.610032,556100,1.10733
2003-03-11,10.900029,10.900029,10.749994,10.790003,220200,1.126113
2003-03-10,10.900029,10.949969,10.800005,10.850017,383100,1.132377
2003-03-07,10.969974,10.969974,10.910032,10.910032,513000,1.13864
2003-03-06,10.920035,10.989979,10.82001,10.890027,725700,1.136553
2003-03-05,10.800005,10.920035,10.800005,10.920035,221700,1.139684
2003-03-04,10.769998,10.800005,10.729989,10.800005,344400,1.127157
2003-03-03,10.630037,10.729989,10.610032,10.719986,454900,1.118806
2003-02-28,10.459996,10.640039,10.459996,10.610032,533700,1.10733
2003-02-27,10.349969,10.500006,10.349969,10.480001,226800,1.093759
2003-02-26,10.409983,10.419985,10.310032,10.399981,819900,1.085408
2003-02-25,10.389978,10.429988,10.359971,10.429988,260400,1.08854
2003-02-24,10.240015,10.379976,10.13999,10.379976,451200,1.08332
2003-02-21,10.049969,10.190002,10.010032,10.190002,296900,1.063493
2003-02-20,9.740039,10.049969,9.740039,10.049969,189600,1.048879
2003-02-19,9.720034,9.740039,9.559995,9.710032,577500,1.013401
2003-02-18,9.950017,9.950017,9.489978,9.720034,308100,1.014445
2003-02-14,9.569998,9.869998,9.559995,9.849993,279600,1.028008
2003-02-13,9.410031,9.600005,9.370022,9.519986,394700,0.993566
2003-02-12,8.959995,9.489978,8.959995,9.390027,319500,0.980003
2003-02-11,8.579975,9.000004,8.480023,8.89998,257700,0.928859
2003-02-10,8.150016,8.629987,8.150016,8.629987,128500,0.90068
2003-02-07,8.200028,8.200028,8.150016,8.150016,148700,0.850587
2003-02-06,8.200028,8.33999,8.140014,8.140014,162100,0.849544
2003-02-05,8.309983,8.400004,8.210031,8.249967,158900,0.861019
2003-02-04,8.249967,8.390002,8.249967,8.309983,112200,0.867283
2003-02-03,8.200028,8.410007,8.170021,8.289977,143100,0.865195
2003-01-31,7.999979,8.190026,7.999979,8.170021,141600,0.852675
2003-01-30,8.059995,8.059995,7.979975,7.999979,108100,0.834929
2003-01-29,7.95997,8.059995,7.880024,8.059995,127500,0.841192
2003-01-28,7.550016,8.029987,7.530011,7.969972,298600,0.831797
2003-01-27,7.560019,7.65997,7.510006,7.510006,150400,0.783792
2003-01-24,7.560019,7.610031,7.349968,7.550016,154500,0.787968
2003-01-23,7.679975,7.679975,7.580024,7.580024,72000,0.791099
2003-01-22,7.679975,7.69998,7.620033,7.65004,55200,0.798407
2003-01-21,7.69998,7.749992,7.630036,7.69998,162100,0.803619
2003-01-17,7.679975,7.820009,7.500004,7.679975,167200,0.801531
2003-01-16,7.749992,7.930036,7.65997,7.779999,372800,0.81197
2003-01-15,8.379999,8.410007,7.500004,7.500004,551700,0.782748
2003-01-14,8.379999,8.450016,8.359995,8.430011,22400,0.87981
2003-01-13,8.470021,8.470021,8.319985,8.329988,37200,0.86937
2003-01-10,8.420009,8.470021,8.319985,8.470021,33300,0.883985
2003-01-09,8.269972,8.430011,8.269972,8.369997,33300,0.873546
2003-01-08,8.309983,8.349992,8.220033,8.220033,61100,0.857895
2003-01-07,8.530036,8.589978,8.269972,8.359995,96900,0.872502
2003-01-06,8.63999,8.730011,8.63999,8.649992,114600,0.902768
2003-01-03,8.649992,8.720009,8.619985,8.63999,191000,0.901724
2003-01-02,8.359995,8.609983,8.359995,8.589978,56200,0.896505
2002-12-31,8.59998,8.820034,8.29998,8.29998,310800,0.866239
2002-12-30,8.63999,8.720009,8.550041,8.550041,126800,0.892337
2002-12-27,8.760019,8.830036,8.480023,8.589978,179400,0.896505
2002-12-26,9.050017,9.110031,8.59998,8.710007,155500,0.909032
2002-12-24,9.040015,9.050017,9.000004,9.010007,5600,0.940342
2002-12-23,8.869973,9.060019,8.750016,9.050017,217600,0.944517
2002-12-20,8.63999,8.929987,8.63999,8.859971,172300,0.924683
2002-12-19,8.619985,8.659995,8.540039,8.589978,53100,0.896505
2002-12-18,8.679999,8.750016,8.569973,8.569973,51100,0.894417
2002-12-17,8.879975,8.949992,8.619985,8.730011,52600,0.911119
2002-12-16,8.550041,8.830036,8.500028,8.830036,85200,0.921559
2002-12-13,8.859971,8.859971,8.450016,8.530036,74500,0.890249
2002-12-12,8.790027,8.949992,8.790027,8.840039,39900,0.922603
2002-12-11,8.59998,8.750016,8.59998,8.690002,38500,0.906944
2002-12-10,8.400004,8.659995,8.249967,8.609983,100500,0.892329
2002-12-09,8.669997,8.700004,8.329988,8.400004,133600,0.870567
2002-12-06,8.949992,9.000004,8.770022,8.770022,109500,0.908915
2002-12-05,9.140039,9.140039,9.000004,9.010007,64200,0.933787
2002-12-04,9.549993,9.590002,9.000004,9.090027,261900,0.94208
2002-12-03,9.62001,9.650017,9.499981,9.600005,131900,0.994934
2002-12-02,9.750042,9.750042,9.420034,9.650017,142100,1.000117
2002-11-29,9.759971,9.799981,9.700029,9.799981,75900,1.015659
2002-11-27,9.650017,9.859995,9.529988,9.859995,178900,1.021879
2002-11-26,9.700029,9.750042,9.350017,9.600005,260400,0.994934
2002-11-25,9.650017,9.799981,9.45997,9.759971,135600,1.011512
2002-11-22,9.819986,9.819986,9.559995,9.650017,207300,1.000117
2002-11-21,9.910007,9.970022,9.819986,9.92001,124800,1.028099
2002-11-20,9.600005,9.910007,9.600005,9.910007,129000,1.027062
2002-11-19,9.740039,9.869998,9.610007,9.650017,148200,1.000117
2002-11-18,9.980025,9.980025,9.58,9.799981,195700,1.015659
2002-11-15,9.900005,9.96002,9.740039,9.930012,111700,1.029135
2002-11-14,9.799981,9.990027,9.650017,9.990027,167200,1.035355
2002-11-13,9.779976,9.900005,9.740039,9.750042,101500,1.010483
2002-11-12,9.809983,9.890002,9.690026,9.740039,145300,1.009447
2002-11-11,10.049969,10.049969,9.710032,9.710032,214400,1.006337
2002-11-08,10.250018,10.250018,10.040039,10.040039,41400,1.040538
2002-11-07,10.30003,10.30003,10.200005,10.30003,38500,1.067484
2002-11-06,10.13999,10.340039,10.099981,10.30003,243600,1.067484
2002-11-05,10.60003,10.60003,10.30003,10.389978,54500,1.076806
2002-11-04,10.699981,10.699981,10.550018,10.60003,34300,1.098575
2002-11-01,10.359971,10.659971,10.349969,10.659971,108500,1.104788
2002-10-31,10.310032,10.379976,10.270022,10.369973,115800,1.074732
2002-10-30,10.699981,10.699981,10.250018,10.26002,112200,1.063337
2002-10-29,10.30003,10.749994,10.290027,10.749994,78100,1.114117
2002-10-28,10.389978,10.459996,10.30003,10.349969,69800,1.072659
2002-10-25,9.900005,10.389978,9.900005,10.389978,95400,1.076806
2002-10-24,10.059971,10.059971,9.910007,9.910007,23100,1.027062
2002-10-23,10.069974,10.069974,9.700029,10.049969,253800,1.041568
2002-10-22,10.190002,10.270022,9.930012,10.00003,52600,1.036392
2002-10-21,10.469998,10.490003,10.13999,10.210008,39200,1.058154
2002-10-18,10.43999,10.490003,10.270022,10.409983,106600,1.078879
2002-10-17,10.040039,10.340039,10.040039,10.340039,36300,1.07163
2002-10-16,10.240015,10.330037,9.799981,9.950017,155500,1.031209
2002-10-15,9.900005,10.230013,9.779976,10.230013,47900,1.060227
2002-10-14,9.980025,10.020035,9.930012,9.980025,11400,1.034319
2002-10-11,9.799981,9.990027,9.799981,9.980025,28200,1.034319
2002-10-10,9.720034,9.750042,9.700029,9.750042,117300,1.010483
2002-10-09,9.740039,9.88,9.650017,9.819986,253800,1.017732
2002-10-08,9.509983,9.799981,9.509983,9.799981,29700,1.015659
2002-10-07,9.83999,9.83999,9.660019,9.660019,10200,1.001154
2002-10-04,10.020035,10.020035,9.799981,9.890002,15800,1.024989
2002-10-03,10.490003,10.490003,10.049969,10.049969,32100,1.041568
2002-10-02,10.540015,10.659971,10.429988,10.429988,53100,1.080952
2002-10-01,10.270022,10.480001,10.059971,10.480001,143600,1.086136
2002-09-30,9.890002,9.900005,9.779976,9.819986,82500,1.017732
2002-09-27,10.739991,10.739991,10.099981,10.190002,91700,1.056081
2002-09-26,10.610032,10.739991,10.510008,10.729989,64700,1.112044
2002-09-25,10.330037,10.580025,10.330037,10.550018,38500,1.093392
2002-09-24,10.409983,10.510008,10.30003,10.320034,43800,1.069557
2002-09-23,10.60003,10.60003,10.459996,10.459996,75000,1.084062
2002-09-20,10.989979,10.989979,10.699981,10.699981,200800,1.108934
2002-09-19,11.16002,11.16002,10.739991,10.739991,81500,1.113081
2002-09-18,11.690004,11.700006,10.900029,11.220035,99800,1.162832
2002-09-17,12.050018,12.050018,11.690004,11.690004,27500,1.211539
2002-09-16,11.959997,12.10003,11.959997,12.10003,39200,1.254034
2002-09-13,11.619986,11.980001,11.569974,11.959997,88100,1.239521
2002-09-12,11.919987,12.010009,11.619986,11.619986,64700,1.204282
2002-09-11,12.350018,12.360021,12.000006,12.06002,45000,1.243667
2002-09-10,13.180002,13.300031,12.400031,12.549994,60400,1.294195
2002-09-09,13.469999,13.520011,13.059972,13.180002,37700,1.359163
2002-09-06,13.640041,13.640041,13.379978,13.469999,74500,1.389069
2002-09-05,13.979978,13.98998,13.550019,13.550019,59100,1.397321
2002-09-04,13.010033,14.080003,13.010033,14.080003,78100,1.451974
2002-09-03,13.480002,13.480002,13.000031,13.000031,113200,1.340604
2002-08-30,14.190029,14.240041,13.630039,13.630039,137000,1.405572
2002-08-29,14.240041,14.309986,14.090005,14.190029,40900,1.46332
2002-08-28,15.140041,15.140041,14.390005,14.390005,110700,1.483943
2002-08-27,15.640017,15.690029,15.290005,15.290005,66900,1.576753
2002-08-26,15.310011,15.749971,15.259998,15.640017,62800,1.612848
2002-08-23,15.749971,15.749971,15.320013,15.320013,39900,1.579848
2002-08-22,15.690029,15.740042,15.590005,15.690029,50100,1.618005
2002-08-21,15.489981,15.650019,15.390029,15.650019,50100,1.613879
2002-08-20,15.529991,15.590005,15.310011,15.430039,70800,1.591194
2002-08-19,15.400031,15.600007,15.400031,15.489981,67900,1.597375
2002-08-16,15.499984,15.690029,15.290005,15.350021,146800,1.582942
2002-08-15,15.749971,16.000032,15.549995,15.549995,48900,1.603564
2002-08-14,15.769977,15.839993,15.100033,15.700032,148700,1.619037
2002-08-13,15.910011,16.119989,15.710035,15.839993,129000,1.63347
2002-08-12,16.000032,16.099983,15.880003,15.890005,90300,1.638627
2002-08-09,16.200008,16.200008,16.000032,16.089981,126800,1.659249
2002-08-08,16.170001,16.379979,16.099983,16.200008,110000,1.670596
2002-08-07,16.280028,16.379979,16.020038,16.159999,82500,1.66647
2002-08-06,15.610011,16.280028,15.559999,16.280028,78100,1.678848
2002-08-05,15.829991,15.960023,15.499984,15.499984,127500,1.598407
2002-08-02,16.099983,16.099983,15.660023,15.769977,172800,1.62625
2002-08-01,16.240018,16.25002,16.010036,16.099983,148700,1.660281
2002-07-31,16.480004,16.480004,15.99003,16.29003,197600,1.679879
2002-07-30,15.940017,16.500008,15.370025,16.500008,549500,1.701533
2002-07-29,18.430042,18.430042,15.749971,16.059975,1094900,1.656155
2002-07-26,18.990032,19.000034,17.100008,18.430042,886800,1.900564
2002-07-25,16.25002,19.300034,16.25002,19.180004,763000,1.977902
2002-07-24,14.649996,16.500008,14.649996,16.500008,323900,1.701533
2002-07-23,14.840041,14.840041,14.589981,14.75002,440700,1.521068
2002-07-22,14.460022,15.000008,14.440017,14.840041,219000,1.530352
2002-07-19,14.200031,15.000008,14.200031,14.579979,483800,1.503533
2002-07-18,14.850045,14.959998,14.250043,14.250043,126300,1.469509
2002-07-17,14.780027,14.980002,14.559974,14.899984,133600,1.536533
2002-07-16,14.899984,14.919988,14.569976,14.780027,151900,1.524163
2002-07-15,14.619988,14.899984,13.999982,14.899984,450200,1.536533
2002-07-12,14.939992,14.939992,14.550044,14.569976,61100,1.502502
2002-07-11,14.820037,15.030015,14.820037,14.92999,316900,1.539628
2002-07-10,15.000008,15.159974,14.899984,14.919988,300600,1.538596
2002-07-09,14.800033,15.020013,14.800033,15.000008,220200,1.546848
2002-07-08,15.000008,15.040017,14.75002,14.869976,305200,1.533439
2002-07-05,15.199984,15.199984,14.75002,14.990005,82500,1.545816
2002-07-03,15.18998,15.290005,15.060023,15.199984,361200,1.56747
2002-07-02,15.300009,15.320013,15.199984,15.290005,514500,1.576753
2002-07-01,15.400031,15.400031,15.000008,15.300009,534200,1.577785
2002-06-28,15.720037,15.880003,15.18998,15.630015,4211700,1.611816
2002-06-27,14.339993,15.529991,14.339993,15.519989,1313900,1.60047
2002-06-26,13.999982,14.349995,13.920036,14.339993,307100,1.478785
2002-06-25,13.999982,13.999982,13.610034,13.98998,402000,1.442691
2002-06-24,12.74004,14.240041,12.730038,14.180027,514500,1.462289
2002-06-21,12.209984,12.74004,12.209984,12.74004,143600,1.313793
2002-06-20,11.790028,12.090028,11.790028,12.090028,61100,1.246762
2002-06-19,12.380026,12.380026,11.619986,11.720011,141600,1.208604
2002-06-18,12.499982,12.499982,12.499982,12.499982,86200,1.289037
2002-06-17,12.300006,12.499982,12.300006,12.499982,112200,1.289037
2002-06-14,12.249994,12.249994,12.249994,12.249994,6300,1.263258
2002-06-13,12.350018,12.350018,12.219987,12.219987,12400,1.260163
2002-06-12,12.10003,12.300006,12.070023,12.300006,43800,1.268415
2002-06-11,12.080025,12.310008,12.080025,12.239992,39200,1.256038
2002-06-10,11.019986,12.000006,11.019986,12.000006,113700,1.231411
2002-06-07,10.920035,10.920035,10.920035,10.920035,000,1.120587
2002-06-06,10.959972,10.969974,10.920035,10.920035,7800,1.120587
2002-06-05,10.699981,10.94004,10.699981,10.870022,56700,1.115455
2002-06-04,11.140015,11.140015,11.039991,11.069998,16500,1.135976
2002-06-03,11.20003,11.430013,11.150018,11.150018,111700,1.144187
2002-05-31,11.790028,11.790028,10.999981,11.049993,109500,1.133923
2002-05-30,11.810033,11.820035,11.770023,11.790028,18000,1.209863
2002-05-29,11.84004,11.899982,11.84004,11.859972,61800,1.217041
2002-05-28,11.909985,11.909985,11.869974,11.869974,5100,1.218067
2002-05-24,11.170023,11.929989,11.170023,11.869974,87600,1.218067
2002-05-23,10.769998,11.220035,10.769998,11.220035,59100,1.151372
2002-05-22,10.650041,10.749994,10.650041,10.749994,10200,1.103138
2002-05-21,10.780001,10.780001,10.610032,10.610032,32100,1.088775
2002-05-20,10.679976,10.790003,10.679976,10.790003,12900,1.107243
2002-05-17,10.739991,10.739991,10.689978,10.689978,2700,1.096979
2002-05-16,10.650041,10.790003,10.650041,10.790003,15800,1.107243
2002-05-15,10.640039,10.640039,10.640039,10.640039,000,1.091854
2002-05-14,10.749994,10.769998,10.640039,10.640039,14400,1.091854
2002-05-13,10.749994,10.749994,10.749994,10.749994,500,1.103138
2002-05-10,10.800005,10.800005,10.800005,10.800005,500,1.10827
2002-05-09,10.930038,10.930038,10.739991,10.749994,19000,1.103138
2002-05-08,10.920035,10.930038,10.82001,10.930038,24100,1.121613
2002-05-07,10.999981,11.090003,10.999981,11.069998,10700,1.135976
2002-05-06,11.309984,11.309984,11.16002,11.16002,11400,1.145214
2002-05-03,11.110008,11.259972,11.100005,11.259972,27000,1.15547
2002-05-02,10.610032,11.150018,10.610032,11.150018,26000,1.144187
2002-05-01,10.610032,10.669973,10.610032,10.669973,4100,1.094926
2002-04-30,10.60003,10.749994,10.60003,10.610032,34800,1.088775
2002-04-29,10.610032,10.610032,10.60003,10.610032,11400,1.088775
2002-04-26,10.930038,10.930038,10.659971,10.659971,117300,1.0939
2002-04-25,11.029989,11.029989,10.979977,10.979977,4100,1.126738
2002-04-24,11.049993,11.049993,11.029989,11.029989,2200,1.13187
2002-04-23,11.009984,11.009984,11.009984,11.009984,500,1.129817
2002-04-22,11.009984,11.009984,10.910032,11.009984,10700,1.129817
2002-04-19,11.059996,11.059996,11.059996,11.059996,26000,1.134949
2002-04-18,11.299981,11.299981,11.16002,11.16002,5600,1.145214
2002-04-17,11.400006,11.400006,11.100005,11.349993,34300,1.164708
2002-04-16,11.50003,11.50003,11.50003,11.50003,000,1.180104
2002-04-15,10.880025,11.50003,10.780001,11.50003,81000,1.180104
2002-04-12,11.140015,11.140015,10.699981,10.780001,84700,1.106217
2002-04-11,11.20003,11.250042,11.180026,11.190028,13900,1.148293
2002-04-10,11.530037,11.530037,11.230038,11.24004,15800,1.153425
2002-04-09,11.510033,11.629988,11.510033,11.629988,7800,1.193441
2002-04-08,10.800005,11.599981,10.800005,11.599981,42800,1.190361
2002-04-05,10.650041,10.759996,10.650041,10.749994,24100,1.103138
2002-04-04,11.069998,11.140015,10.699981,10.699981,51600,1.098006
2002-04-03,11.100005,11.110008,11.100005,11.110008,2200,1.140081
2002-04-02,11.259972,11.50003,11.170023,11.170023,31200,1.14624
2002-04-01,11.259972,11.259972,11.210033,11.259972,12400,1.15547
2002-03-28,11.210033,11.349993,11.210033,11.250042,27500,1.154451
2002-03-27,10.800005,11.110008,10.759996,11.110008,105600,1.140081
2002-03-26,10.810008,10.810008,10.780001,10.800005,39200,1.10827
2002-03-25,11.400006,11.400006,10.900029,10.900029,31200,1.118534
2002-03-22,11.50003,11.50003,11.50003,11.50003,3700,1.180104
2002-03-21,11.750018,11.750018,11.450018,11.550042,11400,1.185237
2002-03-20,11.80003,11.80003,11.80003,11.80003,000,1.21089
2002-03-19,11.84004,11.84004,11.80003,11.80003,5600,1.21089
2002-03-18,11.899982,11.899982,11.889979,11.889979,1200,1.22012
2002-03-15,11.949994,11.949994,11.949994,11.949994,2200,1.226279
2002-03-14,11.909985,11.980001,11.859972,11.980001,6300,1.229358
2002-03-13,11.980001,11.980001,11.980001,11.980001,000,1.223199
2002-03-12,11.899982,11.980001,11.889979,11.980001,6300,1.223199
2002-03-11,11.550042,11.990004,11.550042,11.990004,19500,1.224221
2002-03-08,11.550042,11.550042,11.450018,11.450018,2200,1.169086
2002-03-07,11.520035,11.520035,11.520035,11.520035,000,1.176235
2002-03-06,11.530037,11.530037,11.520035,11.520035,2200,1.176235
2002-03-05,11.400006,11.50003,11.400006,11.480025,32100,1.17215
2002-03-04,11.750018,11.750018,11.599981,11.740016,27500,1.198696
2002-03-01,11.750018,11.750018,11.750018,11.750018,2700,1.199717
2002-02-28,11.899982,11.899982,11.80003,11.80003,39900,1.204824
2002-02-27,12.239992,12.239992,11.80003,11.80003,19500,1.204824
2002-02-26,12.350018,12.350018,12.340016,12.340016,5100,1.259958
2002-02-25,12.700031,12.700031,12.450043,12.450043,27000,1.271192
2002-02-22,12.630014,12.630014,12.630014,12.630014,2200,1.289568
2002-02-21,12.890004,12.890004,12.680026,12.680026,13900,1.294674
2002-02-20,12.900007,12.900007,12.900007,12.900007,3700,1.317135
2002-02-19,12.900007,12.900007,12.900007,12.900007,4100,1.317135
2002-02-15,13.000031,13.000031,12.900007,13.000031,15300,1.327348
2002-02-14,12.920012,13.04004,12.900007,13.000031,12900,1.327348
2002-02-13,13.000031,13.000031,12.910009,12.910009,12900,1.318156
2002-02-12,13.08998,13.08998,13.08998,13.08998,6300,1.336532
2002-02-11,13.050043,13.099982,13.000031,13.050043,14400,1.332454
2002-02-08,13.149995,13.149995,13.149995,13.149995,12400,1.34266
2002-02-07,13.020036,13.030038,13.020036,13.030038,3700,1.330412
2002-02-06,13.139992,13.139992,13.020036,13.04004,7800,1.331433
2002-02-05,13.139992,13.139992,13.139992,13.139992,500,1.341638
2002-02-04,13.069975,13.159997,13.069975,13.159997,1200,1.343681
2002-02-01,13.200007,13.200007,13.059972,13.059972,4100,1.333468
2002-01-31,13.050043,13.240016,13.000031,13.240016,27000,1.351851
2002-01-30,13.050043,13.050043,13.050043,13.050043,2200,1.332454
2002-01-29,13.050043,13.149995,13.050043,13.149995,5600,1.34266
2002-01-28,13.149995,13.149995,13.149995,13.149995,2200,1.34266
2002-01-25,13.180002,13.180002,13.12999,13.180002,2700,1.345724
2002-01-24,13.38998,13.38998,13.050043,13.109985,20900,1.338575
2002-01-23,13.099982,13.300031,13.000031,13.300031,73000,1.357979
2002-01-22,13.020036,13.139992,12.920012,13.000031,47500,1.327348
2002-01-18,12.990028,13.020036,12.990028,13.020036,10200,1.329391
2002-01-17,12.499982,13.099982,12.499982,12.980026,73500,1.325305
2002-01-16,12.499982,12.499982,12.499982,12.499982,1200,1.276291
2002-01-15,12.450043,12.519987,12.400031,12.519987,17300,1.278334
2002-01-14,12.799982,12.819987,12.400031,12.400031,49400,1.266086
2002-01-11,12.779977,12.799982,12.630014,12.799982,10700,1.306922
2002-01-10,12.650019,12.720036,12.650019,12.720036,2200,1.298759
2002-01-09,12.87,12.87,12.700031,12.710033,10700,1.297738
2002-01-08,13.149995,13.149995,12.809984,12.809984,19500,1.307944
2002-01-07,13.200007,13.200007,13.200007,13.200007,000,1.347766
2002-01-04,13.000031,13.439992,13.000031,13.200007,52600,1.347766
2002-01-03,12.620012,12.990028,12.610009,12.990028,33300,1.326327
2002-01-02,12.74997,12.759972,12.600006,12.620012,5600,1.288547
2001-12-31,12.799982,12.799982,12.700031,12.700031,10200,1.296717
2001-12-28,12.799982,12.950019,12.549994,12.700031,59600,1.296717
2001-12-27,12.050018,12.10003,12.000006,12.10003,6300,1.235455
2001-12-26,12.199982,12.249994,12.000006,12.000006,12400,1.225242
2001-12-24,12.420036,12.420036,12.14997,12.14997,5600,1.240554
2001-12-21,12.410033,12.420036,12.410033,12.420036,9200,1.268128
2001-12-20,12.499982,12.499982,12.499982,12.499982,5100,1.276291
2001-12-19,12.980026,12.980026,12.499982,12.499982,37200,1.276291
2001-12-18,12.900007,12.980026,12.799982,12.980026,8800,1.325305
2001-12-17,12.859997,12.859997,12.799982,12.809984,6300,1.307944
2001-12-14,12.849994,12.900007,12.849994,12.859997,10200,1.31305
2001-12-13,12.700031,12.74997,12.700031,12.74997,48900,1.301816
2001-12-12,12.940016,12.940016,12.700031,12.700031,10200,1.296717
2001-12-11,12.499982,13.050043,12.499982,13.050043,16500,1.326327
2001-12-10,12.450043,12.600006,12.300006,12.549994,15800,1.275505
2001-12-07,12.600006,12.600006,12.499982,12.509984,4100,1.271438
2001-12-06,12.74997,12.74997,12.549994,12.600006,20900,1.280588
2001-12-05,12.799982,12.799982,12.799982,12.799982,3700,1.300912
2001-12-04,12.799982,12.799982,12.799982,12.799982,500,1.300912
2001-12-03,12.74997,12.849994,12.74997,12.849994,9200,1.305995
2001-11-30,13.000031,13.000031,12.849994,12.849994,13900,1.305995
2001-11-29,13.050043,13.050043,13.000031,13.000031,6300,1.321244
2001-11-28,13.139992,13.139992,13.139992,13.139992,1200,1.335469
2001-11-27,13.000031,13.190004,13.000031,13.190004,3700,1.340551
2001-11-26,13.379978,13.439992,13.000031,13.000031,67900,1.321244
2001-11-23,13.300031,13.300031,13.300031,13.300031,000,1.351734
2001-11-21,13.220012,13.300031,13.210009,13.300031,3700,1.351734
2001-11-20,13.250019,13.250019,13.079977,13.180002,17300,1.339535
2001-11-19,13.379978,13.449995,13.349971,13.349971,14400,1.356809
2001-11-16,13.270023,13.300031,13.220012,13.300031,5100,1.351734
2001-11-15,13.250019,13.250019,13.250019,13.250019,10200,1.346651
2001-11-14,12.970024,13.099982,12.970024,13.099982,20900,1.331402
2001-11-13,13.08998,13.08998,13.000031,13.000031,6300,1.321244
2001-11-12,13.08998,13.08998,13.000031,13.08998,5100,1.330386
2001-11-09,12.849994,13.050043,12.849994,13.050043,10200,1.326327
2001-11-08,13.050043,13.08998,12.950019,12.950019,55200,1.316161
2001-11-07,13.099982,13.099982,13.099982,13.099982,2700,1.331402
2001-11-06,12.670024,13.099982,12.670024,13.099982,12400,1.331402
2001-11-05,13.000031,13.000031,12.710033,12.720036,18000,1.292787
2001-11-02,12.900007,13.449995,12.900007,13.000031,125300,1.321244
2001-11-01,13.000031,13.000031,12.849994,12.900007,81000,1.311078
2001-10-31,13.139992,13.139992,12.950019,13.050043,13900,1.326327
2001-10-30,13.050043,13.050043,13.050043,13.050043,5100,1.326327
2001-10-29,13.050043,13.050043,13.000031,13.000031,2700,1.321244
2001-10-26,13.419987,13.419987,12.950019,13.000031,43800,1.321244
2001-10-25,13.050043,13.419987,13.030038,13.419987,39200,1.363926
2001-10-24,13.250019,13.250019,13.050043,13.050043,40900,1.326327
2001-10-23,13.250019,13.250019,13.250019,13.250019,4100,1.346651
2001-10-22,13.250019,13.250019,13.250019,13.250019,7300,1.346651
2001-10-19,13.020036,13.300031,13.020036,13.300031,81500,1.351734
2001-10-18,12.650019,13.099982,12.650019,13.050043,32600,1.326327
2001-10-17,12.600006,12.600006,12.600006,12.600006,500,1.280588
2001-10-16,12.529989,12.529989,12.529989,12.529989,1200,1.273472
2001-10-15,12.199982,12.450043,12.199982,12.410033,29700,1.26128
2001-10-12,12.14997,12.14997,12.14997,12.14997,000,1.234849
2001-10-11,12.199982,12.199982,12.14997,12.14997,3700,1.234849
2001-10-10,12.000006,12.14997,12.000006,12.14997,4100,1.234849
2001-10-09,12.050018,12.10003,11.949994,12.000006,55200,1.219607
2001-10-08,11.299981,11.299981,11.299981,11.299981,1200,1.148461
2001-10-05,11.289979,11.299981,11.289979,11.299981,33300,1.148461
2001-10-04,11.100005,11.299981,11.100005,11.299981,12400,1.148461
2001-10-03,11.100005,11.250042,11.049993,11.20003,19000,1.138303
2001-10-02,11.110008,11.20003,10.200005,11.20003,211000,1.138303
2001-10-01,13.38998,13.38998,11.100005,11.110008,224100,1.129153
2001-09-28,12.549994,13.300031,12.549994,13.300031,128500,1.351734
2001-09-27,12.199982,12.549994,12.199982,12.450043,88100,1.265346
2001-09-26,12.300006,12.340016,12.10003,12.14997,59600,1.234849
2001-09-25,12.499982,12.600006,12.199982,12.199982,47900,1.239932
2001-09-24,12.600006,12.650019,12.499982,12.650019,58200,1.285671
2001-09-21,12.819987,12.990028,12.509984,12.600006,73500,1.280588
2001-09-20,12.700031,12.809984,12.600006,12.809984,56700,1.301929
2001-09-19,12.759972,12.759972,12.650019,12.650019,20900,1.285671
2001-09-18,12.789979,12.789979,12.74997,12.74997,24100,1.295829
2001-09-17,12.789979,12.789979,12.789979,12.789979,000,1.299895
2001-09-10,12.799982,12.900007,12.74997,12.849994,26000,1.24088
2001-09-07,12.74997,12.789979,12.74997,12.74997,16500,1.231221
2001-09-06,12.650019,12.690028,12.650019,12.690028,3700,1.225433
2001-09-05,12.759972,12.759972,12.74997,12.74997,12900,1.231221
2001-09-04,12.74997,12.74997,12.74997,12.74997,4100,1.231221
2001-08-31,12.700031,12.950019,12.700031,12.799982,45000,1.23605
2001-08-30,12.900007,13.000031,12.799982,12.799982,30700,1.23605
2001-08-29,12.900007,12.900007,12.799982,12.799982,15300,1.23605
2001-08-28,12.900007,12.910009,12.900007,12.900007,15800,1.245709
2001-08-27,12.930014,12.930014,12.799982,12.819987,9200,1.237982
2001-08-24,12.980026,13.300031,12.980026,13.010033,92700,1.256334
2001-08-23,12.910009,12.920012,12.900007,12.900007,25600,1.245709
2001-08-22,12.839992,13.000031,12.799982,13.000031,175700,1.255368
2001-08-21,12.670024,12.799982,12.670024,12.799982,8800,1.23605
2001-08-20,12.600006,12.759972,12.600006,12.759972,10700,1.232187
2001-08-17,12.759972,12.839992,12.759972,12.839992,54500,1.239914
2001-08-16,12.74997,12.900007,12.74997,12.849994,37700,1.24088
2001-08-15,12.600006,12.74997,12.600006,12.74997,14400,1.231221
2001-08-14,12.259996,12.600006,12.259996,12.600006,39200,1.216739
2001-08-13,12.249994,12.259996,12.249994,12.259996,20400,1.183906
2001-08-10,11.720011,12.140041,11.720011,12.020011,22400,1.160731
2001-08-09,11.80003,11.810033,11.80003,11.80003,12400,1.139489
2001-08-08,11.599981,11.710009,11.599981,11.710009,10200,1.130795
2001-08-07,11.599981,11.700006,11.599981,11.649994,47900,1.125
2001-08-06,11.309984,11.450018,11.309984,11.450018,19500,1.105689
2001-08-03,11.20003,11.210033,11.20003,11.210033,15300,1.082514
2001-08-02,10.759996,11.20003,10.759996,11.20003,72000,1.081549
2001-08-01,10.749994,10.759996,10.749994,10.759996,25600,1.039056
2001-07-31,10.60003,10.749994,10.60003,10.749994,37200,1.03809
2001-07-30,10.429988,10.510008,10.359971,10.510008,6300,1.014915
2001-07-27,10.359971,10.379976,10.359971,10.379976,12900,1.002359
2001-07-26,10.250018,10.480001,10.250018,10.449993,24600,1.00912
2001-07-25,10.159995,10.250018,10.159995,10.250018,6300,0.989809
2001-07-24,10.250018,10.250018,10.149993,10.159995,84700,0.981116
2001-07-23,10.26002,10.550018,10.200005,10.250018,52600,0.989809
2001-07-20,10.200005,10.26002,10.200005,10.26002,2700,0.990775
2001-07-19,10.30003,10.30003,10.250018,10.250018,41400,0.989809
2001-07-18,10.200005,10.30003,10.200005,10.30003,46500,0.994639
2001-07-17,10.349969,10.349969,10.250018,10.30003,30700,0.994639
2001-07-16,10.399981,10.399981,10.250018,10.349969,56200,0.999461
2001-07-13,10.570022,10.570022,10.30003,10.399981,86200,1.004291
2001-07-12,10.399981,10.580025,10.399981,10.580025,32600,1.021677
2001-07-11,11.110008,11.110008,10.399981,10.399981,231200,1.004291
2001-07-10,11.349993,11.400006,11.150018,11.150018,131900,1.076719
2001-07-09,11.589979,11.589979,11.349993,11.380001,117300,1.098928
2001-07-06,11.659996,11.659996,11.589979,11.589979,81500,1.119205
2001-07-05,11.899982,12.020011,11.750018,11.750018,108500,1.134659
2001-07-03,11.899982,11.899982,11.750018,11.859972,65700,1.145277
2001-07-02,12.950019,12.950019,11.899982,11.899982,302800,1.14914
2001-06-29,12.199982,12.950019,12.000006,12.950019,376500,1.250539
2001-06-28,12.10003,12.199982,11.849969,12.199982,33300,1.17811
2001-06-27,12.010009,12.199982,11.949994,12.10003,28200,1.168459
2001-06-26,11.909985,12.000006,11.810033,11.949994,11400,1.15397
2001-06-25,12.000006,12.10003,11.750018,12.000006,217600,1.158799
2001-06-22,12.280001,12.280001,12.000006,12.000006,53100,1.158799
2001-06-21,12.259996,12.360021,12.259996,12.280001,22400,1.185838
2001-06-20,12.249994,12.380026,12.199982,12.209984,61800,1.179076
2001-06-19,12.400031,12.400031,12.300006,12.300006,21900,1.187769
2001-06-18,12.529989,12.529989,12.400031,12.400031,75900,1.197429
2001-06-15,12.900007,12.950019,12.549994,12.549994,87600,1.21191
2001-06-14,12.799982,12.900007,12.74997,12.799982,6300,1.23605
2001-06-13,12.849994,12.849994,12.730038,12.730038,3700,1.229296
2001-06-12,12.600006,12.849994,12.600006,12.849994,4100,1.235085
2001-06-11,12.799982,12.990028,12.680026,12.680026,16500,1.218748
2001-06-08,12.499982,12.819987,12.499982,12.700031,694100,1.220671
2001-06-07,12.900007,12.950019,12.900007,12.920012,2200,1.241814
2001-06-06,12.710033,13.000031,12.670024,12.87,146800,1.237007
2001-06-05,12.799982,12.799982,12.700031,12.799982,7300,1.230278
2001-06-04,12.650019,12.900007,12.650019,12.900007,5600,1.239892
2001-06-01,12.509984,12.650019,12.499982,12.549994,60400,1.20625
2001-05-31,12.410033,12.549994,12.410033,12.549994,16500,1.20625
2001-05-30,12.400031,12.410033,12.400031,12.410033,12400,1.192797
2001-05-29,12.430038,12.430038,12.400031,12.400031,4100,1.191836
2001-05-25,12.499982,12.600006,12.400031,12.440041,29700,1.195682
2001-05-24,12.499982,12.600006,12.499982,12.600006,2700,1.211057
2001-05-23,12.650019,12.650019,12.499982,12.499982,15300,1.201443
2001-05-22,12.650019,12.799982,12.650019,12.769975,98300,1.227393
2001-05-21,12.799982,12.799982,12.710033,12.74997,27500,1.225471
2001-05-18,12.700031,12.700031,12.700031,12.700031,2700,1.220671
2001-05-17,12.700031,12.849994,12.700031,12.799982,26000,1.230278
2001-05-16,12.400031,12.620012,12.350018,12.620012,14400,1.21298
2001-05-15,12.400031,12.400031,12.249994,12.350018,81000,1.187029
2001-05-14,12.169975,12.249994,12.159973,12.249994,40900,1.177415
2001-05-11,12.350018,12.350018,12.14997,12.249994,18000,1.177415
2001-05-10,12.050018,12.350018,12.010009,12.300006,24100,1.182222
2001-05-09,12.010009,12.06002,12.010009,12.06002,12900,1.159156
2001-05-08,12.050018,12.050018,12.050018,12.050018,500,1.158194
2001-05-07,11.80003,12.10003,11.80003,12.000006,41400,1.153387
2001-05-04,11.410008,11.750018,11.410008,11.750018,22400,1.12936
2001-05-03,11.400006,11.550042,11.349993,11.550042,88800,1.110139
2001-05-02,11.150018,11.50003,11.150018,11.50003,20400,1.105332
2001-05-01,10.689978,11.100005,10.689978,11.100005,54000,1.066883
2001-04-30,10.550018,10.60003,10.550018,10.60003,2200,1.018828
2001-04-27,10.449993,10.500006,10.449993,10.500006,14400,1.009214
2001-04-26,10.320034,10.399981,10.320034,10.349969,4100,0.994793
2001-04-25,10.099981,10.30003,10.099981,10.30003,4100,0.989993
2001-04-24,10.00003,10.049969,10.00003,10.049969,16500,0.965958
2001-04-23,10.349969,10.349969,9.799981,10.00003,61800,0.961159
2001-04-20,10.550018,10.550018,10.399981,10.449993,5100,1.004407
2001-04-19,10.60003,10.699981,10.500006,10.580025,10700,1.016905
2001-04-18,10.369973,10.550018,10.369973,10.550018,10200,1.014021
2001-04-17,10.149993,10.320034,10.149993,10.320034,10200,0.991916
2001-04-16,10.149993,10.149993,10.149993,10.149993,500,0.975572
2001-04-12,10.149993,10.200005,10.149993,10.149993,5100,0.975572
2001-04-11,10.040039,10.200005,10.040039,10.200005,19000,0.980379
2001-04-10,10.099981,10.119986,10.099981,10.119986,2700,0.972688
2001-04-09,10.040039,10.049969,10.040039,10.049969,13900,0.965958
2001-04-06,10.13999,10.13999,10.010032,10.010032,15300,0.96212
2001-04-05,10.13999,10.190002,10.13999,10.190002,17300,0.979418
2001-04-04,10.149993,10.149993,10.129988,10.129988,2700,0.97365
2001-04-03,10.200005,10.200005,10.099981,10.099981,7300,0.970765
2001-04-02,10.200005,10.250018,10.200005,10.200005,4100,0.980379
2001-03-30,10.049969,10.149993,10.049969,10.149993,9200,0.975572
2001-03-29,10.099981,10.099981,10.099981,10.099981,500,0.970765
2001-03-28,10.030037,10.149993,10.030037,10.069974,5600,0.967881
2001-03-27,10.049969,10.049969,10.00003,10.049969,10700,0.965958
2001-03-26,10.099981,10.13999,10.010032,10.010032,11400,0.96212
2001-03-23,10.010032,10.059971,10.010032,10.059971,1200,0.96692
2001-03-22,9.950017,10.049969,9.950017,10.049969,96400,0.965958
2001-03-21,10.00003,10.00003,10.00003,10.00003,37200,0.961159
2001-03-20,9.96002,10.00003,9.910007,10.00003,15800,0.95539
2001-03-19,10.00003,10.059971,10.00003,10.059971,15300,0.961117
2001-03-16,10.099981,10.099981,10.010032,10.010032,34300,0.956346
2001-03-15,10.149993,10.149993,9.900005,10.00003,56200,0.95539
2001-03-14,10.049969,10.250018,10.049969,10.250018,11400,0.979274
2001-03-13,10.00003,10.099981,10.00003,10.099981,19500,0.964939
2001-03-12,10.049969,10.129988,10.00003,10.00003,20400,0.95539
2001-03-09,10.00003,10.059971,10.00003,10.049969,7300,0.960161
2001-03-08,10.099981,10.099981,10.00003,10.00003,124800,0.95539
2001-03-07,10.369973,10.500006,10.00003,10.049969,40900,0.960161
2001-03-06,10.399981,10.449993,10.399981,10.449993,2700,0.998379
2001-03-05,10.26002,10.270022,10.26002,10.270022,2200,0.981185
2001-03-02,10.43999,10.43999,10.200005,10.200005,11400,0.974496
2001-03-01,10.550018,10.550018,10.399981,10.399981,3700,0.993601
2001-02-28,10.419985,10.490003,10.419985,10.490003,5600,1.002202
2001-02-27,10.500006,10.500006,10.500006,10.500006,7300,1.003157
2001-02-26,10.490003,10.60003,10.490003,10.60003,19000,1.012714
2001-02-23,10.399981,10.399981,10.359971,10.399981,18000,0.993601
2001-02-22,10.500006,10.500006,10.379976,10.379976,3700,0.99169
2001-02-21,10.550018,10.550018,10.500006,10.500006,9200,1.003157
2001-02-20,10.699981,10.699981,10.60003,10.60003,10700,1.012714
2001-02-16,11.50003,11.50003,10.749994,10.790003,73500,1.030863
2001-02-15,11.830037,11.830037,11.50003,11.559972,160400,1.104425
2001-02-14,11.80003,11.849969,11.80003,11.830037,32600,1.130227
2001-02-13,11.899982,12.000006,11.869974,11.899982,28200,1.136909
2001-02-12,11.84004,11.980001,11.84004,11.980001,10200,1.144554
2001-02-09,11.720011,11.84004,11.720011,11.84004,10700,1.131183
2001-02-08,11.780025,11.780025,11.750018,11.750018,5100,1.122582
2001-02-07,11.810033,11.849969,11.780025,11.849969,6300,1.132131
2001-02-06,11.609984,11.80003,11.609984,11.80003,20900,1.12736
2001-02-05,11.730013,11.730013,11.730013,11.730013,1200,1.120671
2001-02-02,11.649994,11.899982,11.649994,11.790028,15800,1.126404
2001-02-01,11.700006,11.700006,11.700006,11.700006,48900,1.117804
2001-01-31,11.879976,11.879976,11.820035,11.820035,42800,1.129271
2001-01-30,11.949994,11.990004,11.869974,11.879976,41400,1.134998
2001-01-29,11.750018,11.980001,11.750018,11.980001,88100,1.144554
2001-01-26,11.50003,11.625024,11.50003,11.625024,5600,1.11064
2001-01-25,11.50003,11.625024,11.50003,11.50003,5100,1.098698
2001-01-24,11.562527,11.562527,11.562527,11.562527,500,1.104669
2001-01-23,11.625024,11.687521,11.50003,11.687521,5100,1.116611
2001-01-22,11.437533,11.625024,11.437533,11.625024,13900,1.11064
2001-01-19,11.437533,11.625024,11.437533,11.437533,10200,1.092728
2001-01-18,11.375036,11.50003,11.375036,11.50003,124800,1.098698
2001-01-17,11.312539,11.437533,11.312539,11.437533,3700,1.092728
2001-01-16,11.687521,11.750018,11.187472,11.187472,35800,1.068837
2001-01-12,11.812515,11.812515,11.750018,11.750018,23100,1.122582
2001-01-11,11.875012,11.875012,11.625024,11.656272,54500,1.113626
2001-01-10,11.875012,11.937509,11.875012,11.875012,10700,1.134524
2001-01-09,11.812515,11.812515,11.812515,11.812515,17300,1.128553
2001-01-08,11.812515,11.812515,11.812515,11.812515,7300,1.128553
2001-01-05,11.781266,12.000006,11.781266,11.812515,6300,1.128553
2001-01-04,12.000006,12.000006,11.875012,11.875012,15800,1.134524
2001-01-03,11.875012,12.000006,11.875012,12.000006,15800,1.146465
2001-01-02,11.625024,11.812515,11.625024,11.812515,67900,1.128553
2000-12-29,11.437533,11.50003,11.437533,11.50003,10700,1.098698
2000-12-28,11.437533,11.50003,11.375036,11.437533,24100,1.092728
2000-12-27,11.437533,11.562527,11.437533,11.50003,6300,1.098698
2000-12-26,11.562527,11.562527,11.50003,11.562527,42300,1.104669
2000-12-22,11.562527,11.625024,11.562527,11.562527,27500,1.104669
2000-12-21,11.687521,11.687521,11.562527,11.562527,28200,1.104669
2000-12-20,11.750018,11.750018,11.687521,11.687521,7300,1.116611
2000-12-19,11.812515,11.812515,11.812515,11.812515,2200,1.128553
2000-12-18,11.625024,11.750018,11.625024,11.750018,5100,1.122582
2000-12-15,11.812515,11.812515,11.562527,11.625024,145800,1.11064
2000-12-14,11.937509,11.937509,11.937509,11.937509,2700,1.140495
2000-12-13,12.062503,12.062503,11.875012,11.875012,27500,1.134524
2000-12-12,12.125,12.125,12.125,12.125,000,1.158407
2000-12-11,12.125,12.249994,12.125,12.187497,5600,1.158644
2000-12-08,12.187497,12.249994,12.187497,12.249994,9200,1.164586
2000-12-07,12.562479,12.562479,12.312491,12.312491,15300,1.170527
2000-12-06,12.624976,12.687473,12.624976,12.687473,18000,1.206176
2000-12-05,12.187497,12.74997,12.187497,12.74997,42300,1.212118
2000-12-04,12.249994,12.312491,12.187497,12.187497,37200,1.158644
2000-12-01,12.624976,12.624976,12.312491,12.374988,32100,1.176469
2000-11-30,12.000006,13.000031,12.000006,12.81254,144300,1.218066
2000-11-29,12.000006,12.062503,12.000006,12.000006,24600,1.14082
2000-11-28,12.000006,12.000006,12.000006,12.000006,7300,1.14082
2000-11-27,12.062503,12.062503,12.062503,12.062503,000,1.146761
2000-11-24,12.062503,12.062503,12.062503,12.062503,4100,1.146761
2000-11-22,12.000006,12.062503,12.000006,12.062503,10700,1.146761
2000-11-21,12.000006,12.000006,12.000006,12.000006,10200,1.14082
2000-11-20,12.062503,12.062503,12.000006,12.000006,5600,1.14082
2000-11-17,12.125,12.125,12.125,12.125,11400,1.152703
2000-11-16,12.000006,12.000006,12.000006,12.000006,4100,1.14082
2000-11-15,12.125,12.187497,12.000006,12.187497,56200,1.158644
2000-11-14,12.187497,12.187497,12.125,12.125,5600,1.152703
2000-11-13,12.374988,12.374988,12.125,12.125,10200,1.152703
2000-11-10,12.249994,12.249994,12.249994,12.249994,500,1.164586
2000-11-09,12.374988,12.374988,12.374988,12.374988,000,1.176469
2000-11-08,12.374988,12.374988,12.374988,12.374988,3700,1.176469
2000-11-07,12.499982,12.499982,12.499982,12.499982,14400,1.188352
2000-11-06,12.34374,12.34374,12.34374,12.34374,500,1.173498
2000-11-03,12.374988,12.374988,12.249994,12.374988,21900,1.176469
2000-11-02,12.437485,12.499982,12.437485,12.499982,8800,1.188352
2000-11-01,12.312491,12.437485,12.312491,12.437485,15300,1.18241
2000-10-31,12.312491,12.312491,12.312491,12.312491,1200,1.170527
2000-10-30,12.125,12.312491,12.125,12.312491,15300,1.170527
2000-10-27,11.937509,12.187497,11.937509,12.125,12900,1.152703
2000-10-26,12.249994,12.249994,11.937509,11.937509,263300,1.134878
2000-10-25,12.81254,12.81254,12.249994,12.249994,295000,1.164586
2000-10-24,12.81254,12.81254,12.81254,12.81254,000,1.218066
2000-10-23,12.81254,12.81254,12.81254,12.81254,5100,1.218066
2000-10-20,12.81254,12.81254,12.81254,12.81254,1200,1.218066
2000-10-19,12.562479,12.81254,12.562479,12.81254,12900,1.218066
2000-10-18,12.624976,12.624976,12.624976,12.624976,3700,1.200235
2000-10-17,12.74997,12.74997,12.499982,12.74997,7800,1.212118
2000-10-16,12.81254,12.81254,12.81254,12.81254,4100,1.218066
2000-10-13,12.562479,12.74997,12.562479,12.687473,12400,1.206176
2000-10-12,12.499982,12.499982,12.499982,12.499982,1200,1.188352
2000-10-11,12.562479,12.562479,12.499982,12.562479,10700,1.194293
2000-10-10,12.687473,12.687473,12.687473,12.687473,2200,1.206176
2000-10-09,12.81254,12.81254,12.81254,12.81254,1200,1.218066
2000-10-06,12.875037,12.875037,12.74997,12.81254,8800,1.218066
2000-10-05,12.687473,12.81254,12.687473,12.81254,2700,1.218066
2000-10-04,12.687473,12.687473,12.687473,12.687473,000,1.206176
2000-10-03,12.687473,12.687473,12.687473,12.687473,5100,1.206176
2000-10-02,12.687473,12.875037,12.687473,12.875037,27000,1.224008
2000-09-29,12.74997,12.74997,12.562479,12.562479,16500,1.194293
2000-09-28,12.81254,12.81254,12.74997,12.74997,3700,1.212118
2000-09-27,12.74997,12.81254,12.74997,12.81254,5100,1.218066
2000-09-26,12.499982,12.74997,12.499982,12.74997,37200,1.212118
2000-09-25,12.562479,12.562479,12.562479,12.562479,20900,1.194293
2000-09-22,12.437485,12.687473,12.437485,12.687473,34800,1.206176
2000-09-21,12.499982,12.499982,12.499982,12.499982,000,1.188352
2000-09-20,12.499982,12.499982,12.499982,12.499982,10700,1.188352
2000-09-19,12.562479,12.562479,12.499982,12.499982,7300,1.188352
2000-09-18,12.499982,12.499982,12.499982,12.499982,4100,1.188352
2000-09-15,12.499982,12.499982,12.499982,12.499982,15800,1.188352
2000-09-14,12.687473,12.687473,12.687473,12.687473,36300,1.201422
2000-09-13,13.000031,13.000031,12.81254,12.81254,1200,1.213265
2000-09-12,13.000031,13.000031,13.000031,13.000031,56700,1.231019
2000-09-11,12.81254,12.81254,12.81254,12.81254,7300,1.213265
2000-09-08,12.81254,12.81254,12.81254,12.81254,4100,1.213265
2000-09-07,12.81254,12.81254,12.81254,12.81254,000,1.213265
2000-09-06,12.687473,12.81254,12.687473,12.81254,5100,1.213265
2000-09-05,12.875037,12.875037,12.81254,12.81254,4100,1.213265
2000-09-01,12.906285,12.906285,12.906285,12.906285,5600,1.222142
2000-08-31,12.875037,12.937534,12.81254,12.81254,25600,1.213265
2000-08-30,12.74997,13.000031,12.437485,13.000031,68400,1.231019
2000-08-29,12.81254,13.000031,12.81254,13.000031,6300,1.231019
2000-08-28,12.74997,12.74997,12.74997,12.74997,500,1.20734
2000-08-25,12.624976,13.000031,12.437485,13.000031,115100,1.231019
2000-08-24,12.437485,12.875037,12.187497,12.875037,51100,1.219183
2000-08-23,12.624976,12.624976,12.624976,12.624976,2200,1.195504
2000-08-22,12.81254,12.81254,12.74997,12.74997,15800,1.20734
2000-08-21,12.624976,12.81254,12.624976,12.81254,19000,1.213265
2000-08-18,12.562479,12.562479,12.562479,12.562479,5100,1.189586
2000-08-17,12.562479,12.562479,12.562479,12.562479,7300,1.189586
2000-08-16,12.125,12.437485,12.125,12.437485,53100,1.177749
2000-08-15,11.812515,12.000006,11.687521,12.000006,112200,1.136323
2000-08-14,11.437533,11.812515,11.437533,11.750018,35800,1.112651
2000-08-11,11.50003,11.50003,11.375036,11.50003,18000,1.088978
2000-08-10,11.50003,11.625024,11.50003,11.50003,233400,1.088978
2000-08-09,11.062478,11.437533,11.062478,11.375036,175700,1.077142
2000-08-08,10.999981,10.999981,10.999981,10.999981,18000,1.041627
2000-08-07,10.999981,10.999981,10.937484,10.999981,15300,1.041627
2000-08-04,10.937484,10.937484,10.937484,10.937484,000,1.035709
2000-08-03,10.937484,10.937484,10.937484,10.937484,4100,1.035709
2000-08-02,10.937484,10.937484,10.937484,10.937484,000,1.035709
2000-08-01,10.999981,10.999981,10.937484,10.937484,42800,1.035709
2000-07-31,10.999981,10.999981,10.874988,10.937484,51100,1.035709
2000-07-28,10.999981,10.999981,10.937484,10.999981,69400,1.041627
2000-07-27,10.999981,10.999981,10.999981,10.999981,000,1.041627
2000-07-26,10.874988,10.999981,10.874988,10.999981,15300,1.041627
2000-07-25,10.874988,10.937484,10.874988,10.937484,6300,1.035709
2000-07-24,10.874988,10.874988,10.874988,10.874988,11400,1.029791
2000-07-21,10.937484,10.937484,10.937484,10.937484,14400,1.035709
2000-07-20,10.81249,10.937484,10.749994,10.937484,56200,1.035709
2000-07-19,10.749994,10.937484,10.749994,10.937484,18000,1.035709
2000-07-18,10.749994,10.81249,10.749994,10.749994,50100,1.017955
2000-07-17,10.999981,11.124975,10.874988,10.874988,110000,1.029791
2000-07-14,11.062478,11.062478,11.062478,11.062478,10700,1.047545
2000-07-13,11.124975,11.124975,11.062478,11.062478,10700,1.047545
2000-07-12,10.999981,10.999981,10.999981,10.999981,47900,1.041627
2000-07-11,11.375036,11.375036,10.999981,10.999981,91300,1.041627
2000-07-10,11.437533,11.437533,11.187472,11.375036,74500,1.077142
2000-07-07,11.250042,11.312539,10.999981,11.312539,231200,1.071224
2000-07-06,10.874988,11.124975,10.874988,11.124975,526200,1.053463
2000-07-05,10.999981,11.062478,10.749994,10.749994,153800,1.017955
2000-07-03,10.625,11.250042,10.625,11.124975,1744200,1.053463
2000-06-30,13.625001,13.687498,10.375012,10.375012,1579200,0.982447
2000-06-29,13.43751,13.500007,13.250019,13.500007,158900,1.278363
2000-06-28,12.843789,13.562504,12.74997,13.562504,167200,1.284281
2000-06-27,12.562479,13.125025,12.562479,12.875037,361200,1.219183
2000-06-26,12.562479,12.74997,12.437485,12.437485,81500,1.177749
2000-06-23,13.000031,13.500007,12.499982,12.624976,162600,1.195504
2000-06-22,12.81254,13.000031,12.74997,12.81254,148200,1.213265
2000-06-21,13.000031,13.062528,12.81254,12.937534,89800,1.225101
2000-06-20,12.937534,13.125025,12.74997,13.000031,171300,1.231019
2000-06-19,12.499982,12.875037,12.312491,12.875037,57700,1.219183
2000-06-16,12.249994,13.000031,12.249994,13.000031,102900,1.231019
2000-06-15,11.625024,12.125,11.625024,12.125,102000,1.148159
2000-06-14,11.250042,11.50003,11.250042,11.50003,24100,1.088978
2000-06-13,11.375036,11.50003,11.375036,11.375036,19500,1.077142
2000-06-12,10.999981,11.562527,10.999981,11.375036,246000,1.072406
2000-06-09,10.999981,10.999981,10.999981,10.999981,758300,1.037047
2000-06-08,10.999981,10.999981,10.999981,10.999981,1200,1.037047
2000-06-07,10.999981,10.999981,10.999981,10.999981,46000,1.037047
2000-06-06,10.874988,10.874988,10.874988,10.874988,7300,1.025263
2000-06-05,10.749994,10.749994,10.749994,10.749994,000,1.013479
2000-06-02,10.749994,10.749994,10.749994,10.749994,9200,1.013479
2000-06-01,10.625,10.874988,10.625,10.874988,15800,1.025263
2000-05-31,10.625,10.749994,10.625,10.687496,10700,1.007587
2000-05-30,10.687496,10.687496,10.625,10.687496,35800,1.007587
2000-05-26,10.81249,10.81249,10.687496,10.687496,28200,1.007587
2000-05-25,10.687496,10.687496,10.687496,10.687496,5100,1.007587
2000-05-24,10.687496,10.687496,10.687496,10.687496,7800,1.007587
2000-05-23,10.625,10.81249,10.625,10.81249,26000,1.019371
2000-05-22,10.874988,10.874988,10.625,10.625,123400,1.001695
2000-05-19,10.999981,10.999981,10.999981,10.999981,000,1.037047
2000-05-18,10.999981,10.999981,10.999981,10.999981,34300,1.037047
2000-05-17,11.062478,11.124975,10.999981,10.999981,32100,1.037047
2000-05-16,10.999981,11.062478,10.937484,11.062478,78600,1.042939
2000-05-15,10.749994,10.937484,10.749994,10.937484,51100,1.031155
2000-05-12,10.999981,10.999981,10.749994,10.749994,301500,1.013479
2000-05-11,10.999981,10.999981,10.999981,10.999981,14400,1.037047
2000-05-10,10.999981,10.999981,10.937484,10.937484,224600,1.031155
2000-05-09,11.124975,11.124975,11.062478,11.062478,3700,1.042939
2000-05-08,10.999981,10.999981,10.999981,10.999981,1200,1.037047
2000-05-05,10.937484,11.03123,10.937484,10.999981,49400,1.037047
2000-05-04,11.124975,11.124975,10.999981,11.062478,47500,1.042939
2000-05-03,11.187472,11.187472,11.062478,11.187472,44300,1.054724
2000-05-02,11.312539,11.312539,11.312539,11.312539,1200,1.066514
2000-05-01,11.250042,11.437533,11.250042,11.437533,15300,1.078299
2000-04-28,10.999981,11.124975,10.999981,11.124975,1200,1.048831
2000-04-27,11.375036,11.437533,10.999981,10.999981,86600,1.037047
2000-04-26,11.50003,11.50003,11.50003,11.50003,15800,1.084191
2000-04-25,11.250042,11.375036,11.250042,11.375036,15300,1.072406
2000-04-24,11.124975,11.250042,11.124975,11.250042,11400,1.060622
2000-04-20,11.124975,11.187472,11.124975,11.187472,41400,1.054724
2000-04-19,11.187472,11.187472,11.187472,11.187472,9200,1.054724
2000-04-18,11.124975,11.187472,11.062478,11.187472,5600,1.054724
2000-04-17,10.999981,11.124975,10.999981,11.124975,13900,1.048831
2000-04-14,11.062478,11.124975,11.062478,11.062478,32100,1.042939
2000-04-13,11.124975,11.124975,11.062478,11.062478,9200,1.042939
2000-04-12,10.999981,11.124975,10.999981,11.124975,20400,1.048831
2000-04-11,11.062478,11.124975,11.062478,11.124975,36300,1.048831
2000-04-10,11.062478,11.062478,11.062478,11.062478,000,1.042939
2000-04-07,11.062478,11.062478,11.062478,11.062478,1200,1.042939
2000-04-06,11.062478,11.062478,11.062478,11.062478,500,1.042939
2000-04-05,11.062478,11.062478,11.062478,11.062478,5100,1.042939
2000-04-04,11.124975,11.124975,11.062478,11.124975,4100,1.048831
2000-04-03,11.187472,11.312539,11.187472,11.187472,12900,1.054724
2000-03-31,11.062478,11.187472,11.062478,11.187472,21900,1.054724
2000-03-30,11.062478,11.062478,11.062478,11.062478,3700,1.042939
2000-03-29,11.250042,11.250042,11.062478,11.062478,58200,1.042939
2000-03-28,11.062478,11.062478,11.062478,11.062478,16500,1.042939
2000-03-27,10.999981,10.999981,10.874988,10.999981,86600,1.037047
2000-03-24,10.999981,11.124975,10.999981,11.124975,4100,1.048831
2000-03-23,11.062478,11.124975,10.999981,11.124975,10700,1.048831
2000-03-22,10.999981,11.124975,10.999981,11.124975,23100,1.048831
2000-03-21,11.124975,11.124975,10.999981,11.062478,9200,1.042939
2000-03-20,11.250042,11.250042,11.124975,11.124975,18000,1.048831
2000-03-17,11.187472,11.187472,11.187472,11.187472,7800,1.050009
2000-03-16,11.124975,11.124975,11.062478,11.062478,2200,1.038277
2000-03-15,11.062478,11.187472,11.062478,11.187472,27000,1.050009
2000-03-14,11.312539,11.312539,11.062478,11.124975,41400,1.044143
2000-03-13,11.437533,11.562527,11.437533,11.437533,59100,1.073478
2000-03-10,11.312539,11.312539,11.312539,11.312539,2200,1.061747
2000-03-09,11.437533,11.437533,11.437533,11.437533,2200,1.073478
2000-03-08,10.999981,11.50003,10.937484,11.375036,73500,1.067612
2000-03-07,10.999981,11.124975,10.999981,11.062478,70800,1.038277
2000-03-06,11.062478,11.062478,10.999981,10.999981,46000,1.032411
2000-03-03,11.062478,11.124975,10.999981,11.062478,191000,1.038277
2000-03-02,11.312539,11.312539,10.999981,11.124975,44300,1.044143
2000-03-01,10.999981,11.375036,10.999981,11.375036,96900,1.067612
2000-02-29,11.062478,11.124975,11.062478,11.124975,31200,1.044143
2000-02-28,11.124975,11.124975,11.124975,11.124975,73500,1.044143
2000-02-25,11.062478,11.124975,11.062478,11.124975,2700,1.044143
2000-02-24,10.999981,11.124975,10.999981,11.124975,2200,1.044143
2000-02-23,10.999981,10.999981,10.999981,10.999981,5100,1.032411
2000-02-22,10.999981,10.999981,10.999981,10.999981,92700,1.032411
2000-02-18,11.187472,11.187472,11.062478,11.062478,12400,1.038277
2000-02-17,11.312539,11.312539,11.187472,11.187472,18000,1.050009
2000-02-16,11.250042,11.437533,11.250042,11.312539,44300,1.061747
2000-02-15,11.375036,11.375036,10.999981,11.375036,380100,1.067612
2000-02-14,11.312539,11.312539,11.250042,11.250042,73000,1.055881
2000-02-11,11.437533,11.437533,11.437533,11.437533,500,1.073478
2000-02-10,11.437533,11.437533,11.437533,11.437533,5100,1.073478
2000-02-09,11.437533,11.437533,11.437533,11.437533,4100,1.073478
2000-02-08,11.50003,11.562527,11.50003,11.562527,8800,1.08521
2000-02-07,11.562527,11.562527,11.562527,11.562527,4100,1.08521
2000-02-04,11.124975,11.625024,11.124975,11.562527,75900,1.08521
2000-02-03,10.999981,10.999981,10.999981,10.999981,359700,1.032411
2000-02-02,11.312539,11.312539,10.874988,10.874988,356000,1.02068
2000-02-01,11.250042,11.250042,11.250042,11.250042,73000,1.055881
2000-01-31,11.250042,11.375036,11.250042,11.375036,32100,1.067612
2000-01-28,11.250042,11.312539,11.250042,11.250042,59100,1.055881
2000-01-27,11.250042,11.250042,11.250042,11.250042,16500,1.055881
2000-01-26,11.250042,11.250042,11.250042,11.250042,000,1.055881
2000-01-25,11.875012,11.875012,11.250042,11.250042,140200,1.055881
2000-01-24,10.999981,10.999981,10.999981,10.999981,13900,1.032411
2000-01-21,11.062478,11.062478,11.062478,11.062478,12400,1.038277
2000-01-20,11.124975,11.124975,11.062478,11.062478,28200,1.038277
2000-01-19,11.187472,11.187472,11.187472,11.187472,000,1.050009
2000-01-18,11.124975,11.187472,11.124975,11.187472,2200,1.050009
2000-01-14,11.062478,11.187472,11.062478,11.124975,12400,1.044143
2000-01-13,11.062478,11.062478,11.062478,11.062478,32600,1.038277
2000-01-12,10.874988,11.124975,10.874988,11.124975,42300,1.044143
2000-01-11,10.625,10.749994,10.625,10.749994,39900,1.008949
2000-01-10,10.749994,10.749994,10.749994,10.749994,4100,1.008949
2000-01-07,10.500006,10.625,10.500006,10.625,5600,0.997217
2000-01-06,10.437508,10.437508,10.375012,10.375012,4100,0.973754
2000-01-05,10.437508,10.437508,10.437508,10.437508,000,0.97962
2000-01-04,10.218769,10.437508,10.218769,10.437508,17300,0.97962
2000-01-03,10.375012,10.375012,10.18752,10.18752,91700,0.956157
