Date,Open,High,Low,Close,Volume,Adj_Close
2016-01-15,1.03,1.03,1.03,1.03,000,1.03
2016-01-14,1.03,1.03,1.03,1.03,000,1.03
2016-01-13,1.0278,1.0278,1.0278,1.0278,000,1.0278
2016-01-12,1.0278,1.0278,1.0278,1.0278,000,1.0278
2016-01-11,1.0278,1.0278,1.0278,1.0278,000,1.0278
2016-01-08,1.0278,1.0278,1.0278,1.0278,000,1.0278
2016-01-07,1.0278,1.0278,1.0278,1.0278,000,1.0278
2016-01-06,1.0278,1.0278,1.0278,1.0278,000,1.0278
2016-01-05,1.0278,1.0278,1.0278,1.0278,000,1.0278
2016-01-04,1.0278,1.0278,1.0278,1.0278,000,1.0278
2015-12-31,1.0278,1.0278,1.0278,1.0278,000,1.0278
2015-12-30,1.0278,1.0278,1.0278,1.0278,000,1.0278
2015-12-29,1.0278,1.0278,1.0278,1.0278,000,1.0278
2015-12-28,1.0278,1.0278,1.0278,1.0278,000,1.0278
2015-12-24,1.0278,1.0278,1.0278,1.0278,000,1.0278
2015-12-23,1.0278,1.0278,1.0278,1.0278,000,1.0278
2015-12-22,1.0278,1.0278,1.0278,1.0278,000,1.0278
2015-12-21,1.0278,1.0278,1.0278,1.0278,000,1.0278
2015-12-18,1.0278,1.0278,1.0278,1.0278,000,1.0278
2015-12-17,1.0278,1.0278,1.0278,1.0278,000,1.0278
2015-12-16,1.0278,1.0278,1.0278,1.0278,000,1.0278
2015-12-15,1.0278,1.0278,1.0278,1.0278,000,1.0278
2015-12-14,1.0278,1.0278,1.0278,1.0278,000,1.0278
2015-12-11,1.0278,1.0278,1.0278,1.0278,000,1.0278
2015-12-10,1.0278,1.0278,1.0278,1.0278,000,1.0278
2015-12-09,1.0278,1.0278,1.0278,1.0278,000,1.0278
2015-12-08,1.0278,1.0278,1.0278,1.0278,000,1.0278
2015-12-07,1.0278,1.0278,1.0278,1.0278,000,1.0278
2015-12-04,1.0278,1.0278,1.0278,1.0278,000,1.0278
2015-12-03,1.0278,1.0278,1.0278,1.0278,000,1.0278
2015-12-02,1.0278,1.0278,1.0278,1.0278,000,1.0278
2015-12-01,1.0278,1.0278,1.0278,1.0278,000,1.0278
2015-11-30,1.0278,1.0278,1.0278,1.0278,000,1.0278
2015-11-27,1.0278,1.0278,1.0278,1.0278,000,1.0278
2015-11-25,1.0278,1.0278,1.0278,1.0278,000,1.0278
2015-11-24,1.0278,1.0278,1.0278,1.0278,000,1.0278
2015-11-23,1.0278,1.0278,1.0278,1.0278,000,1.0278
2015-11-20,1.0278,1.0278,1.0278,1.0278,000,1.0278
2015-11-19,1.0278,1.0278,1.0278,1.0278,000,1.0278
2015-11-18,1.0278,1.0278,1.0278,1.0278,000,1.0278
2015-11-17,1.0278,1.0278,1.0278,1.0278,000,1.0278
2015-11-16,1.0278,1.0278,1.0278,1.0278,000,1.0278
2015-11-13,1.0278,1.0278,1.0278,1.0278,000,1.0278
2015-11-12,1.0278,1.0278,1.0278,1.0278,000,1.0278
2015-11-11,1.0278,1.0278,1.0278,1.0278,000,1.0278
2015-11-10,1.0278,1.0278,1.0278,1.0278,000,1.0278
2015-11-09,1.0278,1.0278,1.0278,1.0278,000,1.0278
2015-11-06,1.0278,1.0278,1.0278,1.0278,000,1.0278
2015-11-05,1.0278,1.0278,1.0278,1.0278,000,1.0278
2015-11-04,1.0278,1.0278,1.0278,1.0278,000,1.0278
2015-11-03,1.0278,1.0278,1.0278,1.0278,000,1.0278
2015-11-02,1.0278,1.0278,1.0278,1.0278,000,1.0278
2015-10-30,1.0278,1.0278,1.0278,1.0278,000,1.0278
2015-10-29,1.0278,1.0278,1.0278,1.0278,000,1.0278
2015-10-28,1.0278,1.0278,1.0278,1.0278,000,1.0278
2015-10-27,1.0278,1.0278,1.0278,1.0278,000,1.0278
2015-10-26,1.0278,1.0278,1.0278,1.0278,000,1.0278
2015-10-23,1.0278,1.0278,1.0278,1.0278,000,1.0278
2015-10-22,1.0278,1.0278,1.0278,1.0278,000,1.0278
2015-10-21,1.0278,1.0278,1.0278,1.0278,000,1.0278
2015-10-20,1.0278,1.0278,1.0278,1.0278,000,1.0278
2015-10-19,1.0278,1.0278,1.0278,1.0278,000,1.0278
2015-10-16,1.0278,1.0278,1.0278,1.0278,000,1.0278
2015-10-15,1.0278,1.0278,1.0278,1.0278,000,1.0278
2015-10-14,1.0278,1.0278,1.0278,1.0278,000,1.0278
2015-10-13,1.0278,1.0278,1.0278,1.0278,000,1.0278
2015-10-12,1.0278,1.0278,1.0278,1.0278,000,1.0278
2015-10-09,1.0278,1.0278,1.0278,1.0278,000,1.0278
2015-10-08,1.0278,1.0278,1.0278,1.0278,000,1.0278
2015-10-07,1.0278,1.0278,1.0278,1.0278,000,1.0278
2015-10-06,1.0278,1.0278,1.0278,1.0278,000,1.0278
2015-10-05,1.0278,1.0278,1.0278,1.0278,000,1.0278
2015-10-02,1.0278,1.0278,1.0278,1.0278,000,1.0278
2015-10-01,1.0278,1.0278,1.0278,1.0278,000,1.0278
2015-09-30,1.0278,1.0278,1.0278,1.0278,000,1.0278
2015-09-29,1.0278,1.0278,1.0278,1.0278,000,1.0278
2015-09-28,1.0278,1.0278,1.0278,1.0278,000,1.0278
2015-09-25,1.0278,1.0278,1.0278,1.0278,000,1.0278
2015-09-24,1.0278,1.0278,1.0278,1.0278,000,1.0278
2015-09-23,1.0278,1.0278,1.0278,1.0278,000,1.0278
2015-09-22,1.0278,1.0278,1.0278,1.0278,000,1.0278
2015-09-21,1.0278,1.0278,1.0278,1.0278,000,1.0278
2015-09-18,1.0278,1.0278,1.0278,1.0278,000,1.0278
2015-09-17,1.0278,1.0278,1.0278,1.0278,000,1.0278
2015-09-16,1.0278,1.0278,1.0278,1.0278,000,1.0278
2015-09-15,1.0278,1.0278,1.0278,1.0278,000,1.0278
2015-09-14,1.0278,1.0278,1.0278,1.0278,000,1.0278
2015-09-11,1.0278,1.0278,1.0278,1.0278,000,1.0278
2015-09-10,1.0278,1.0278,1.0278,1.0278,000,1.0278
2015-09-09,1.0278,1.0278,1.0278,1.0278,000,1.0278
2015-09-08,1.0278,1.0278,1.0278,1.0278,000,1.0278
2015-09-04,1.0278,1.0278,1.0278,1.0278,000,1.0278
2015-09-03,1.0278,1.0278,1.0278,1.0278,000,1.0278
2015-09-02,1.0278,1.0278,1.0278,1.0278,000,1.0278
2015-09-01,1.0278,1.0278,1.0278,1.0278,000,1.0278
2015-08-31,1.0278,1.0278,1.0278,1.0278,000,1.0278
2015-08-28,1.0278,1.0278,1.0278,1.0278,000,1.0278
2015-08-27,1.0278,1.0278,1.0278,1.0278,000,1.0278
2015-08-26,0.03,0.03,0.03,0.03,000,0.03
2015-08-25,0.03,0.03,0.03,0.03,000,0.03
2015-08-24,0.03,0.03,0.03,0.03,000,0.03
2015-08-21,0.03,0.03,0.03,0.03,000,0.03
2015-08-20,0.03,0.03,0.03,0.03,000,0.03
2015-08-19,0.03,0.03,0.03,0.03,000,0.03
2015-08-18,0.03,0.03,0.03,0.03,000,0.03
2015-08-17,0.03,0.03,0.03,0.03,000,0.03
2015-08-14,0.03,0.03,0.03,0.03,000,0.03
2015-08-13,0.03,0.03,0.03,0.03,000,0.03
2015-08-12,0.03,0.03,0.03,0.03,000,0.03
2015-08-11,0.03,0.03,0.03,0.03,000,0.03
2015-08-10,0.03,0.03,0.03,0.03,000,0.03
2015-08-07,0.03,0.03,0.03,0.03,000,0.03
2015-08-06,0.03,0.03,0.03,0.03,000,0.03
2015-08-05,0.03,0.03,0.03,0.03,000,0.03
2015-08-04,0.03,0.03,0.03,0.03,000,0.03
2015-08-03,0.03,0.03,0.03,0.03,000,0.03
2015-07-31,0.03,0.03,0.03,0.03,000,0.03
2015-07-30,0.03,0.03,0.03,0.03,000,0.03
2015-07-29,0.03,0.03,0.03,0.03,000,0.03
2015-07-28,1.0278,1.0278,1.0278,1.0278,000,1.0278
2015-07-27,1.0278,1.0278,1.0278,1.0278,000,1.0278
2015-07-24,1.0278,1.0278,1.0278,1.0278,000,1.0278
2015-07-23,1.0278,1.0278,1.0278,1.0278,000,1.0278
2015-07-22,1.0278,1.0278,1.0278,1.0278,000,1.0278
2015-07-21,1.0278,1.0278,1.0278,1.0278,000,1.0278
2015-07-20,1.0278,1.0278,1.0278,1.0278,000,1.0278
2015-07-17,1.0278,1.0278,1.0278,1.0278,000,1.0278
2015-07-16,1.0278,1.0278,1.0278,1.0278,000,1.0278
2015-07-15,1.0278,1.0278,1.0278,1.0278,000,1.0278
2015-07-14,1.0278,1.0278,1.0278,1.0278,000,1.0278
2015-07-13,1.0278,1.0278,1.0278,1.0278,000,1.0278
2015-07-10,1.0278,1.0278,1.0278,1.0278,000,1.0278
2015-07-09,1.0278,1.0278,1.0278,1.0278,000,1.0278
2015-07-08,1.0278,1.0278,1.0278,1.0278,000,1.0278
2015-07-07,1.0278,1.0278,1.0278,1.0278,000,1.0278
2015-07-06,1.0278,1.0278,1.0278,1.0278,000,1.0278
2015-07-02,1.0278,1.0278,1.0278,1.0278,000,1.0278
2015-07-01,1.0278,1.0278,1.0278,1.0278,000,1.0278
2015-06-30,1.0278,1.0278,1.0278,1.0278,000,1.0278
2015-06-29,1.0278,1.0278,1.0278,1.0278,000,1.0278
2015-06-26,1.0278,1.0278,1.0278,1.0278,000,1.0278
2015-06-25,1.0278,1.0278,1.0278,1.0278,000,1.0278
2015-06-24,1.0278,1.0278,1.0278,1.0278,000,1.0278
2015-06-23,1.0278,1.0278,1.0278,1.0278,000,1.0278
2015-06-22,1.0278,1.0278,1.0278,1.0278,000,1.0278
2015-06-19,0.03,0.03,0.03,0.03,000,0.03
2015-06-18,1.0278,1.0278,1.0278,1.0278,000,1.0278
2015-06-17,1.0278,1.0278,1.0278,1.0278,000,1.0278
2015-06-16,1.0278,1.0278,1.0278,1.0278,000,1.0278
2015-06-15,1.0278,1.0278,1.0278,1.0278,000,1.0278
2015-06-12,1.0278,1.0278,1.0278,1.0278,000,1.0278
2015-06-11,1.0278,1.0278,1.0278,1.0278,000,1.0278
2015-06-10,1.0278,1.0278,1.0278,1.0278,000,1.0278
2015-06-09,1.0278,1.0278,1.0278,1.0278,000,1.0278
2015-06-08,1.0278,1.0278,1.0278,1.0278,000,1.0278
2015-06-05,1.0278,1.0278,1.0278,1.0278,000,1.0278
2015-06-04,1.0278,1.0278,1.0278,1.0278,000,1.0278
2015-06-03,1.0278,1.0278,1.0278,1.0278,000,1.0278
2015-06-02,1.0278,1.0278,1.0278,1.0278,000,1.0278
2015-06-01,1.0278,1.0278,1.0278,1.0278,000,1.0278
2015-05-29,1.0278,1.0278,1.0278,1.0278,95900,1.0278
2015-05-28,1.0278,1.0278,1.0278,1.0278,000,1.0278
2015-05-27,1.0278,1.0278,1.0278,1.0278,000,1.0278
2015-05-26,1.03,1.03,1.03,1.03,000,1.03
2015-05-22,1.0278,1.0278,1.0278,1.0278,95900,1.0278
2015-05-21,12.00,12.00,12.00,12.00,000,12.00
2015-05-20,12.00,12.00,12.00,12.00,000,12.00
2015-05-19,12.00,12.00,12.00,12.00,000,12.00
2015-05-18,12.00,12.00,12.00,12.00,000,12.00
2015-05-15,12.00,12.00,12.00,12.00,000,12.00
2015-05-14,12.00,12.00,12.00,12.00,000,12.00
2015-05-13,12.00,12.00,12.00,12.00,000,12.00
2015-05-12,12.00,12.00,12.00,12.00,000,12.00
2015-05-11,12.00,12.00,12.00,12.00,000,12.00
2015-05-08,12.00,12.00,12.00,12.00,000,12.00
2015-05-07,12.00,12.00,12.00,12.00,000,12.00
2015-05-06,12.00,12.00,12.00,12.00,000,12.00
2015-05-05,12.00,12.00,12.00,12.00,000,12.00
2015-05-04,12.00,12.00,12.00,12.00,000,12.00
2015-05-01,12.00,12.00,12.00,12.00,000,12.00
2015-04-30,12.00,12.00,12.00,12.00,000,12.00
2015-04-29,12.00,12.00,12.00,12.00,000,12.00
2015-04-28,12.00,12.00,12.00,12.00,000,12.00
2015-04-27,12.00,12.00,12.00,12.00,000,12.00
2015-04-24,12.00,12.00,12.00,12.00,000,12.00
2015-04-23,12.00,12.00,12.00,12.00,000,12.00
2015-04-22,12.00,12.00,12.00,12.00,000,12.00
2015-04-21,12.00,12.00,12.00,12.00,000,12.00
2015-04-20,12.00,12.00,12.00,12.00,000,12.00
2015-04-17,12.00,12.00,12.00,12.00,000,12.00
2015-04-16,12.00,12.00,12.00,12.00,000,12.00
2015-04-15,12.00,12.00,12.00,12.00,000,12.00
2015-04-14,12.00,12.00,12.00,12.00,000,12.00
2015-04-13,12.00,12.00,12.00,12.00,000,12.00
2015-04-10,12.00,12.00,12.00,12.00,000,12.00
2015-04-09,12.00,12.00,12.00,12.00,000,12.00
2015-04-08,12.00,12.00,12.00,12.00,000,12.00
2015-04-07,12.00,12.00,12.00,12.00,000,12.00
2015-04-06,12.00,12.00,12.00,12.00,000,12.00
2015-04-02,12.00,12.00,12.00,12.00,000,12.00
2015-04-01,12.00,12.00,12.00,12.00,000,12.00
2015-03-31,12.00,12.00,12.00,12.00,000,12.00
2015-03-30,12.00,12.00,12.00,12.00,000,12.00
2015-03-27,12.00,12.00,12.00,12.00,000,12.00
2015-03-26,12.00,12.00,12.00,12.00,000,12.00
2015-03-25,12.00,12.00,12.00,12.00,000,12.00
2015-03-24,12.00,12.00,12.00,12.00,000,12.00
2015-03-23,12.00,12.00,12.00,12.00,000,12.00
2015-03-20,12.00,12.00,12.00,12.00,000,12.00
2015-03-19,12.00,12.00,12.00,12.00,000,12.00
2015-03-18,12.00,12.00,12.00,12.00,000,12.00
2015-03-17,12.00,12.00,12.00,12.00,000,12.00
2015-03-16,12.00,12.00,12.00,12.00,000,12.00
2015-03-13,12.00,12.00,12.00,12.00,000,12.00
2015-03-12,12.00,12.00,12.00,12.00,000,12.00
2015-03-11,12.00,12.00,12.00,12.00,000,12.00
2015-03-10,12.00,12.00,12.00,12.00,000,12.00
2015-03-09,12.00,12.00,12.00,12.00,000,12.00
2015-03-06,12.00,12.00,12.00,12.00,000,12.00
2015-03-05,0.03,0.03,0.03,0.03,000,0.03
2015-03-04,12.00,12.00,12.00,12.00,000,12.00
2015-03-03,12.00,12.00,12.00,12.00,000,12.00
2015-02-27,12.00,12.00,12.00,12.00,000,12.00
2015-02-26,0.03,0.03,0.03,0.03,000,0.03
2015-02-25,12.00,12.00,12.00,12.00,000,12.00
2015-02-24,12.00,12.00,12.00,12.00,000,12.00
2015-02-23,12.00,12.00,12.00,12.00,000,12.00
2015-02-20,0.03,0.03,0.03,0.03,000,0.03
2015-02-19,12.00,12.00,12.00,12.00,000,12.00
2015-02-18,12.00,12.00,12.00,12.00,000,12.00
2015-02-17,12.00,12.00,12.00,12.00,000,12.00
2015-02-12,0.03,0.03,0.03,0.03,000,0.03
2015-02-11,0.03,0.03,0.03,0.03,000,0.03
2015-02-10,0.03,0.03,0.03,0.03,000,0.03
2015-02-09,0.03,0.03,0.03,0.03,000,0.03
2015-02-06,0.03,0.03,0.03,0.03,000,0.03
2015-02-05,0.03,0.03,0.03,0.03,000,0.03
2015-02-04,0.03,0.03,0.03,0.03,000,0.03
2015-02-03,0.03,0.03,0.03,0.03,000,0.03
2015-02-02,0.03,0.03,0.03,0.03,000,0.03
2015-01-30,0.03,0.03,0.03,0.03,000,0.03
2015-01-29,0.03,0.03,0.03,0.03,000,0.03
2015-01-28,0.03,0.03,0.03,0.03,000,0.03
2015-01-27,0.03,0.03,0.03,0.03,000,0.03
2015-01-26,0.03,0.03,0.03,0.03,000,0.03
2015-01-23,0.03,0.03,0.03,0.03,000,0.03
2015-01-22,0.03,0.03,0.03,0.03,000,0.03
2015-01-21,0.03,0.03,0.03,0.03,000,0.03
2015-01-20,0.03,0.03,0.03,0.03,000,0.03
2015-01-16,0.03,0.03,0.03,0.03,000,0.03
2015-01-15,0.03,0.03,0.03,0.03,000,0.03
2015-01-14,0.03,0.03,0.03,0.03,000,0.03
2015-01-13,0.03,0.03,0.03,0.03,000,0.03
2015-01-12,0.03,0.03,0.03,0.03,000,0.03
2015-01-09,0.03,0.03,0.03,0.03,000,0.03
2015-01-08,0.03,0.03,0.03,0.03,000,0.03
2015-01-07,0.03,0.03,0.03,0.03,000,0.03
2015-01-06,0.03,0.03,0.03,0.03,000,0.03
2015-01-05,0.03,0.03,0.03,0.03,000,0.03
2015-01-02,0.03,0.03,0.03,0.03,000,0.03
2014-12-31,0.03,0.03,0.03,0.03,000,0.03
2014-12-30,0.03,0.03,0.03,0.03,000,0.03
2014-12-29,0.03,0.03,0.03,0.03,000,0.03
2014-12-26,0.03,0.03,0.03,0.03,000,0.03
2014-12-24,0.03,0.03,0.03,0.03,000,0.03
2014-12-23,0.03,0.03,0.03,0.03,000,0.03
2014-12-22,0.03,0.03,0.03,0.03,000,0.03
2014-12-19,0.03,0.03,0.03,0.03,000,0.03
2014-12-18,0.03,0.03,0.03,0.03,000,0.03
2014-12-17,0.03,0.03,0.03,0.03,000,0.03
2014-12-16,0.03,0.03,0.03,0.03,000,0.03
2014-12-15,0.03,0.03,0.03,0.03,000,0.03
2014-12-12,0.03,0.03,0.03,0.03,000,0.03
2014-12-11,0.03,0.03,0.03,0.03,000,0.03
2014-12-10,0.03,0.03,0.03,0.03,000,0.03
2014-12-09,0.03,0.03,0.03,0.03,000,0.03
2014-12-08,0.03,0.03,0.03,0.03,000,0.03
2014-12-05,0.03,0.03,0.03,0.03,000,0.03
2014-12-04,0.03,0.03,0.03,0.03,000,0.03
2014-12-03,0.03,0.03,0.03,0.03,000,0.03
2014-12-02,0.03,0.03,0.03,0.03,000,0.03
2014-12-01,0.03,0.03,0.03,0.03,000,0.03
2014-11-28,0.03,0.03,0.03,0.03,000,0.03
2014-11-26,0.03,0.03,0.03,0.03,000,0.03
2014-11-25,0.03,0.03,0.03,0.03,000,0.03
2014-11-24,0.03,0.03,0.03,0.03,000,0.03
2014-11-21,0.03,0.03,0.03,0.03,000,0.03
2014-11-20,0.03,0.03,0.03,0.03,000,0.03
2014-11-19,0.60,0.60,0.60,0.60,000,0.60
2014-11-18,0.60,0.60,0.60,0.60,000,0.60
2014-11-17,0.60,0.60,0.60,0.60,000,0.60
2014-11-14,0.60,0.60,0.60,0.60,000,0.60
2014-11-13,0.60,0.60,0.60,0.60,000,0.60
2014-11-12,0.60,0.60,0.60,0.60,000,0.60
2014-11-11,0.60,0.60,0.60,0.60,000,0.60
2014-11-10,0.60,0.60,0.60,0.60,000,0.60
2014-11-07,0.60,0.60,0.60,0.60,000,0.60
2014-11-06,0.60,0.60,0.60,0.60,000,0.60
2014-11-05,0.60,0.60,0.60,0.60,000,0.60
2014-11-04,0.60,0.60,0.60,0.60,000,0.60
2014-11-03,0.60,0.60,0.60,0.60,000,0.60
2014-10-31,0.03,0.03,0.03,0.03,000,0.60
2014-10-30,0.03,0.03,0.03,0.03,000,0.60
2014-10-29,0.03,0.03,0.03,0.03,000,0.60
2014-10-28,0.03,0.03,0.03,0.03,000,0.60
2014-10-27,0.03,0.03,0.03,0.03,000,0.60
2014-10-24,0.03,0.03,0.03,0.03,000,0.60
2014-10-23,0.03,0.03,0.03,0.03,000,0.60
2014-10-22,0.03,0.03,0.03,0.03,000,0.60
2014-10-21,0.03,0.03,0.03,0.03,000,0.60
2014-10-20,0.03,0.03,0.03,0.03,000,0.60
2014-10-17,0.03,0.03,0.03,0.03,000,0.60
2014-10-16,0.03,0.03,0.03,0.03,000,0.60
2014-10-15,0.03,0.03,0.03,0.03,000,0.60
2014-10-14,0.03,0.03,0.03,0.03,000,0.60
2014-10-13,0.03,0.03,0.03,0.03,000,0.60
2014-10-10,0.03,0.03,0.03,0.03,000,0.60
2014-10-09,0.03,0.03,0.03,0.03,000,0.60
2014-10-08,0.03,0.03,0.03,0.03,000,0.60
2014-10-07,0.03,0.03,0.03,0.03,000,0.60
2014-10-06,0.03,0.03,0.03,0.03,000,0.60
2014-10-03,0.03,0.03,0.03,0.03,000,0.60
2014-10-02,0.03,0.03,0.03,0.03,000,0.60
2014-10-01,0.03,0.03,0.03,0.03,000,0.60
2014-09-30,0.03,0.03,0.03,0.03,000,0.60
2014-09-29,0.03,0.03,0.03,0.03,000,0.60
2014-09-26,0.03,0.03,0.03,0.03,000,0.60
2014-09-25,0.03,0.03,0.03,0.03,000,0.60
2014-09-24,0.03,0.03,0.03,0.03,000,0.60
2014-09-23,0.03,0.03,0.03,0.03,000,0.60
2014-09-22,0.03,0.03,0.03,0.03,000,0.60
2014-09-19,0.03,0.03,0.03,0.03,000,0.60
2014-09-18,0.03,0.03,0.03,0.03,000,0.60
2014-09-17,0.03,0.03,0.03,0.03,000,0.60
2014-09-16,0.03,0.03,0.03,0.03,000,0.60
2014-09-15,0.03,0.03,0.03,0.03,000,0.60
2014-09-12,0.03,0.03,0.03,0.03,000,0.60
2014-09-11,0.03,0.03,0.03,0.03,000,0.60
2014-09-10,0.03,0.03,0.03,0.03,000,0.60
2014-09-09,0.03,0.03,0.03,0.03,000,0.60
2014-09-08,0.03,0.03,0.03,0.03,000,0.60
2014-09-05,0.03,0.03,0.03,0.03,000,0.60
2014-09-04,0.03,0.03,0.03,0.03,000,0.60
2014-09-03,0.03,0.03,0.03,0.03,000,0.60
2014-09-02,0.03,0.03,0.03,0.03,000,0.60
2014-08-29,0.03,0.03,0.03,0.03,000,0.60
2014-08-28,0.03,0.03,0.03,0.03,000,0.60
2014-08-27,0.03,0.03,0.03,0.03,000,0.60
2014-08-26,0.03,0.03,0.03,0.03,000,0.60
2014-08-25,0.03,0.03,0.03,0.03,000,0.60
2014-08-22,0.03,0.03,0.03,0.03,000,0.60
2014-08-21,0.03,0.03,0.03,0.03,000,0.60
2014-08-20,0.03,0.03,0.03,0.03,000,0.60
2014-08-19,0.03,0.03,0.03,0.03,000,0.60
2014-08-18,0.03,0.03,0.03,0.03,000,0.60
2014-08-15,0.03,0.03,0.03,0.03,000,0.60
2014-08-14,0.03,0.03,0.03,0.03,000,0.60
2014-08-13,0.03,0.03,0.03,0.03,000,0.60
2014-08-12,0.03,0.03,0.03,0.03,000,0.60
2014-08-11,0.03,0.03,0.03,0.03,000,0.60
2014-08-08,0.03,0.03,0.03,0.03,000,0.60
2014-08-07,0.03,0.03,0.03,0.03,000,0.60
2014-08-06,0.03,0.03,0.03,0.03,100,0.60
2014-08-05,0.0372,0.0372,0.0372,0.0372,000,0.744
2014-08-04,0.0372,0.0372,0.0372,0.0372,000,0.744
2014-08-01,0.0372,0.0372,0.0372,0.0372,000,0.744
2014-07-31,0.0372,0.0372,0.0372,0.0372,000,0.744
2014-07-30,0.0372,0.0372,0.0372,0.0372,000,0.744
2014-07-29,0.0372,0.0372,0.0372,0.0372,000,0.744
2014-07-28,0.0372,0.0372,0.0372,0.0372,000,0.744
2014-07-25,0.0372,0.0372,0.0372,0.0372,000,0.744
2014-07-24,0.0372,0.0372,0.0372,0.0372,000,0.744
2014-07-23,0.0372,0.0372,0.0372,0.0372,000,0.744
2014-07-22,0.0372,0.0372,0.0372,0.0372,000,0.744
2014-07-21,0.0372,0.0372,0.0372,0.0372,000,0.744
2014-07-18,0.0372,0.0372,0.0372,0.0372,000,0.744
2014-07-17,0.0372,0.0372,0.0372,0.0372,000,0.744
2014-07-16,0.0372,0.0372,0.0372,0.0372,000,0.744
2014-07-15,0.0372,0.0372,0.0372,0.0372,000,0.744
2014-07-14,0.0372,0.0372,0.0372,0.0372,000,0.744
2014-07-11,0.0372,0.0372,0.0372,0.0372,000,0.744
2014-07-10,0.0372,0.0372,0.0372,0.0372,000,0.744
2014-07-09,0.0372,0.0372,0.0372,0.0372,000,0.744
2014-07-08,0.0372,0.0372,0.0372,0.0372,000,0.744
2014-07-07,0.0372,0.0372,0.0372,0.0372,000,0.744
2014-07-03,0.0372,0.0372,0.0372,0.0372,000,0.744
2014-07-02,0.0372,0.0372,0.0372,0.0372,000,0.744
2014-07-01,0.0372,0.0372,0.0372,0.0372,000,0.744
2014-06-30,0.0372,0.0372,0.0372,0.0372,000,0.744
2014-06-27,0.0372,0.0372,0.0372,0.0372,000,0.744
2014-06-26,0.0372,0.0372,0.0372,0.0372,000,0.744
2014-06-25,0.0372,0.0372,0.0372,0.0372,000,0.744
2014-06-24,0.0372,0.0372,0.0372,0.0372,000,0.744
2014-06-23,0.0372,0.0372,0.0372,0.0372,000,0.744
2014-06-20,0.0372,0.0372,0.0372,0.0372,128300,0.744
2014-06-19,0.041,0.041,0.041,0.041,000,0.82
2014-06-18,0.041,0.041,0.041,0.041,000,0.82
2014-06-17,0.041,0.041,0.041,0.041,000,0.82
2014-06-16,0.041,0.041,0.041,0.041,000,0.82
2014-06-13,0.041,0.041,0.041,0.041,000,0.82
2014-06-12,0.041,0.041,0.041,0.041,000,0.82
2014-06-11,0.041,0.041,0.041,0.041,000,0.82
2014-06-10,0.041,0.041,0.041,0.041,000,0.82
2014-06-09,0.041,0.041,0.041,0.041,000,0.82
2014-06-06,0.041,0.041,0.041,0.041,000,0.82
2014-06-05,0.041,0.041,0.041,0.041,000,0.82
2014-06-04,0.041,0.041,0.041,0.041,000,0.82
2014-06-03,0.041,0.041,0.041,0.041,000,0.82
2014-06-02,0.041,0.041,0.041,0.041,000,0.82
2014-05-30,0.041,0.041,0.041,0.041,000,0.82
2014-05-29,0.041,0.041,0.041,0.041,000,0.82
2014-05-28,0.041,0.041,0.041,0.041,000,0.82
2014-05-27,0.041,0.041,0.041,0.041,000,0.82
2014-05-23,0.041,0.041,0.041,0.041,000,0.82
2014-05-22,0.041,0.041,0.041,0.041,000,0.82
2014-05-21,0.041,0.041,0.041,0.041,000,0.82
2014-05-20,0.041,0.041,0.041,0.041,000,0.82
2014-05-19,0.041,0.041,0.041,0.041,000,0.82
2014-05-16,0.041,0.041,0.041,0.041,000,0.82
2014-05-15,0.041,0.041,0.041,0.041,000,0.82
2014-05-14,0.041,0.041,0.041,0.041,000,0.82
2014-05-13,0.041,0.041,0.041,0.041,000,0.82
2014-05-12,0.041,0.041,0.041,0.041,000,0.82
2014-05-09,0.041,0.041,0.041,0.041,000,0.82
2014-05-08,0.041,0.041,0.041,0.041,000,0.82
2014-05-07,0.041,0.041,0.041,0.041,000,0.82
2014-05-06,0.041,0.041,0.041,0.041,000,0.82
2014-05-05,0.041,0.041,0.041,0.041,000,0.82
2014-05-02,0.041,0.041,0.041,0.041,000,0.82
2014-05-01,0.041,0.041,0.041,0.041,000,0.82
2014-04-30,0.041,0.041,0.041,0.041,000,0.82
2014-04-29,0.041,0.041,0.041,0.041,000,0.82
2014-04-28,0.041,0.041,0.041,0.041,000,0.82
2014-04-25,0.041,0.041,0.041,0.041,000,0.82
2014-04-24,0.041,0.041,0.041,0.041,000,0.82
2014-04-23,0.041,0.041,0.041,0.041,000,0.82
2014-04-22,0.041,0.041,0.041,0.041,000,0.82
2014-04-21,0.041,0.041,0.041,0.041,000,0.82
2014-04-17,0.041,0.041,0.041,0.041,000,0.82
2014-04-16,0.041,0.041,0.041,0.041,000,0.82
2014-04-15,0.041,0.041,0.041,0.041,000,0.82
2014-04-14,0.041,0.041,0.041,0.041,000,0.82
2014-04-11,0.041,0.041,0.041,0.041,000,0.82
2014-04-10,0.041,0.041,0.041,0.041,000,0.82
2014-04-09,0.041,0.041,0.041,0.041,000,0.82
2014-04-08,0.041,0.041,0.041,0.041,000,0.82
2014-04-07,0.041,0.041,0.041,0.041,000,0.82
2014-04-04,0.041,0.041,0.041,0.041,000,0.82
2014-04-03,0.041,0.041,0.041,0.041,000,0.82
2014-04-02,0.041,0.041,0.041,0.041,000,0.82
2014-04-01,0.041,0.041,0.041,0.041,000,0.82
2014-03-31,0.041,0.041,0.041,0.041,000,0.82
2014-03-28,0.041,0.041,0.041,0.041,000,0.82
2014-03-27,0.041,0.041,0.041,0.041,000,0.82
2014-03-26,0.041,0.041,0.041,0.041,000,0.82
2014-03-25,0.041,0.041,0.041,0.041,000,0.82
2014-03-24,0.041,0.041,0.041,0.041,000,0.82
2014-03-21,0.041,0.041,0.041,0.041,000,0.82
2014-03-20,0.041,0.041,0.041,0.041,000,0.82
2014-03-19,0.041,0.041,0.041,0.041,000,0.82
2014-03-18,0.041,0.041,0.041,0.041,000,0.82
2014-03-17,0.041,0.041,0.041,0.041,000,0.82
2014-03-14,0.041,0.041,0.041,0.041,000,0.82
2014-03-13,0.041,0.041,0.041,0.041,000,0.82
2014-03-12,0.041,0.041,0.041,0.041,000,0.82
2014-03-11,0.041,0.041,0.041,0.041,000,0.82
2014-03-10,0.041,0.041,0.041,0.041,000,0.82
2014-03-07,0.041,0.041,0.041,0.041,000,0.82
2014-03-06,0.041,0.041,0.041,0.041,000,0.82
2014-03-05,0.041,0.041,0.041,0.041,000,0.82
2014-03-04,0.041,0.041,0.041,0.041,000,0.82
2014-03-03,0.041,0.041,0.041,0.041,000,0.82
2014-02-28,0.041,0.041,0.041,0.041,000,0.82
2014-02-27,0.041,0.041,0.041,0.041,000,0.82
2014-02-26,0.041,0.041,0.041,0.041,000,0.82
2014-02-25,0.041,0.041,0.041,0.041,000,0.82
2014-02-24,0.041,0.041,0.041,0.041,000,0.82
2014-02-21,0.041,0.041,0.041,0.041,000,0.82
2014-02-20,0.041,0.041,0.041,0.041,000,0.82
2014-02-19,0.041,0.041,0.041,0.041,000,0.82
2014-02-18,0.041,0.041,0.041,0.041,000,0.82
2014-02-14,0.041,0.041,0.041,0.041,000,0.82
2014-02-13,0.041,0.041,0.041,0.041,000,0.82
2014-02-12,0.041,0.041,0.041,0.041,000,0.82
2014-02-11,0.041,0.041,0.041,0.041,000,0.82
2014-02-10,0.041,0.041,0.041,0.041,000,0.82
2014-02-07,0.041,0.041,0.041,0.041,000,0.82
2014-02-06,0.041,0.041,0.041,0.041,000,0.82
2014-02-05,0.041,0.041,0.041,0.041,000,0.82
2014-02-04,0.041,0.041,0.041,0.041,000,0.82
2014-02-03,0.041,0.041,0.041,0.041,000,0.82
2014-01-31,0.041,0.041,0.041,0.041,000,0.82
2014-01-30,0.041,0.041,0.041,0.041,000,0.82
2014-01-29,0.041,0.041,0.041,0.041,000,0.82
2014-01-28,0.041,0.041,0.041,0.041,000,0.82
2014-01-27,0.041,0.041,0.041,0.041,000,0.82
2014-01-24,0.041,0.041,0.041,0.041,000,0.82
2014-01-23,0.041,0.041,0.041,0.041,000,0.82
2014-01-22,0.041,0.041,0.041,0.041,000,0.82
2014-01-21,0.041,0.041,0.041,0.041,000,0.82
2014-01-17,0.041,0.041,0.041,0.041,000,0.82
2014-01-16,0.041,0.041,0.041,0.041,000,0.82
2014-01-15,0.041,0.041,0.041,0.041,000,0.82
2014-01-14,0.041,0.041,0.041,0.041,000,0.82
2014-01-13,0.041,0.041,0.041,0.041,000,0.82
2014-01-10,0.041,0.041,0.041,0.041,000,0.82
2014-01-09,0.041,0.041,0.041,0.041,000,0.82
2014-01-08,0.041,0.041,0.041,0.041,2300,0.82
2014-01-07,0.042,0.042,0.042,0.042,000,0.84
2014-01-06,0.045,0.045,0.042,0.042,4200,0.84
2014-01-03,0.045,0.045,0.045,0.045,000,0.90
2014-01-02,0.05,0.05,0.045,0.045,5200,0.90
2013-12-31,0.03,0.03,0.03,0.03,000,0.60
2013-12-30,0.03,0.03,0.03,0.03,000,0.60
2013-12-27,0.03,0.03,0.03,0.03,000,0.60
2013-12-26,0.03,0.03,0.03,0.03,000,0.60
2013-12-24,0.03,0.03,0.03,0.03,000,0.60
2013-12-23,0.03,0.03,0.03,0.03,000,0.60
2013-12-20,0.03,0.03,0.03,0.03,000,0.60
2013-12-19,0.03,0.03,0.03,0.03,000,0.60
2013-12-18,0.03,0.03,0.03,0.03,000,0.60
2013-12-17,0.03,0.03,0.03,0.03,000,0.60
2013-12-16,0.03,0.03,0.03,0.03,000,0.60
2013-12-13,0.03,0.03,0.03,0.03,000,0.60
2013-12-12,0.03,0.03,0.03,0.03,000,0.60
2013-12-11,0.03,0.03,0.03,0.03,000,0.60
2013-12-10,0.03,0.03,0.03,0.03,000,0.60
2013-12-09,0.03,0.03,0.03,0.03,000,0.60
2013-12-06,0.03,0.03,0.03,0.03,000,0.60
2013-12-05,0.03,0.03,0.03,0.03,000,0.60
2013-12-04,0.03,0.03,0.03,0.03,000,0.60
2013-12-03,0.03,0.03,0.03,0.03,100,0.60
2013-12-02,0.031,0.031,0.031,0.031,000,0.62
2013-11-29,0.031,0.031,0.031,0.031,000,0.62
2013-11-27,0.031,0.031,0.031,0.031,000,0.62
2013-11-26,0.031,0.031,0.031,0.031,000,0.62
2013-11-25,0.031,0.031,0.031,0.031,000,0.62
2013-11-22,0.031,0.031,0.031,0.031,000,0.62
2013-11-21,0.031,0.031,0.031,0.031,000,0.62
2013-11-20,0.031,0.031,0.031,0.031,000,0.62
2013-11-19,0.031,0.031,0.031,0.031,000,0.62
2013-11-18,0.041,0.041,0.041,0.041,000,0.82
2013-11-15,0.041,0.041,0.041,0.041,000,0.82
2013-11-14,0.041,0.041,0.041,0.041,000,0.82
2013-11-13,0.041,0.041,0.041,0.041,000,0.82
2013-11-12,0.041,0.041,0.041,0.041,000,0.82
2013-11-11,0.041,0.041,0.041,0.041,000,0.82
2013-11-08,0.041,0.041,0.041,0.041,000,0.82
2013-11-07,0.041,0.041,0.041,0.041,000,0.82
2013-11-06,0.041,0.041,0.041,0.041,000,0.82
2013-11-05,0.041,0.041,0.041,0.041,000,0.82
2013-11-04,0.041,0.041,0.041,0.041,000,0.82
2013-11-01,0.041,0.041,0.041,0.041,000,0.82
2013-10-31,0.041,0.041,0.041,0.041,000,0.82
2013-10-30,0.041,0.041,0.041,0.041,000,0.82
2013-10-29,0.041,0.041,0.041,0.041,000,0.82
2013-10-28,0.041,0.041,0.041,0.041,000,0.82
2013-10-25,0.041,0.041,0.041,0.041,200,0.82
2013-10-24,0.05,0.05,0.05,0.05,000,1.00
2013-10-23,0.05,0.05,0.05,0.05,000,1.00
2013-10-22,0.05,0.05,0.05,0.05,000,1.00
2013-10-21,0.05,0.05,0.05,0.05,000,1.00
2013-10-18,0.05,0.05,0.05,0.05,400,1.00
2013-10-17,0.058,0.058,0.058,0.058,000,1.16
2013-10-16,0.058,0.058,0.058,0.058,000,1.16
2013-10-15,0.058,0.058,0.058,0.058,000,1.16
2013-10-14,0.058,0.058,0.058,0.058,000,1.16
2013-10-11,0.058,0.058,0.058,0.058,200,1.16
2013-10-10,0.031,0.031,0.031,0.031,000,0.62
2013-10-09,0.031,0.031,0.031,0.031,000,0.62
2013-10-08,0.031,0.031,0.031,0.031,000,0.62
2013-10-07,0.031,0.031,0.031,0.031,000,0.62
2013-10-04,0.031,0.031,0.031,0.031,000,0.62
2013-10-03,0.031,0.031,0.031,0.031,000,0.62
2013-10-02,0.031,0.031,0.031,0.031,000,0.62
2013-10-01,0.031,0.031,0.031,0.031,000,0.62
2013-09-30,0.031,0.031,0.031,0.031,000,0.62
2013-09-27,0.031,0.031,0.031,0.031,000,0.62
2013-09-26,0.031,0.031,0.031,0.031,000,0.62
2013-09-25,0.031,0.031,0.031,0.031,000,0.62
2013-09-24,0.031,0.031,0.031,0.031,000,0.62
2013-09-23,0.031,0.031,0.031,0.031,000,0.62
2013-09-20,0.031,0.031,0.031,0.031,000,0.62
2013-09-19,0.031,0.031,0.031,0.031,000,0.62
2013-09-18,0.031,0.031,0.031,0.031,000,0.62
2013-09-17,0.031,0.031,0.031,0.031,000,0.62
2013-09-16,0.031,0.031,0.031,0.031,000,0.62
2013-09-13,0.031,0.031,0.031,0.031,000,0.62
2013-09-12,0.031,0.031,0.031,0.031,000,0.62
2013-09-11,0.031,0.031,0.031,0.031,000,0.62
2013-09-10,0.031,0.031,0.031,0.031,000,0.62
2013-09-09,0.031,0.031,0.031,0.031,000,0.62
2013-09-06,0.031,0.031,0.031,0.031,000,0.62
2013-09-05,0.031,0.031,0.031,0.031,000,0.62
2013-09-04,0.031,0.031,0.031,0.031,000,0.62
2013-09-03,0.031,0.031,0.031,0.031,000,0.62
2013-08-30,0.031,0.031,0.031,0.031,000,0.62
2013-08-29,0.031,0.031,0.031,0.031,000,0.62
2013-08-28,0.031,0.031,0.031,0.031,000,0.62
2013-08-27,0.031,0.031,0.031,0.031,000,0.62
2013-08-26,0.031,0.031,0.031,0.031,000,0.62
2013-08-23,0.031,0.031,0.031,0.031,000,0.62
2013-08-22,0.031,0.031,0.031,0.031,000,0.62
2013-08-21,0.031,0.031,0.031,0.031,000,0.62
2013-08-20,0.031,0.031,0.031,0.031,000,0.62
2013-08-19,0.031,0.031,0.031,0.031,000,0.62
2013-08-16,0.031,0.031,0.031,0.031,000,0.62
2013-08-15,0.031,0.031,0.031,0.031,000,0.62
2013-08-14,0.031,0.031,0.031,0.031,000,0.62
2013-08-13,0.031,0.031,0.031,0.031,000,0.62
2013-08-12,0.031,0.031,0.031,0.031,000,0.62
2013-08-09,0.031,0.031,0.031,0.031,000,0.62
2013-08-08,0.031,0.031,0.031,0.031,000,0.62
2013-08-07,0.031,0.031,0.031,0.031,000,0.62
2013-08-06,0.031,0.031,0.031,0.031,000,0.62
2013-08-05,0.031,0.031,0.031,0.031,000,0.62
2013-08-02,0.031,0.031,0.031,0.031,000,0.62
2013-08-01,0.031,0.031,0.031,0.031,000,0.62
2013-07-31,0.031,0.031,0.031,0.031,000,0.62
2013-07-30,0.031,0.031,0.031,0.031,000,0.62
2013-07-29,0.031,0.031,0.031,0.031,000,0.62
2013-07-26,0.031,0.031,0.031,0.031,000,0.62
2013-07-25,0.031,0.031,0.031,0.031,000,0.62
2013-07-24,0.031,0.031,0.031,0.031,000,0.62
2013-07-23,0.031,0.031,0.031,0.031,000,0.62
2013-07-22,0.031,0.031,0.031,0.031,000,0.62
2013-07-19,0.031,0.031,0.031,0.031,000,0.62
2013-07-18,0.031,0.031,0.031,0.031,000,0.62
2013-07-17,0.031,0.031,0.031,0.031,000,0.62
2013-07-16,0.031,0.031,0.031,0.031,000,0.62
2013-07-15,0.031,0.031,0.031,0.031,000,0.62
2013-07-12,0.031,0.031,0.031,0.031,000,0.62
2013-07-11,0.031,0.031,0.031,0.031,000,0.62
2013-07-10,0.031,0.031,0.031,0.031,000,0.62
2013-07-09,0.031,0.031,0.031,0.031,000,0.62
2013-07-08,0.031,0.031,0.031,0.031,000,0.62
2013-07-05,0.031,0.031,0.031,0.031,000,0.62
2013-07-03,0.031,0.031,0.031,0.031,000,0.62
2013-07-02,0.031,0.031,0.031,0.031,000,0.62
2013-07-01,0.031,0.031,0.031,0.031,000,0.62
2013-06-28,0.031,0.031,0.031,0.031,000,0.62
2013-06-27,0.031,0.031,0.031,0.031,000,0.62
2013-06-26,0.031,0.031,0.031,0.031,1000,0.62
2013-06-25,0.05,0.05,0.05,0.05,000,1.00
2013-06-24,0.05,0.05,0.05,0.05,000,1.00
2013-06-21,0.05,0.05,0.05,0.05,000,1.00
2013-06-20,0.05,0.05,0.05,0.05,000,1.00
2013-06-19,0.05,0.05,0.05,0.05,000,1.00
2013-06-18,0.05,0.05,0.05,0.05,000,1.00
2013-06-17,0.05,0.05,0.05,0.05,000,1.00
2013-06-14,0.05,0.05,0.05,0.05,000,1.00
2013-06-13,0.05,0.05,0.05,0.05,000,1.00
2013-06-12,0.05,0.05,0.05,0.05,000,1.00
2013-06-11,0.05,0.05,0.05,0.05,000,1.00
2013-06-10,0.05,0.05,0.05,0.05,000,1.00
2013-06-07,0.05,0.05,0.05,0.05,000,1.00
2013-06-06,0.05,0.05,0.05,0.05,000,1.00
2013-06-05,0.05,0.05,0.05,0.05,000,1.00
2013-06-04,0.05,0.05,0.05,0.05,000,1.00
2013-06-03,0.05,0.05,0.05,0.05,000,1.00
2013-05-31,0.05,0.05,0.05,0.05,000,1.00
2013-05-30,0.05,0.05,0.05,0.05,000,1.00
2013-05-29,0.05,0.05,0.05,0.05,000,1.00
2013-05-28,0.05,0.05,0.05,0.05,17800,1.00
2013-05-24,0.15,0.15,0.15,0.15,000,3.00
2013-05-23,0.15,0.15,0.15,0.15,000,3.00
2013-05-22,0.15,0.15,0.15,0.15,000,3.00
2013-05-21,0.15,0.15,0.15,0.15,000,3.00
2013-05-20,0.15,0.15,0.15,0.15,000,3.00
2013-05-17,0.15,0.15,0.15,0.15,000,3.00
2013-05-16,0.15,0.15,0.15,0.15,000,3.00
2013-05-15,0.15,0.15,0.15,0.15,000,3.00
2013-05-14,0.15,0.15,0.15,0.15,000,3.00
2013-05-13,0.15,0.15,0.15,0.15,000,3.00
2013-05-10,0.15,0.15,0.15,0.15,000,3.00
2013-05-09,0.15,0.15,0.15,0.15,000,3.00
2013-05-08,0.15,0.15,0.15,0.15,000,3.00
2013-05-07,0.15,0.15,0.15,0.15,000,3.00
2013-05-06,0.15,0.15,0.15,0.15,000,3.00
2013-05-03,0.15,0.15,0.15,0.15,000,3.00
2013-05-02,0.15,0.15,0.15,0.15,000,3.00
2013-05-01,0.15,0.15,0.15,0.15,000,3.00
2013-04-30,0.15,0.15,0.15,0.15,000,3.00
2013-04-29,0.15,0.15,0.15,0.15,000,3.00
2013-04-26,0.15,0.15,0.15,0.15,000,3.00
2013-04-25,0.15,0.15,0.15,0.15,000,3.00
2013-04-24,0.15,0.15,0.15,0.15,000,3.00
2013-04-23,0.15,0.15,0.15,0.15,000,3.00
2013-04-22,0.15,0.15,0.15,0.15,000,3.00
2013-04-19,0.15,0.15,0.15,0.15,000,3.00
2013-04-18,0.15,0.15,0.15,0.15,000,3.00
2013-04-17,0.15,0.15,0.15,0.15,000,3.00
2013-04-16,0.15,0.15,0.15,0.15,000,3.00
2013-04-15,0.15,0.15,0.15,0.15,000,3.00
2013-04-12,0.15,0.15,0.15,0.15,000,3.00
2013-04-11,0.15,0.15,0.15,0.15,000,3.00
2013-04-10,0.15,0.15,0.15,0.15,000,3.00
2013-04-09,0.15,0.15,0.15,0.15,000,3.00
2013-04-08,0.15,0.15,0.15,0.15,000,3.00
2013-04-05,0.15,0.15,0.15,0.15,000,3.00
2013-04-04,0.15,0.15,0.15,0.15,000,3.00
2013-04-03,0.15,0.15,0.15,0.15,000,3.00
2013-04-02,0.15,0.15,0.15,0.15,000,3.00
2013-04-01,0.15,0.15,0.15,0.15,000,3.00
2013-03-28,0.15,0.15,0.15,0.15,000,3.00
2013-03-27,0.15,0.15,0.15,0.15,000,3.00
2013-03-26,0.15,0.15,0.15,0.15,000,3.00
2013-03-25,0.15,0.15,0.15,0.15,000,3.00
2013-03-22,0.15,0.15,0.15,0.15,000,3.00
2013-03-21,0.15,0.15,0.15,0.15,000,3.00
2013-03-20,0.15,0.15,0.15,0.15,000,3.00
2013-03-19,0.15,0.15,0.15,0.15,000,3.00
2013-03-18,0.15,0.15,0.15,0.15,000,3.00
2013-03-15,0.15,0.15,0.15,0.15,000,3.00
2013-03-14,0.15,0.15,0.15,0.15,000,3.00
2013-03-13,0.15,0.15,0.15,0.15,000,3.00
2013-03-12,0.15,0.15,0.15,0.15,000,3.00
2013-03-11,0.15,0.15,0.15,0.15,000,3.00
2013-03-08,0.15,0.15,0.15,0.15,000,3.00
2013-03-07,0.15,0.15,0.15,0.15,000,3.00
2013-03-06,0.15,0.15,0.15,0.15,000,3.00
2013-03-05,0.15,0.15,0.15,0.15,000,3.00
2013-03-04,0.15,0.15,0.15,0.15,000,3.00
2013-03-01,0.15,0.15,0.15,0.15,000,3.00
2013-02-28,0.15,0.15,0.15,0.15,000,3.00
2013-02-27,0.15,0.15,0.15,0.15,000,3.00
2013-02-26,0.15,0.15,0.15,0.15,000,3.00
2013-02-25,0.15,0.15,0.15,0.15,000,3.00
2013-02-22,0.15,0.15,0.15,0.15,000,3.00
2013-02-21,0.15,0.15,0.15,0.15,000,3.00
2013-02-20,0.15,0.15,0.15,0.15,000,3.00
2013-02-19,0.15,0.15,0.15,0.15,000,3.00
2013-02-15,0.15,0.15,0.15,0.15,000,3.00
2013-02-14,0.15,0.15,0.15,0.15,000,3.00
2013-02-13,0.15,0.15,0.15,0.15,000,3.00
2013-02-12,0.15,0.15,0.15,0.15,000,3.00
2013-02-11,0.15,0.15,0.15,0.15,000,3.00
2013-02-08,0.15,0.15,0.15,0.15,000,3.00
2013-02-07,0.15,0.15,0.15,0.15,000,3.00
2013-02-06,0.15,0.15,0.15,0.15,000,3.00
2013-02-05,0.15,0.15,0.15,0.15,000,3.00
2013-02-04,0.15,0.15,0.15,0.15,000,3.00
2013-02-01,0.15,0.15,0.15,0.15,000,3.00
2013-01-31,0.15,0.15,0.15,0.15,000,3.00
2013-01-30,0.15,0.15,0.15,0.15,000,3.00
2013-01-29,0.15,0.15,0.15,0.15,000,3.00
2013-01-28,0.15,0.15,0.15,0.15,000,3.00
2013-01-25,0.15,0.15,0.15,0.15,000,3.00
2013-01-24,0.15,0.15,0.15,0.15,000,3.00
2013-01-23,0.15,0.15,0.15,0.15,000,3.00
2013-01-22,0.15,0.15,0.15,0.15,000,3.00
2013-01-18,0.15,0.15,0.15,0.15,000,3.00
2013-01-17,0.15,0.15,0.15,0.15,000,3.00
2013-01-16,0.15,0.15,0.15,0.15,000,3.00
2013-01-15,0.15,0.15,0.15,0.15,000,3.00
2013-01-14,0.15,0.15,0.15,0.15,000,3.00
2013-01-11,0.15,0.15,0.15,0.15,800,3.00
2013-01-10,0.14,0.14,0.14,0.14,000,2.80
2013-01-09,0.14,0.14,0.14,0.14,000,2.80
2013-01-08,0.14,0.14,0.14,0.14,000,2.80
2013-01-07,0.14,0.14,0.14,0.14,000,2.80
2013-01-04,0.14,0.14,0.14,0.14,000,2.80
2013-01-03,0.14,0.14,0.14,0.14,000,2.80
2013-01-02,0.14,0.14,0.14,0.14,000,2.80
2012-12-31,0.14,0.14,0.14,0.14,000,2.80
2012-12-28,0.14,0.14,0.14,0.14,000,2.80
2012-12-27,0.14,0.14,0.14,0.14,000,2.80
2012-12-26,0.14,0.14,0.14,0.14,000,2.80
2012-12-24,0.14,0.14,0.14,0.14,000,2.80
2012-12-21,0.14,0.14,0.14,0.14,000,2.80
2012-12-20,0.14,0.14,0.14,0.14,000,2.80
2012-12-19,0.14,0.14,0.14,0.14,000,2.80
2012-12-18,0.14,0.14,0.14,0.14,000,2.80
2012-12-17,0.14,0.14,0.14,0.14,000,2.80
2012-12-14,0.14,0.14,0.14,0.14,000,2.80
2012-12-13,0.14,0.14,0.14,0.14,000,2.80
2012-12-12,0.14,0.14,0.14,0.14,000,2.80
2012-12-11,0.14,0.14,0.14,0.14,000,2.80
2012-12-10,0.14,0.14,0.14,0.14,000,2.80
2012-12-07,0.14,0.14,0.14,0.14,000,2.80
2012-12-06,0.14,0.14,0.14,0.14,000,2.80
2012-12-05,0.14,0.14,0.14,0.14,000,2.80
2012-12-04,0.14,0.14,0.14,0.14,000,2.80
2012-12-03,0.14,0.14,0.14,0.14,000,2.80
2012-11-30,0.14,0.14,0.14,0.14,000,2.80
2012-11-29,0.14,0.14,0.14,0.14,000,2.80
2012-11-28,0.14,0.14,0.14,0.14,000,2.80
2012-11-27,0.14,0.14,0.14,0.14,000,2.80
2012-11-26,0.14,0.14,0.14,0.14,000,2.80
2012-11-23,0.14,0.14,0.14,0.14,000,2.80
2012-11-21,0.14,0.14,0.14,0.14,000,2.80
2012-11-20,0.14,0.14,0.14,0.14,000,2.80
2012-11-19,0.14,0.14,0.14,0.14,000,2.80
2012-11-16,0.14,0.14,0.14,0.14,000,2.80
2012-11-15,0.14,0.14,0.14,0.14,000,2.80
2012-11-14,0.14,0.14,0.14,0.14,000,2.80
2012-11-13,0.14,0.14,0.14,0.14,000,2.80
2012-11-12,0.14,0.14,0.14,0.14,000,2.80
2012-11-09,0.14,0.14,0.14,0.14,000,2.80
2012-11-08,0.14,0.14,0.14,0.14,000,2.80
2012-11-07,0.14,0.14,0.14,0.14,000,2.80
2012-11-06,0.14,0.14,0.14,0.14,000,2.80
2012-11-05,0.14,0.14,0.14,0.14,000,2.80
2012-11-02,0.14,0.14,0.14,0.14,000,2.80
2012-11-01,0.14,0.14,0.14,0.14,000,2.80
2012-10-31,0.14,0.14,0.14,0.14,000,2.80
2012-10-26,0.14,0.14,0.14,0.14,000,2.80
2012-10-25,0.14,0.14,0.14,0.14,000,2.80
2012-10-24,0.14,0.14,0.14,0.14,000,2.80
2012-10-23,0.14,0.14,0.14,0.14,000,2.80
2012-10-22,0.14,0.14,0.14,0.14,000,2.80
2012-10-19,0.14,0.14,0.14,0.14,000,2.80
2012-10-18,0.14,0.14,0.14,0.14,000,2.80
2012-10-17,0.14,0.14,0.14,0.14,000,2.80
2012-10-16,0.14,0.14,0.14,0.14,000,2.80
2012-10-15,0.14,0.14,0.14,0.14,000,2.80
2012-10-12,0.14,0.14,0.14,0.14,000,2.80
2012-10-11,0.14,0.14,0.14,0.14,000,2.80
2012-10-10,0.14,0.14,0.14,0.14,000,2.80
2012-10-09,0.14,0.14,0.14,0.14,000,2.80
2012-10-08,0.14,0.14,0.14,0.14,000,2.80
2012-10-05,0.14,0.14,0.14,0.14,000,2.80
2012-10-04,0.14,0.14,0.14,0.14,000,2.80
2012-10-03,0.14,0.14,0.14,0.14,000,2.80
2012-10-02,0.14,0.14,0.14,0.14,000,2.80
2012-10-01,0.14,0.14,0.14,0.14,000,2.80
2012-09-28,0.14,0.14,0.14,0.14,000,2.80
2012-09-27,0.14,0.14,0.14,0.14,000,2.80
2012-09-26,0.14,0.14,0.14,0.14,000,2.80
2012-09-25,0.14,0.14,0.14,0.14,000,2.80
